-443803.76,-1172319.22,351.11
-443804.33,-1172319.01,351.12
-443804.44,-1172317.44,351.19
-443803.95,-1172317.54,351.19
-443803.28,-1172317.60,351.17
-443803.01,-1172319.14,351.10
-443802.84,-1172319.13,351.10
-443803.05,-1172317.60,351.16
-443805.14,-1172318.85,351.13
-443802.65,-1172319.12,351.05
-443804.88,-1172317.45,351.19
-443804.99,-1172317.46,351.19
-443802.62,-1172317.57,351.12
-443805.25,-1172318.84,351.13
-443802.19,-1172318.43,350.94
-443805.41,-1172317.60,351.18
-443802.43,-1172317.57,351.09
-443805.78,-1172318.33,351.15
-443801.89,-1172317.93,350.93
-443805.65,-1172318.74,351.14
-443805.77,-1172318.42,351.15

