-443830.01,-1172396.07,348.37
-443829.96,-1172395.23,348.38
-443830.04,-1172396.31,348.37
-443830.05,-1172396.50,348.37
-443827.72,-1172396.12,348.38
-443827.82,-1172396.78,348.38
-443827.62,-1172394.34,348.39
-443827.61,-1172394.54,348.39
-443830.02,-1172397.18,348.37
-443828.35,-1172397.62,348.38
-443829.23,-1172397.41,348.37
-443829.90,-1172393.89,348.39
-443827.75,-1172394.02,348.39
-443828.60,-1172393.71,348.39
-443829.89,-1172393.69,348.40
-443829.12,-1172393.47,348.39
-443829.63,-1172393.30,348.39
-443828.25,-1172397.62,348.38
-443828.28,-1172397.64,348.38
-443829.70,-1172393.30,348.39

