-443779.35,-1172316.91,359.74
-443779.47,-1172316.60,359.85
-443779.41,-1172317.78,359.04
-443779.53,-1172317.45,359.30
-443779.75,-1172316.90,359.72
-443780.00,-1172316.27,359.98
-443780.11,-1172315.97,360.11
-443779.63,-1172318.76,358.52
-443779.86,-1172318.16,358.85
-443779.98,-1172317.87,359.01
-443780.32,-1172316.99,359.58
-443780.44,-1172316.69,359.75
-443780.55,-1172316.39,359.96
-443780.78,-1172315.81,360.29
-443780.90,-1172315.50,360.50
-443781.02,-1172315.20,360.59
-443779.60,-1172319.73,357.95
-443779.72,-1172319.42,358.10
-443779.95,-1172318.84,358.41
-443780.30,-1172317.95,358.93
-443780.41,-1172317.65,359.10
-443780.64,-1172317.06,359.54
-443780.75,-1172316.79,359.68
-443780.99,-1172316.18,360.08
-443781.10,-1172315.91,360.27
-443781.45,-1172315.00,360.75
-443780.17,-1172319.53,357.98
-443780.29,-1172319.23,358.14
-443780.40,-1172318.94,358.29
-443780.64,-1172318.33,358.72
-443780.87,-1172317.74,359.02
-443781.34,-1172316.55,359.77
-443781.79,-1172315.39,360.52
-443782.13,-1172314.51,360.93
-443782.47,-1172316.07,359.99
-443782.71,-1172315.46,360.32
-443782.94,-1172314.86,360.76
-443780.29,-1172320.26,357.69
-443780.41,-1172319.97,357.81
-443780.53,-1172319.65,357.90
-443780.99,-1172318.47,358.57
-443781.11,-1172318.17,358.76
-443781.22,-1172317.88,358.95
-443781.81,-1172316.37,359.78
-443781.93,-1172316.07,360.00
-443782.38,-1172314.91,360.78
-443782.49,-1172314.62,360.88
-443782.00,-1172318.15,358.71
-443782.23,-1172317.55,359.08
-443782.36,-1172317.23,359.27
-443782.81,-1172316.07,359.93
-443782.93,-1172315.77,360.11
-443783.04,-1172315.47,360.33
-443780.95,-1172319.96,357.77
-443781.18,-1172319.36,357.98
-443781.31,-1172319.04,358.16
-443781.43,-1172318.74,358.30
-443781.54,-1172318.44,358.48
-443781.66,-1172318.13,358.72
-443781.89,-1172317.56,359.09
-443782.00,-1172317.28,359.30
-443782.12,-1172316.97,359.44
-443782.24,-1172316.66,359.64
-443783.57,-1172315.39,360.35
-443783.68,-1172315.10,360.48
-443783.79,-1172314.81,360.67
-443783.91,-1172314.51,360.80
-443781.18,-1172320.26,357.62
-443781.29,-1172319.95,357.73
-443781.41,-1172319.65,357.86
-443781.65,-1172319.04,358.15
-443781.76,-1172318.76,358.27
-443784.39,-1172314.36,360.91
-443781.71,-1172320.14,357.58
-443781.95,-1172319.54,357.91
-443782.06,-1172319.26,358.02
-443782.17,-1172318.98,358.18
-443782.29,-1172318.66,358.30
-443782.40,-1172318.38,358.55
-443782.64,-1172317.76,358.94
-443783.10,-1172316.59,359.64
-443783.34,-1172315.98,360.00
-443783.06,-1172319.14,358.01
-443783.87,-1172317.08,359.28
-443784.10,-1172316.50,359.61
-443784.20,-1172316.23,359.75
-443784.33,-1172315.90,359.97
-443784.56,-1172315.31,360.30
-443784.90,-1172314.45,360.77
-443782.19,-1172320.00,357.58
-443782.42,-1172319.39,357.94
-443782.65,-1172318.83,358.20
-443782.76,-1172318.53,358.39
-443782.88,-1172318.23,358.59
-443782.99,-1172317.94,358.88
-443783.11,-1172317.65,358.97
-443783.45,-1172316.77,359.50
-443783.57,-1172316.46,359.68
-443783.69,-1172316.16,359.86
-443783.80,-1172315.88,360.01
-443783.92,-1172315.58,360.23
-443784.04,-1172315.26,360.35
-443784.16,-1172314.95,360.57
-443784.27,-1172314.66,360.72
-443783.26,-1172319.53,357.83
-443783.38,-1172319.23,357.95
-443783.48,-1172318.95,358.02
-443784.08,-1172317.44,359.14
-443784.19,-1172317.14,359.25
-443784.31,-1172316.84,359.39
-443784.42,-1172316.56,359.51
-443784.53,-1172316.27,359.72
-443784.65,-1172315.97,359.87
-443784.87,-1172315.39,360.28
-443785.10,-1172314.80,360.59
-443785.22,-1172314.51,360.76
-443784.05,-1172318.63,358.09
-443784.51,-1172317.43,359.09
-443784.63,-1172317.12,359.25
-443784.74,-1172316.84,359.38
-443784.87,-1172316.53,359.54
-443784.98,-1172316.24,359.67
-443785.10,-1172315.93,359.84
-443785.32,-1172315.37,360.26
-443785.43,-1172315.08,360.40
-443785.66,-1172314.49,360.72
-443785.77,-1172314.20,360.83
-443784.66,-1172319.03,357.94
-443784.89,-1172318.44,358.23
-443785.02,-1172318.13,358.45
-443785.25,-1172317.53,358.88
-443785.60,-1172316.64,359.43
-443785.71,-1172316.35,359.58
-443786.17,-1172315.15,360.31
-443786.42,-1172314.54,360.74
-443786.53,-1172314.24,360.87
-443786.65,-1172313.94,360.95
-443783.97,-1172319.77,357.56
-443784.10,-1172319.46,357.79
-443784.22,-1172319.14,357.94
-443785.03,-1172317.07,359.22
-443785.14,-1172316.79,359.41
-443785.14,-1172316.79,359.41
-443785.38,-1172316.16,359.72
-443785.50,-1172315.87,359.84
-443785.61,-1172315.58,360.05
-443785.96,-1172314.68,360.61
-443786.07,-1172314.40,360.75
-443786.19,-1172314.09,360.88
-443784.78,-1172319.39,357.85
-443784.89,-1172319.10,357.93
-443785.23,-1172318.22,358.35
-443786.05,-1172316.12,359.68
-443786.51,-1172314.94,360.46
-443786.63,-1172314.65,360.69
-443786.86,-1172314.05,360.94
-443786.22,-1172317.69,358.87
-443786.33,-1172317.40,358.98
-443786.56,-1172316.81,359.28
-443787.02,-1172315.63,359.98
-443787.26,-1172315.02,360.34
-443785.56,-1172318.35,358.44
-443785.67,-1172318.06,358.53
-443785.90,-1172317.47,358.91
-443786.02,-1172317.18,359.10
-443786.14,-1172316.86,359.26
-443786.26,-1172316.56,359.46
-443786.37,-1172316.28,359.57
-443786.48,-1172315.98,359.76
-443786.60,-1172315.68,359.95
-443786.72,-1172315.37,360.17
-443786.84,-1172315.07,360.36
-443787.08,-1172314.46,360.75
-443788.02,-1172315.43,360.24
-443788.25,-1172314.84,360.49
-443787.81,-1172314.97,360.38
-443787.93,-1172314.67,360.56
-443788.05,-1172314.37,360.72
-443781.29,-1172314.82,360.81
-443781.05,-1172315.03,360.64
-443780.56,-1172315.44,360.50
-443782.32,-1172314.42,360.96
-443782.07,-1172314.63,360.93
-443781.83,-1172314.83,360.83
-443781.60,-1172315.04,360.75
-443781.35,-1172315.24,360.62
-443781.10,-1172315.45,360.50
-443780.85,-1172315.67,360.40
-443780.60,-1172315.88,360.25
-443780.35,-1172316.09,360.11
-443780.11,-1172316.29,359.98
-443779.88,-1172316.49,359.88
-443779.64,-1172316.68,359.86
-443779.39,-1172316.90,359.75
-443782.99,-1172314.35,360.90
-443782.75,-1172314.56,360.87
-443782.49,-1172314.78,360.83
-443782.27,-1172314.96,360.77
-443781.77,-1172315.39,360.52
-443781.54,-1172315.58,360.40
-443781.30,-1172315.78,360.31
-443781.04,-1172316.00,360.21
-443780.80,-1172316.21,360.02
-443780.57,-1172316.39,359.95
-443780.33,-1172316.60,359.80
-443780.07,-1172316.82,359.74
-443779.82,-1172317.04,359.67
-443779.58,-1172317.24,359.56
-443783.08,-1172314.63,360.81
-443782.83,-1172314.84,360.77
-443782.59,-1172315.04,360.70
-443781.88,-1172315.64,360.32
-443781.64,-1172315.85,360.20
-443781.40,-1172316.05,360.10
-443780.68,-1172316.66,359.72
-443780.43,-1172316.87,359.65
-443780.18,-1172317.09,359.52
-443779.71,-1172317.48,359.26
-443779.46,-1172317.69,359.14
-443784.22,-1172314.26,360.91
-443783.97,-1172314.48,360.82
-443783.49,-1172314.89,360.58
-443783.24,-1172315.09,360.52
-443782.99,-1172315.31,360.42
-443782.74,-1172315.51,360.28
-443782.50,-1172315.72,360.14
-443782.27,-1172315.91,360.10
-443782.02,-1172316.13,359.93
-443781.78,-1172316.33,359.80
-443781.55,-1172316.52,359.71
-443781.32,-1172316.72,359.63
-443781.07,-1172316.93,359.50
-443780.83,-1172317.13,359.48
-443780.60,-1172317.33,359.31
-443780.35,-1172317.54,359.17
-443780.10,-1172317.75,359.03
-443779.87,-1172317.95,358.89
-443779.63,-1172318.15,358.86
-443784.31,-1172314.64,360.73
-443784.05,-1172314.86,360.62
-443783.82,-1172315.05,360.50
-443783.58,-1172315.25,360.38
-443783.35,-1172315.45,360.33
-443783.10,-1172315.66,360.15
-443782.85,-1172315.88,360.01
-443782.62,-1172316.07,359.94
-443782.36,-1172316.28,359.83
-443782.11,-1172316.50,359.70
-443781.87,-1172316.71,359.58
-443781.63,-1172316.90,359.48
-443781.38,-1172317.12,359.36
-443781.15,-1172317.31,359.28
-443780.89,-1172317.53,359.14
-443780.66,-1172317.73,359.03
-443780.42,-1172317.93,358.95
-443780.19,-1172318.13,358.84
-443779.95,-1172318.33,358.77
-443779.70,-1172318.54,358.63
-443779.46,-1172318.74,358.52
-443785.40,-1172314.15,360.88
-443785.16,-1172314.35,360.83
-443784.90,-1172314.57,360.72
-443784.66,-1172314.78,360.63
-443784.43,-1172314.96,360.54
-443784.19,-1172315.17,360.40
-443783.93,-1172315.39,360.33
-443783.68,-1172315.60,360.22
-443783.44,-1172315.81,360.11
-443783.19,-1172316.01,359.99
-443782.94,-1172316.23,359.90
-443782.71,-1172316.42,359.76
-443782.49,-1172316.61,359.64
-443782.23,-1172316.83,359.53
-443781.98,-1172317.04,359.41
-443781.74,-1172317.24,359.29
-443781.50,-1172317.44,359.19
-443781.25,-1172317.66,359.07
-443780.99,-1172317.88,358.94
-443780.76,-1172318.07,358.82
-443780.52,-1172318.28,358.75
-443780.28,-1172318.48,358.66
-443780.02,-1172318.69,358.55
-443779.79,-1172318.89,358.38
-443779.56,-1172319.08,358.28
-443785.66,-1172314.17,360.87
-443785.42,-1172314.38,360.77
-443785.18,-1172314.58,360.72
-443784.95,-1172314.77,360.69
-443784.70,-1172314.99,360.53
-443784.47,-1172315.18,360.40
-443784.21,-1172315.40,360.33
-443783.96,-1172315.61,360.22
-443783.73,-1172315.81,360.11
-443783.50,-1172316.00,360.00
-443783.24,-1172316.21,359.92
-443782.99,-1172316.43,359.78
-443782.74,-1172316.64,359.66
-443782.49,-1172316.85,359.55
-443782.25,-1172317.06,359.42
-443782.01,-1172317.26,359.31
-443781.78,-1172317.46,359.19
-443781.54,-1172317.66,359.10
-443781.29,-1172317.87,358.96
-443781.03,-1172318.09,358.84
-443780.80,-1172318.28,358.76
-443780.56,-1172318.49,358.66
-443780.30,-1172318.71,358.55
-443780.05,-1172318.92,358.39
-443779.81,-1172319.12,358.27
-443779.56,-1172319.33,358.25
-443785.55,-1172314.73,360.62
-443785.32,-1172314.93,360.49
-443785.10,-1172315.12,360.38
-443784.84,-1172315.33,360.28
-443784.37,-1172315.73,360.05
-443784.14,-1172315.93,359.95
-443783.89,-1172316.14,359.83
-443783.64,-1172316.35,359.75
-443783.42,-1172316.54,359.64
-443783.15,-1172316.76,359.54
-443782.91,-1172316.97,359.40
-443782.68,-1172317.17,359.30
-443782.45,-1172317.36,359.22
-443782.19,-1172317.58,359.08
-443781.94,-1172317.79,358.95
-443781.70,-1172317.99,358.84
-443781.45,-1172318.21,358.71
-443780.96,-1172318.62,358.47
-443780.49,-1172319.01,358.25
-443780.23,-1172319.23,358.14
-443779.98,-1172319.44,358.05
-443779.76,-1172319.63,357.98
-443785.19,-1172315.45,360.19
-443784.94,-1172315.67,360.10
-443784.71,-1172315.86,359.95
-443784.47,-1172316.06,359.84
-443784.24,-1172316.26,359.72
-443784.00,-1172316.46,359.63
-443783.75,-1172316.67,359.54
-443783.51,-1172316.88,359.43
-443783.28,-1172317.07,359.27
-443783.03,-1172317.28,359.20
-443782.80,-1172317.48,359.09
-443782.55,-1172317.69,359.00
-443782.29,-1172317.90,358.84
-443782.06,-1172318.10,358.72
-443781.82,-1172318.30,358.59
-443781.57,-1172318.52,358.46
-443781.33,-1172318.72,358.30
-443781.07,-1172318.94,358.25
-443780.83,-1172319.15,358.14
-443780.57,-1172319.36,357.99
-443780.33,-1172319.56,357.95
-443780.09,-1172319.77,357.91
-443779.86,-1172319.96,357.86
-443786.29,-1172314.11,360.88
-443786.05,-1172314.31,360.78
-443785.80,-1172314.53,360.69
-443784.35,-1172316.63,359.49
-443784.10,-1172316.84,359.40
-443783.86,-1172317.04,359.30
-443783.63,-1172317.24,359.22
-443783.39,-1172317.45,359.08
-443783.15,-1172317.65,358.98
-443782.92,-1172317.84,358.91
-443782.68,-1172318.05,358.76
-443782.43,-1172318.26,358.59
-443782.18,-1172318.46,358.45
-443781.95,-1172318.67,358.30
-443781.71,-1172318.86,358.24
-443781.45,-1172319.08,358.12
-443781.21,-1172319.29,358.03
-443780.98,-1172319.49,357.94
-443780.74,-1172319.69,357.86
-443780.48,-1172319.91,357.81
-443780.24,-1172320.11,357.77
-443779.98,-1172320.33,357.71
-443786.89,-1172314.01,360.96
-443786.66,-1172314.21,360.92
-443786.41,-1172314.42,360.75
-443786.16,-1172314.63,360.69
-443785.91,-1172314.85,360.56
-443785.68,-1172315.04,360.44
-443785.42,-1172315.26,360.34
-443783.92,-1172317.37,359.17
-443783.67,-1172317.58,359.07
-443783.18,-1172317.99,358.88
-443782.95,-1172318.19,358.62
-443782.70,-1172318.40,358.45
-443782.46,-1172318.61,358.31
-443782.22,-1172318.80,358.27
-443781.99,-1172319.00,358.16
-443781.75,-1172319.20,358.06
-443781.51,-1172319.41,357.94
-443781.27,-1172319.61,357.87
-443781.04,-1172319.81,357.81
-443780.78,-1172320.02,357.76
-443780.54,-1172320.22,357.69
-443780.29,-1172320.44,357.68
-443787.27,-1172314.16,360.89
-443787.02,-1172314.38,360.75
-443786.77,-1172314.58,360.72
-443786.56,-1172314.77,360.55
-443786.32,-1172314.96,360.42
-443786.07,-1172315.18,360.32
-443785.81,-1172315.40,360.14
-443785.58,-1172315.59,360.04
-443785.07,-1172316.02,359.81
-443784.82,-1172316.23,359.68
-443784.75,-1172317.23,359.18
-443784.50,-1172317.43,359.09
-443783.29,-1172318.46,358.39
-443783.04,-1172318.68,358.20
-443782.79,-1172318.88,358.13
-443782.54,-1172319.09,358.03
-443782.30,-1172319.30,357.98
-443782.07,-1172319.49,357.94
-443781.82,-1172319.70,357.79
-443781.57,-1172319.91,357.75
-443781.34,-1172320.11,357.65
-443781.11,-1172320.31,357.62
-443787.58,-1172314.28,360.82
-443787.35,-1172314.47,360.72
-443786.86,-1172314.88,360.44
-443786.61,-1172315.09,360.37
-443786.36,-1172315.31,360.26
-443786.11,-1172315.51,360.09
-443785.85,-1172315.73,359.94
-443785.63,-1172315.92,359.84
-443785.39,-1172316.12,359.73
-443785.15,-1172316.33,359.64
-443784.91,-1172316.53,359.54
-443784.66,-1172316.74,359.44
-443784.42,-1172316.94,359.34
-443784.17,-1172317.16,359.25
-443785.52,-1172316.99,359.22
-443785.03,-1172317.41,359.08
-443784.78,-1172317.62,358.98
-443783.56,-1172318.65,358.17
-443783.33,-1172318.85,358.08
-443783.07,-1172319.07,358.05
-443782.82,-1172319.28,357.96
-443782.59,-1172319.48,357.87
-443782.33,-1172319.69,357.76
-443782.09,-1172319.90,357.63
-443781.84,-1172320.11,357.58
-443781.60,-1172320.31,357.55
-443788.15,-1172314.35,360.71
-443787.90,-1172314.56,360.58
-443787.67,-1172314.75,360.49
-443787.44,-1172314.96,360.36
-443786.94,-1172315.37,360.17
-443786.70,-1172315.58,359.99
-443786.46,-1172315.78,359.92
-443786.22,-1172315.98,359.76
-443785.97,-1172316.19,359.64
-443785.73,-1172316.40,359.55
-443785.48,-1172316.61,359.43
-443785.23,-1172316.82,359.36
-443784.97,-1172317.04,359.27
-443785.99,-1172317.08,359.14
-443785.76,-1172317.27,359.06
-443785.53,-1172317.47,358.90
-443785.04,-1172317.88,358.66
-443784.79,-1172318.10,358.53
-443784.07,-1172318.70,358.05
-443783.82,-1172318.91,357.96
-443783.56,-1172319.13,357.95
-443783.31,-1172319.35,357.89
-443783.07,-1172319.55,357.80
-443782.82,-1172319.76,357.71
-443782.58,-1172319.97,357.52
-443788.16,-1172314.77,360.51
-443787.93,-1172314.96,360.42
-443787.69,-1172315.16,360.30
-443787.46,-1172315.36,360.17
-443787.21,-1172315.56,360.01
-443786.97,-1172315.77,359.92
-443786.74,-1172315.97,359.78
-443786.48,-1172316.18,359.64
-443786.25,-1172316.38,359.55
-443786.00,-1172316.59,359.43
-443786.85,-1172316.74,359.35
-443786.62,-1172316.93,359.18
-443786.38,-1172317.14,359.11
-443786.14,-1172317.34,358.98
-443785.90,-1172317.55,358.86
-443785.67,-1172317.74,358.78
-443785.43,-1172317.94,358.61
-443785.18,-1172318.16,358.45
-443784.95,-1172318.35,358.27
-443784.71,-1172318.55,358.13
-443784.46,-1172318.76,358.01
-443784.22,-1172318.97,357.94
-443783.98,-1172319.17,357.89
-443783.73,-1172319.38,357.82
-443783.48,-1172319.59,357.75
-443788.16,-1172315.24,360.32
-443787.91,-1172315.45,360.17
-443787.67,-1172315.66,360.01
-443787.44,-1172315.85,359.92
-443787.18,-1172316.07,359.71
-443786.94,-1172316.28,359.58
-443786.72,-1172316.47,359.49
-443786.48,-1172316.66,359.39
-443786.24,-1172316.87,359.21
-443785.57,-1172318.49,358.34
-443785.32,-1172318.70,358.20
-443785.09,-1172318.90,358.00
-443784.87,-1172319.09,357.93
-443784.63,-1172319.28,357.87
-443784.37,-1172319.50,357.74
-443784.13,-1172319.70,357.62
-443787.34,-1172316.32,359.59
-443786.82,-1172314.96,360.42
-443785.35,-1172316.29,359.64
-443784.75,-1172315.42,360.23
-443780.43,-1172319.36,358.02
-443784.32,-1172319.56,357.73
-443784.65,-1172319.26,357.89
-443784.96,-1172318.99,357.96
-443785.27,-1172318.70,358.16
-443785.58,-1172318.42,358.38
-443785.91,-1172318.11,358.59
-443783.96,-1172319.30,357.85
-443784.25,-1172319.04,357.94
-443784.58,-1172318.73,357.98
-443784.91,-1172318.44,358.23
-443785.25,-1172318.13,358.45
-443785.59,-1172317.82,358.66
-443785.91,-1172317.52,358.88
-443786.23,-1172317.23,359.07
-443786.53,-1172316.96,359.19
-443786.83,-1172316.69,359.42
-443787.16,-1172316.38,359.56
-443782.90,-1172319.78,357.67
-443783.22,-1172319.48,357.87
-443783.53,-1172319.20,357.92
-443783.83,-1172318.92,357.96
-443784.80,-1172318.04,358.63
-443785.48,-1172317.42,358.95
-443785.76,-1172317.17,359.12
-443786.42,-1172316.57,359.43
-443786.74,-1172316.28,359.57
-443787.07,-1172315.98,359.76
-443787.71,-1172315.39,360.19
-443788.05,-1172315.08,360.37
-443788.34,-1172314.82,360.49
-443782.29,-1172319.87,357.63
-443782.63,-1172319.56,357.83
-443782.93,-1172319.29,357.98
-443783.25,-1172318.99,358.01
-443783.55,-1172318.72,358.15
-443785.15,-1172317.26,359.09
-443785.44,-1172317.00,359.21
-443785.76,-1172316.71,359.42
-443786.07,-1172316.43,359.54
-443786.40,-1172316.12,359.70
-443786.72,-1172315.84,359.91
-443787.02,-1172315.56,360.03
-443787.68,-1172314.96,360.38
-443788.01,-1172314.66,360.56
-443781.37,-1172320.35,357.58
-443781.69,-1172320.05,357.63
-443782.00,-1172319.78,357.71
-443782.32,-1172319.48,357.88
-443782.64,-1172319.19,357.99
-443782.99,-1172318.88,358.12
-443784.57,-1172317.44,359.09
-443784.89,-1172317.14,359.19
-443785.21,-1172316.86,359.32
-443785.51,-1172316.58,359.47
-443785.81,-1172316.31,359.57
-443786.15,-1172316.00,359.75
-443786.45,-1172315.73,359.94
-443786.76,-1172315.44,360.11
-443787.09,-1172315.14,360.32
-443787.40,-1172314.86,360.43
-443787.73,-1172314.55,360.64
-443788.07,-1172314.25,360.76
-443781.01,-1172320.17,357.68
-443781.31,-1172319.90,357.76
-443781.65,-1172319.59,357.88
-443781.96,-1172319.31,358.01
-443782.26,-1172319.03,358.14
-443782.58,-1172318.74,358.27
-443782.92,-1172318.43,358.43
-443783.23,-1172318.15,358.75
-443784.20,-1172317.27,359.20
-443784.52,-1172316.98,359.32
-443784.82,-1172316.70,359.47
-443785.17,-1172316.38,359.59
-443785.48,-1172316.10,359.72
-443785.79,-1172315.82,359.85
-443786.11,-1172315.53,360.08
-443786.41,-1172315.25,360.29
-443786.72,-1172314.97,360.42
-443787.02,-1172314.70,360.56
-443787.37,-1172314.37,360.75
-443787.68,-1172314.10,360.94
-443787.97,-1172313.83,360.94
-443780.53,-1172320.24,357.69
-443780.86,-1172319.94,357.76
-443781.17,-1172319.65,357.86
-443781.47,-1172319.38,357.94
-443781.80,-1172319.08,358.10
-443782.13,-1172318.78,358.25
-443782.45,-1172318.49,358.40
-443782.78,-1172318.19,358.59
-443783.12,-1172317.88,358.91
-443783.42,-1172317.61,359.02
-443783.73,-1172317.32,359.18
-443784.06,-1172317.02,359.30
-443784.36,-1172316.75,359.43
-443784.69,-1172316.45,359.56
-443785.00,-1172316.17,359.71
-443785.33,-1172315.87,359.84
-443785.67,-1172315.56,360.05
-443785.99,-1172315.26,360.28
-443786.29,-1172314.99,360.40
-443786.63,-1172314.68,360.63
-443786.93,-1172314.41,360.75
-443787.27,-1172314.10,360.89
-443779.79,-1172320.46,357.67
-443780.10,-1172320.18,357.78
-443780.43,-1172319.88,357.84
-443780.76,-1172319.58,357.87
-443781.05,-1172319.31,358.04
-443781.37,-1172319.02,358.15
-443781.69,-1172318.73,358.28
-443782.65,-1172317.86,358.87
-443782.96,-1172317.57,359.05
-443783.60,-1172316.99,359.36
-443783.94,-1172316.68,359.51
-443784.28,-1172316.37,359.64
-443784.60,-1172316.08,359.81
-443784.91,-1172315.80,359.95
-443785.21,-1172315.52,360.14
-443785.53,-1172315.23,360.31
-443785.84,-1172314.95,360.51
-443786.17,-1172314.65,360.67
-443786.49,-1172314.36,360.77
-443786.82,-1172314.06,360.94
-443779.76,-1172320.14,357.80
-443780.06,-1172319.86,357.86
-443780.39,-1172319.56,357.97
-443780.70,-1172319.28,358.07
-443781.01,-1172319.00,358.19
-443781.33,-1172318.71,358.30
-443781.63,-1172318.43,358.50
-443781.95,-1172318.14,358.72
-443782.27,-1172317.85,358.93
-443782.56,-1172317.58,359.05
-443782.90,-1172317.27,359.21
-443783.20,-1172317.00,359.33
-443783.54,-1172316.70,359.54
-443783.87,-1172316.39,359.66
-443784.17,-1172316.12,359.84
-443784.49,-1172315.83,359.95
-443784.81,-1172315.54,360.11
-443785.13,-1172315.24,360.30
-443785.47,-1172314.93,360.47
-443785.80,-1172314.64,360.63
-443786.12,-1172314.34,360.75
-443786.43,-1172314.06,360.89
-443780.13,-1172319.22,358.15
-443780.45,-1172318.93,358.28
-443780.78,-1172318.63,358.48
-443781.10,-1172318.34,358.67
-443781.39,-1172318.08,358.81
-443781.73,-1172317.76,359.02
-443782.05,-1172317.48,359.17
-443782.35,-1172317.20,359.30
-443782.64,-1172316.93,359.42
-443782.97,-1172316.64,359.64
-443783.30,-1172316.34,359.79
-443783.60,-1172316.07,359.94
-443783.91,-1172315.78,360.11
-443784.24,-1172315.48,360.25
-443784.55,-1172315.20,360.40
-443785.20,-1172314.60,360.72
-443785.52,-1172314.32,360.80
-443779.48,-1172319.34,358.16
-443779.78,-1172319.07,358.26
-443780.11,-1172318.77,358.52
-443780.42,-1172318.48,358.66
-443780.75,-1172318.19,358.79
-443781.06,-1172317.90,358.94
-443781.40,-1172317.59,359.09
-443781.72,-1172317.30,359.26
-443782.04,-1172317.01,359.42
-443782.36,-1172316.72,359.56
-443782.67,-1172316.43,359.76
-443783.00,-1172316.14,359.92
-443783.31,-1172315.85,360.11
-443783.61,-1172315.58,360.23
-443783.92,-1172315.30,360.35
-443784.23,-1172315.02,360.51
-443784.56,-1172314.71,360.69
-443784.87,-1172314.44,360.78
-443779.80,-1172319.52,358.03
-443779.58,-1172318.73,358.52
-443779.88,-1172318.46,358.69
-443780.22,-1172318.14,358.84
-443780.53,-1172317.87,358.95
-443780.85,-1172317.57,359.12
-443781.14,-1172317.31,359.28
-443781.48,-1172317.00,359.43
-443781.81,-1172316.70,359.58
-443782.10,-1172316.43,359.72
-443782.42,-1172316.14,359.92
-443782.77,-1172315.82,360.11
-443783.10,-1172315.52,360.27
-443783.41,-1172315.24,360.42
-443783.71,-1172314.96,360.57
-443784.03,-1172314.67,360.69
-443779.50,-1172318.46,358.66
-443779.78,-1172318.21,358.82
-443780.11,-1172317.90,358.97
-443780.44,-1172317.60,359.10
-443780.77,-1172317.30,359.34
-443781.09,-1172317.01,359.48
-443781.43,-1172316.70,359.61
-443781.72,-1172316.43,359.76
-443782.03,-1172316.15,359.92
-443782.34,-1172315.87,360.07
-443782.67,-1172315.57,360.25
-443783.00,-1172315.27,360.44
-443783.31,-1172314.99,360.57
-443783.63,-1172314.70,360.70
-443779.77,-1172317.69,359.14
-443780.40,-1172317.11,359.54
-443780.74,-1172316.81,359.68
-443782.98,-1172314.76,360.78
-443783.30,-1172314.47,360.88
-443779.47,-1172317.10,359.64
-443779.80,-1172316.81,359.77
-443780.14,-1172316.50,359.87
-443780.43,-1172316.23,360.03
-443780.73,-1172315.95,360.24
-443781.03,-1172315.68,360.39
-443781.35,-1172315.39,360.52
-443781.67,-1172315.10,360.70
-443781.98,-1172314.82,360.84
-443782.29,-1172314.53,360.96
-443779.40,-1172317.59,359.16
-443779.72,-1172317.30,359.45
-443780.02,-1172317.03,359.63
-443780.36,-1172316.72,359.74
-443780.66,-1172316.44,359.89
-443780.97,-1172316.16,360.08
-443781.29,-1172315.87,360.27
-443781.60,-1172315.59,360.33
-443781.92,-1172315.30,360.57
-443782.24,-1172315.00,360.76
-443782.56,-1172314.71,360.84
-443782.87,-1172314.43,360.88
-443779.48,-1172316.71,359.80
-443780.77,-1172315.53,360.40
-443781.09,-1172315.24,360.59
-443781.39,-1172314.96,360.77
-443787.95,-1172315.23,360.29
-443787.73,-1172315.83,359.92
-443787.24,-1172314.30,360.85
-443786.08,-1172317.41,358.93
-443785.77,-1172318.24,358.49
-443786.99,-1172315.72,359.92
-443786.67,-1172316.58,359.43
-443786.58,-1172316.83,359.28
-443787.87,-1172314.78,360.51
-443785.83,-1172314.50,360.71
-443785.31,-1172315.90,359.85
-443785.94,-1172315.56,360.06
-443785.61,-1172316.43,359.55
-443785.20,-1172317.55,358.90
-443785.09,-1172317.84,358.73
-443784.98,-1172318.13,358.45
-443784.88,-1172318.39,358.24
-443784.67,-1172318.95,357.97
-443784.56,-1172319.27,357.89
-443784.47,-1172319.50,357.75
-443786.16,-1172315.60,360.03
-443785.85,-1172316.43,359.55
-443785.65,-1172316.96,359.22
-443784.69,-1172319.53,357.75
-443784.56,-1172314.79,360.62
-443784.46,-1172315.07,360.44
-443784.34,-1172315.39,360.29
-443784.25,-1172315.63,360.14
-443784.03,-1172316.21,359.75
-443783.93,-1172316.49,359.61
-443783.72,-1172317.07,359.29
-443783.62,-1172317.33,359.19
-443783.29,-1172318.21,358.62
-443784.11,-1172316.76,359.44
-443783.89,-1172317.36,359.18
-443783.25,-1172319.07,358.01
-443783.14,-1172319.36,357.91
-443785.56,-1172314.49,360.72
-443785.35,-1172315.05,360.43
-443785.04,-1172315.90,359.85
-443783.95,-1172318.81,357.98
-443783.85,-1172319.09,357.90
-443783.09,-1172314.67,360.78
-443782.98,-1172314.98,360.68
-443782.77,-1172315.52,360.27
-443782.46,-1172316.37,359.78
-443782.22,-1172317.00,359.43
-443782.13,-1172317.26,359.29
-443782.02,-1172317.55,359.10
-443781.92,-1172317.82,358.94
-443781.61,-1172318.65,358.36
-443781.39,-1172319.25,358.03
-443783.69,-1172314.75,360.69
-443783.37,-1172315.62,360.23
-443782.84,-1172317.03,359.38
-443782.63,-1172317.60,359.05
-443782.21,-1172318.72,358.28
-443784.14,-1172314.43,360.84
-443782.25,-1172319.51,357.88
-443782.01,-1172314.84,360.83
-443781.68,-1172315.73,360.26
-443781.15,-1172317.14,359.43
-443780.20,-1172319.71,357.94
-443780.08,-1172320.02,357.84
-443782.26,-1172315.01,360.75
-443780.99,-1172318.43,358.61
-443780.77,-1172319.03,358.20
-443780.56,-1172319.59,357.93
-443782.96,-1172314.49,360.88
-443782.64,-1172315.35,360.45
-443782.43,-1172315.93,360.01
-443782.33,-1172316.18,359.88
-443782.22,-1172316.47,359.71
-443782.01,-1172317.04,359.41
-443781.25,-1172319.08,358.13
-443781.16,-1172319.33,358.01
-443781.00,-1172314.76,360.84
-443780.38,-1172316.43,359.94
-443780.27,-1172316.70,359.78
-443780.16,-1172317.00,359.57
-443779.86,-1172317.82,359.01
-443779.74,-1172318.13,358.85
-443779.64,-1172318.39,358.74
-443781.12,-1172315.32,360.55
-443780.07,-1172318.16,358.82
-443783.99,-1172319.75,357.59
-443784.50,-1172319.33,357.86
-443784.77,-1172319.10,357.92
-443785.02,-1172318.90,357.98
-443785.26,-1172318.70,358.16
-443785.51,-1172318.48,358.32
-443785.75,-1172318.28,358.45
-443785.99,-1172318.08,358.64
-443783.59,-1172319.62,357.73
-443783.83,-1172319.41,357.82
-443784.06,-1172319.22,357.87
-443784.30,-1172319.02,357.93
-443784.56,-1172318.81,357.97
-443784.83,-1172318.58,358.12
-443785.08,-1172318.37,358.28
-443785.32,-1172318.18,358.44
-443785.59,-1172317.95,358.61
-443785.85,-1172317.73,358.75
-443786.08,-1172317.54,358.88
-443786.33,-1172317.33,358.99
-443782.64,-1172319.97,357.54
-443782.88,-1172319.77,357.70
-443783.12,-1172319.57,357.80
-443783.39,-1172319.34,357.89
-443783.66,-1172319.12,357.95
-443783.90,-1172318.91,357.97
-443784.66,-1172318.28,358.35
-443784.89,-1172318.09,358.52
-443785.13,-1172317.89,358.66
-443785.65,-1172317.46,358.88
-443785.88,-1172317.26,359.06
-443786.14,-1172317.05,359.14
-443786.40,-1172316.83,359.23
-443786.66,-1172316.61,359.42
-443786.89,-1172316.41,359.53
-443787.16,-1172316.19,359.62
-443787.39,-1172316.00,359.76
-443787.64,-1172315.79,359.92
-443788.12,-1172315.39,360.24
-443785.50,-1172316.61,359.43
-443785.77,-1172316.38,359.55
-443786.02,-1172316.18,359.64
-443786.27,-1172315.96,359.77
-443786.53,-1172315.74,359.94
-443786.77,-1172315.54,360.07
-443787.02,-1172315.34,360.17
-443787.24,-1172315.15,360.28
-443787.50,-1172314.93,360.38
-443787.77,-1172314.71,360.51
-443788.01,-1172314.51,360.66
-443781.66,-1172320.31,357.51
-443781.91,-1172320.11,357.56
-443782.16,-1172319.90,357.63
-443782.40,-1172319.70,357.76
-443782.64,-1172319.49,357.87
-443782.90,-1172319.28,357.98
-443783.14,-1172319.08,358.02
-443783.40,-1172318.86,358.07
-443785.11,-1172317.43,359.03
-443785.67,-1172316.96,359.22
-443785.90,-1172316.77,359.35
-443786.14,-1172316.57,359.48
-443786.40,-1172316.35,359.52
-443786.66,-1172316.14,359.63
-443786.90,-1172315.94,359.76
-443787.14,-1172315.73,359.92
-443787.66,-1172315.30,360.24
-443787.90,-1172315.10,360.32
-443788.15,-1172314.89,360.47
-443781.23,-1172319.83,357.78
-443781.49,-1172319.62,357.88
-443781.77,-1172319.39,357.98
-443782.00,-1172319.19,358.03
-443782.24,-1172318.99,358.17
-443782.51,-1172318.77,358.26
-443782.76,-1172318.56,358.31
-443782.99,-1172318.37,358.45
-443783.24,-1172318.16,358.69
-443784.23,-1172317.33,359.17
-443784.47,-1172317.13,359.22
-443784.70,-1172316.93,359.34
-443784.95,-1172316.73,359.43
-443785.47,-1172316.29,359.64
-443785.95,-1172315.89,359.81
-443786.21,-1172315.67,359.95
-443787.96,-1172314.21,360.82
-443781.05,-1172320.33,357.61
-443781.29,-1172320.13,357.66
-443781.56,-1172319.90,357.76
-443781.79,-1172319.71,357.79
-443782.05,-1172319.49,357.94
-443782.30,-1172319.29,357.99
-443782.53,-1172319.09,358.04
-443782.77,-1172318.89,358.13
-443783.02,-1172318.68,358.20
-443783.27,-1172318.47,358.37
-443784.51,-1172317.43,359.09
-443784.77,-1172317.22,359.18
-443785.02,-1172317.01,359.28
-443780.08,-1172320.31,357.69
-443780.34,-1172320.09,357.74
-443780.60,-1172319.87,357.82
-443780.83,-1172319.68,357.85
-443781.07,-1172319.48,357.94
-443781.32,-1172319.26,358.03
-443781.58,-1172319.05,358.14
-443781.84,-1172318.84,358.24
-443782.08,-1172318.64,358.30
-443782.34,-1172318.42,358.47
-443782.59,-1172318.21,358.60
-443782.85,-1172317.99,358.82
-443783.09,-1172317.79,358.94
-443783.35,-1172317.57,359.02
-443783.58,-1172317.38,359.12
-443783.84,-1172317.16,359.25
-443784.08,-1172316.96,359.30
-443784.32,-1172316.76,359.43
-443784.56,-1172316.56,359.51
-443784.80,-1172316.36,359.61
-443785.06,-1172316.14,359.72
-443785.30,-1172315.94,359.83
-443785.54,-1172315.74,359.94
-443785.80,-1172315.52,360.08
-443786.04,-1172315.32,360.27
-443786.29,-1172315.11,360.36
-443786.55,-1172314.89,360.48
-443786.79,-1172314.70,360.61
-443787.03,-1172314.49,360.73
-443787.28,-1172314.28,360.84
-443787.54,-1172314.07,360.94
-443787.80,-1172313.85,360.99
-443780.48,-1172320.47,357.66
-443780.75,-1172320.24,357.68
-443780.99,-1172320.04,357.70
-443779.85,-1172319.96,357.86
-443780.08,-1172319.77,357.91
-443780.32,-1172319.57,357.95
-443780.58,-1172319.35,358.00
-443780.83,-1172319.14,358.14
-443781.10,-1172318.92,358.26
-443781.36,-1172318.70,358.30
-443781.61,-1172318.49,358.47
-443781.85,-1172318.29,358.60
-443782.08,-1172318.09,358.72
-443782.33,-1172317.89,358.84
-443782.58,-1172317.68,359.00
-443782.84,-1172317.46,359.09
-443783.08,-1172317.26,359.20
-443783.60,-1172316.83,359.44
-443783.85,-1172316.61,359.57
-443784.10,-1172316.40,359.65
-443784.35,-1172316.20,359.77
-443784.59,-1172315.99,359.84
-443784.86,-1172315.77,359.97
-443785.10,-1172315.57,360.11
-443785.33,-1172315.37,360.28
-443785.57,-1172315.17,360.36
-443785.80,-1172314.98,360.50
-443786.09,-1172314.74,360.61
-443786.31,-1172314.55,360.72
-443786.55,-1172314.36,360.77
-443786.82,-1172314.13,360.93
-443779.66,-1172319.49,358.03
-443779.92,-1172319.27,358.14
-443780.16,-1172319.07,358.25
-443780.42,-1172318.86,358.36
-443780.68,-1172318.63,358.49
-443780.92,-1172318.43,358.59
-443781.16,-1172318.24,358.72
-443781.42,-1172318.02,358.84
-443781.67,-1172317.81,358.94
-443781.93,-1172317.59,359.09
-443782.18,-1172317.38,359.18
-443782.45,-1172317.16,359.29
-443782.69,-1172316.95,359.41
-443782.92,-1172316.76,359.55
-443783.16,-1172316.56,359.65
-443783.42,-1172316.34,359.75
-443783.68,-1172316.12,359.90
-443783.93,-1172315.92,360.00
-443784.17,-1172315.71,360.05
-443784.44,-1172315.49,360.22
-443784.69,-1172315.28,360.30
-443785.17,-1172314.87,360.52
-443785.42,-1172314.67,360.64
-443785.68,-1172314.45,360.72
-443785.91,-1172314.26,360.80
-443786.16,-1172314.05,360.88
-443779.57,-1172319.16,358.26
-443779.80,-1172318.97,358.33
-443780.07,-1172318.74,358.53
-443780.31,-1172318.54,358.65
-443780.54,-1172318.35,358.72
-443780.80,-1172318.13,358.81
-443781.05,-1172317.92,358.94
-443781.31,-1172317.70,359.06
-443781.55,-1172317.50,359.17
-443781.80,-1172317.29,359.28
-443782.04,-1172317.09,359.38
-443782.30,-1172316.87,359.49
-443782.55,-1172316.67,359.61
-443782.82,-1172316.44,359.78
-443783.08,-1172316.22,359.92
-443783.32,-1172316.02,360.00
-443783.56,-1172315.82,360.11
-443783.81,-1172315.61,360.22
-443784.06,-1172315.40,360.30
-443784.31,-1172315.19,360.40
-443784.55,-1172314.99,360.55
-443784.81,-1172314.77,360.68
-443785.06,-1172314.56,360.73
-443785.31,-1172314.36,360.80
-443785.58,-1172314.12,360.88
-443782.67,-1172315.53,360.30
-443782.91,-1172315.34,360.44
-443783.16,-1172315.13,360.49
-443783.42,-1172314.91,360.58
-443783.67,-1172314.70,360.70
-443783.88,-1172314.52,360.78
-443784.15,-1172314.30,360.91
-443779.65,-1172318.60,358.61
-443779.91,-1172318.38,358.75
-443780.15,-1172318.18,358.83
-443780.39,-1172317.98,358.88
-443780.64,-1172317.78,359.02
-443780.88,-1172317.57,359.12
-443781.12,-1172317.37,359.25
-443781.36,-1172317.17,359.34
-443781.61,-1172316.96,359.46
-443781.87,-1172316.75,359.56
-443782.11,-1172316.54,359.69
-443782.36,-1172316.33,359.79
-443782.63,-1172316.11,359.92
-443782.86,-1172315.91,360.01
-443783.10,-1172315.71,360.13
-443783.36,-1172315.49,360.29
-443783.62,-1172315.28,360.38
-443783.87,-1172315.07,360.50
-443784.13,-1172314.85,360.62
-443784.39,-1172314.63,360.74
-443784.63,-1172314.43,360.83
-443780.43,-1172316.72,359.73
-443780.67,-1172316.52,359.80
-443780.94,-1172316.29,360.00
-443781.19,-1172316.08,360.10
-443781.43,-1172315.88,360.23
-443781.67,-1172315.68,360.31
-443781.93,-1172315.46,360.41
-443782.16,-1172315.27,360.52
-443782.40,-1172315.07,360.67
-443782.67,-1172314.84,360.78
-443782.91,-1172314.64,360.82
-443783.14,-1172314.45,360.88
-443779.45,-1172318.24,358.84
-443779.71,-1172318.02,358.88
-443779.95,-1172317.82,359.01
-443780.20,-1172317.61,359.16
-443780.44,-1172317.41,359.31
-443780.69,-1172317.19,359.46
-443780.94,-1172316.98,359.54
-443781.19,-1172316.78,359.63
-443781.43,-1172316.57,359.71
-443781.68,-1172316.37,359.79
-443781.93,-1172316.16,359.92
-443782.16,-1172315.96,360.03
-443782.40,-1172315.76,360.13
-443779.48,-1172316.93,359.74
-443779.70,-1172316.75,359.80
-443779.95,-1172316.53,359.87
-443780.23,-1172316.30,360.01
-443780.72,-1172315.89,360.27
-443780.97,-1172315.68,360.39
-443781.24,-1172315.46,360.52
-443781.47,-1172315.26,360.62
-443781.72,-1172315.05,360.76
-443781.99,-1172314.83,360.84
-443782.25,-1172314.61,360.92
-443782.47,-1172314.43,360.96
-443779.43,-1172317.56,359.24
-443779.67,-1172317.35,359.42
-443779.93,-1172317.14,359.59
-443780.18,-1172316.93,359.63
-443780.87,-1172315.06,360.62
-443781.10,-1172314.87,360.80
-443781.36,-1172314.65,360.89
