-443698.240,-1172295.910,357.250
-443698.630,-1172295.900,357.385
-443698.870,-1172296.690,356.830
-443699.000,-1172296.380,357.100
-443699.120,-1172296.080,357.315
-443699.190,-1172296.680,357.020
-443699.310,-1172296.380,357.205
-443699.420,-1172296.090,357.400
-443699.640,-1172296.540,357.270
-443698.450,-1172295.810,357.385
-443698.220,-1172296.010,357.140
-443699.040,-1172295.880,357.430
-443698.790,-1172296.090,357.210
-443699.220,-1172296.060,357.390
-443699.650,-1172296.120,357.500
-443699.390,-1172296.330,357.325
-443699.140,-1172296.550,357.050
-443698.900,-1172296.740,356.825
-443699.810,-1172296.400,357.390
-443699.580,-1172296.590,357.240
-443699.330,-1172296.800,356.980
-443699.060,-1172297.020,356.600
-443698.940,-1172296.580,356.975
-443699.370,-1172296.170,357.380
-443698.920,-1172296.970,356.590
-443699.360,-1172296.570,357.140
-443699.790,-1172296.160,357.555
-443698.930,-1172296.100,357.300
-443698.710,-1172295.870,357.395
-443698.170,-1172295.970,357.210
-443699.580,-1172296.170,357.420
-443699.490,-1172296.410,357.300
-443699.240,-1172296.120,357.380
-443699.130,-1172296.400,357.180
-443699.040,-1172296.650,356.965
-443698.940,-1172296.900,356.700
-443698.650,-1172296.010,357.270
-443699.030,-1172295.980,357.400
-443698.730,-1172296.770,356.745
-443698.380,-1172295.840,357.325
-443699.010,-1172297.000,356.590
-443699.430,-1172296.630,357.150
-443699.640,-1172296.450,357.335
-443699.850,-1172296.270,357.470
-443698.810,-1172296.760,356.740
-443699.000,-1172296.590,356.975
-443699.240,-1172296.380,357.180
-443699.430,-1172296.220,357.345
-443699.620,-1172296.050,357.580
-443698.750,-1172296.080,357.205
-443698.960,-1172295.890,357.415
-443698.320,-1172296.030,357.140
-443698.510,-1172295.860,357.355
