-578720.36,-1265747.83,182.73
-578720.53,-1265747.55,182.64
-578720.71,-1265747.28,182.59
-578720.61,-1265748.01,182.66
-578720.80,-1265747.73,182.53
-578719.46,-1265747.33,183.06
-578719.65,-1265747.04,182.95
-578719.84,-1265746.74,182.83
-578720.03,-1265746.44,182.74
-578720.21,-1265746.16,182.67
-578720.39,-1265745.88,182.62
-578720.58,-1265745.60,182.57
-578719.42,-1265748.12,183.31
-578719.60,-1265747.83,183.07
-578719.79,-1265747.53,182.91
-578719.98,-1265747.24,182.76
-578720.18,-1265746.93,182.71
-578719.90,-1265748.00,182.91
-578720.10,-1265747.70,182.75
-578720.30,-1265747.40,182.69
-578720.47,-1265747.12,182.60
-578717.98,-1265748.47,184.29
-578718.16,-1265748.19,183.92
-578718.36,-1265747.89,183.73
-578718.53,-1265747.62,183.58
-578718.71,-1265747.33,183.44
-578718.91,-1265747.04,183.31
-578719.09,-1265746.74,183.19
-578719.28,-1265746.46,183.07
-578719.47,-1265746.16,182.97
-578719.66,-1265745.86,182.85
-578719.85,-1265745.56,182.75
-578720.04,-1265745.28,182.67
-578720.21,-1265745.00,182.62
-578720.39,-1265744.73,182.58
-578718.62,-1265748.07,183.68
-578718.80,-1265747.80,183.49
-578719.00,-1265747.49,183.34
-578719.19,-1265747.19,183.18
-578719.36,-1265746.92,183.06
-578719.56,-1265746.61,182.95
-578719.75,-1265746.31,182.80
-578719.94,-1265746.02,182.73
-578720.12,-1265745.73,182.67
-578720.30,-1265745.46,182.59
-578719.09,-1265747.92,183.44
-578719.27,-1265747.62,183.22
-578717.19,-1265748.41,184.54
-578717.38,-1265748.13,184.36
-578717.56,-1265747.85,184.13
-578717.75,-1265747.56,183.95
-578717.93,-1265747.27,183.82
-578718.12,-1265746.97,183.74
-578718.29,-1265746.70,183.61
-578718.48,-1265746.42,183.50
-578718.67,-1265746.12,183.34
-578718.86,-1265745.83,183.28
-578719.04,-1265745.55,183.15
-578719.23,-1265745.24,183.04
-578719.42,-1265744.95,182.92
-578717.90,-1265748.05,184.05
-578718.27,-1265747.47,183.67
-578718.45,-1265747.20,183.56
-578718.62,-1265746.93,183.44
-578718.82,-1265746.62,183.31
-578719.02,-1265746.32,183.19
-578719.19,-1265746.05,183.07
-578719.38,-1265745.74,182.96
-578719.58,-1265745.44,182.85
-578719.77,-1265745.15,182.76
-578719.95,-1265744.87,182.70
-578716.68,-1265748.12,184.58
-578716.86,-1265747.84,184.46
-578717.03,-1265747.57,184.31
-578717.21,-1265747.29,184.22
-578717.39,-1265747.01,184.11
-578717.59,-1265746.71,183.97
-578717.76,-1265746.43,183.88
-578717.96,-1265746.13,183.73
-578718.13,-1265745.86,183.64
-578718.32,-1265745.58,183.50
-578718.51,-1265745.28,183.35
-578718.70,-1265744.98,183.28
-578718.88,-1265744.70,183.19
-578716.77,-1265748.55,184.65
-578716.96,-1265748.27,184.54
-578717.13,-1265747.99,184.40
-578717.31,-1265747.72,184.22
-578717.49,-1265747.44,184.08
-578717.68,-1265747.14,183.95
-578717.86,-1265746.87,183.85
-578718.23,-1265746.29,183.60
-578718.60,-1265745.71,183.36
-578718.79,-1265745.41,183.27
-578718.97,-1265745.14,183.15
-578719.17,-1265744.83,183.01
-578716.44,-1265747.23,184.52
-578716.61,-1265746.97,184.46
-578716.80,-1265746.68,184.34
-578716.98,-1265746.40,184.28
-578717.15,-1265746.14,184.17
-578717.35,-1265745.83,184.03
-578717.53,-1265745.55,183.92
-578717.71,-1265745.26,183.81
-578717.90,-1265744.98,183.68
-578716.59,-1265747.72,184.50
-578716.77,-1265747.44,184.43
-578716.94,-1265747.17,184.33
-578717.12,-1265746.89,184.21
-578717.30,-1265746.61,184.10
-578717.49,-1265746.32,184.00
-578717.67,-1265746.04,183.88
-578717.87,-1265745.73,183.75
-578718.04,-1265745.47,183.64
-578718.22,-1265745.19,183.56
-578718.42,-1265744.88,183.41
-578716.29,-1265746.41,184.51
-578716.47,-1265746.13,184.48
-578716.65,-1265745.85,184.38
-578716.82,-1265745.58,184.30
-578717.00,-1265745.31,184.17
-578716.56,-1265746.57,184.47
-578716.74,-1265746.29,184.37
-578716.92,-1265746.01,184.25
-578717.09,-1265745.74,184.13
-578717.29,-1265745.44,184.03
-578717.47,-1265745.16,183.90
-578717.66,-1265744.86,183.80
-578716.23,-1265745.25,184.54
-578716.42,-1265744.97,184.48
-578716.28,-1265745.67,184.50
-578716.46,-1265745.39,184.47
-578716.64,-1265745.11,184.38
-578716.82,-1265744.84,184.25
-578719.72,-1265743.96,182.72
-578719.91,-1265743.68,182.69
-578720.09,-1265743.40,182.63
-578719.80,-1265744.36,182.74
-578720.15,-1265743.81,182.62
-578720.13,-1265744.58,182.64
-578720.31,-1265744.31,182.58
-578720.48,-1265744.04,182.55
-578718.61,-1265744.59,183.28
-578718.98,-1265744.00,183.05
-578719.17,-1265743.71,182.95
-578719.37,-1265743.41,182.83
-578719.55,-1265743.12,182.78
-578719.72,-1265742.85,182.73
-578719.90,-1265742.57,182.67
-578719.07,-1265744.40,183.04
-578719.26,-1265744.10,182.94
-578719.45,-1265743.81,182.81
-578719.63,-1265743.52,182.77
-578719.81,-1265743.25,182.71
-578719.99,-1265742.97,182.66
-578720.18,-1265742.68,182.58
-578719.36,-1265744.53,182.91
-578719.55,-1265744.23,182.77
-578718.97,-1265742.83,182.98
-578719.16,-1265742.53,182.86
-578719.34,-1265742.25,182.78
-578719.52,-1265741.97,182.72
-578719.69,-1265741.70,182.67
-578719.88,-1265741.41,182.58
-578720.07,-1265741.11,182.53
-578718.08,-1265744.70,183.58
-578718.46,-1265744.10,183.37
-578718.64,-1265743.82,183.25
-578718.83,-1265743.52,183.12
-578719.02,-1265743.22,183.01
-578719.22,-1265742.92,182.89
-578719.40,-1265742.64,182.78
-578719.57,-1265742.37,182.72
-578719.76,-1265742.08,182.67
-578719.93,-1265741.81,182.61
-578717.37,-1265744.73,183.92
-578717.56,-1265744.43,183.81
-578717.75,-1265744.15,183.68
-578717.92,-1265743.87,183.62
-578718.11,-1265743.57,183.51
-578718.31,-1265743.27,183.34
-578718.49,-1265742.99,183.25
-578718.87,-1265742.40,183.01
-578719.07,-1265742.09,182.88
-578719.24,-1265741.82,182.79
-578719.42,-1265741.54,182.74
-578719.60,-1265741.26,182.68
-578719.78,-1265740.98,182.61
-578719.98,-1265740.68,182.54
-578717.84,-1265744.58,183.68
-578718.02,-1265744.30,183.59
-578718.21,-1265744.00,183.52
-578718.40,-1265743.71,183.34
-578718.58,-1265743.42,183.25
-578718.77,-1265743.13,183.10
-578716.59,-1265744.70,184.38
-578716.77,-1265744.42,184.28
-578716.96,-1265744.11,184.15
-578717.14,-1265743.85,184.04
-578717.33,-1265743.54,183.91
-578717.52,-1265743.26,183.78
-578717.69,-1265742.99,183.68
-578717.88,-1265742.69,183.60
-578718.08,-1265742.38,183.47
-578718.25,-1265742.12,183.34
-578718.45,-1265741.81,183.22
-578718.64,-1265741.50,183.08
-578718.83,-1265741.21,182.95
-578719.01,-1265740.93,182.88
-578719.19,-1265740.65,182.78
-578719.37,-1265740.38,182.74
-578719.55,-1265740.10,182.65
-578719.75,-1265739.79,182.59
-578717.02,-1265744.54,184.12
-578717.19,-1265744.26,183.99
-578717.38,-1265743.97,183.92
-578717.56,-1265743.68,183.78
-578717.75,-1265743.40,183.67
-578717.93,-1265743.11,183.55
-578718.31,-1265742.52,183.33
-578718.50,-1265742.23,183.22
-578718.69,-1265741.93,183.08
-578718.89,-1265741.62,183.00
-578719.06,-1265741.35,182.88
-578719.24,-1265741.07,182.78
-578719.42,-1265740.79,182.71
-578719.60,-1265740.51,182.64
-578719.80,-1265740.21,182.59
-578719.97,-1265739.93,182.55
-578716.83,-1265743.28,184.14
-578717.01,-1265742.99,184.03
-578717.20,-1265742.69,183.91
-578717.38,-1265742.42,183.79
-578717.56,-1265742.14,183.72
-578717.75,-1265741.84,183.59
-578717.95,-1265741.54,183.38
-578718.12,-1265741.26,183.33
-578718.32,-1265740.96,183.20
-578718.51,-1265740.65,183.09
-578718.70,-1265740.36,182.95
-578718.88,-1265740.08,182.88
-578719.06,-1265739.80,182.80
-578719.24,-1265739.52,182.71
-578719.42,-1265739.24,182.65
-578719.62,-1265738.94,182.59
-578719.79,-1265738.66,182.53
-578716.13,-1265744.79,184.52
-578716.31,-1265744.51,184.49
-578716.48,-1265744.24,184.39
-578716.86,-1265743.66,184.14
-578717.03,-1265743.39,184.06
-578717.23,-1265743.08,183.92
-578717.41,-1265742.80,183.82
-578717.58,-1265742.53,183.69
-578717.77,-1265742.23,183.61
-578717.97,-1265741.93,183.47
-578718.15,-1265741.64,183.35
-578718.34,-1265741.35,183.22
-578718.54,-1265741.04,183.10
-578718.73,-1265740.74,183.01
-578718.91,-1265740.47,182.91
-578719.09,-1265740.19,182.80
-578719.27,-1265739.91,182.72
-578719.44,-1265739.63,182.66
-578719.63,-1265739.34,182.59
-578719.82,-1265739.05,182.56
-578716.16,-1265743.69,184.50
-578716.33,-1265743.42,184.41
-578716.51,-1265743.14,184.31
-578716.71,-1265742.83,184.19
-578716.89,-1265742.56,184.06
-578717.08,-1265742.26,183.93
-578717.26,-1265741.98,183.82
-578717.44,-1265741.71,183.72
-578717.63,-1265741.40,183.61
-578717.83,-1265741.10,183.50
-578718.00,-1265740.83,183.36
-578718.20,-1265740.53,183.23
-578718.39,-1265740.22,183.11
-578718.59,-1265739.92,183.03
-578718.76,-1265739.65,182.92
-578718.95,-1265739.36,182.81
-578719.12,-1265739.09,182.76
-578719.30,-1265738.81,182.68
-578719.50,-1265738.50,182.61
-578716.10,-1265744.40,184.55
-578716.28,-1265744.13,184.49
-578716.46,-1265743.85,184.38
-578716.64,-1265743.57,184.25
-578716.33,-1265742.24,184.33
-578716.52,-1265741.95,184.21
-578716.70,-1265741.67,184.11
-578716.89,-1265741.37,183.99
-578717.08,-1265741.09,183.87
-578717.26,-1265740.81,183.76
-578717.45,-1265740.51,183.65
-578717.64,-1265740.21,183.49
-578717.82,-1265739.93,183.40
-578718.01,-1265739.63,183.31
-578718.20,-1265739.33,183.20
-578718.40,-1265739.03,183.05
-578718.58,-1265738.75,182.95
-578718.76,-1265738.47,182.88
-578718.94,-1265738.19,182.77
-578719.11,-1265737.92,182.72
-578719.31,-1265737.61,182.65
-578719.50,-1265737.33,182.58
-578716.00,-1265743.19,184.54
-578716.19,-1265742.91,184.45
-578716.37,-1265742.63,184.35
-578716.56,-1265742.34,184.21
-578716.74,-1265742.06,184.10
-578716.93,-1265741.75,184.02
-578717.11,-1265741.48,183.87
-578717.29,-1265741.20,183.75
-578717.48,-1265740.90,183.66
-578717.67,-1265740.60,183.52
-578717.85,-1265740.32,183.42
-578718.05,-1265740.02,183.28
-578718.24,-1265739.72,183.20
-578718.43,-1265739.42,183.09
-578718.61,-1265739.14,182.96
-578718.79,-1265738.86,182.86
-578718.97,-1265738.58,182.77
-578719.15,-1265738.30,182.73
-578719.35,-1265738.00,182.65
-578719.53,-1265737.72,182.60
-578715.91,-1265742.34,184.52
-578716.10,-1265742.06,184.44
-578716.27,-1265741.79,184.34
-578716.46,-1265741.49,184.20
-578716.65,-1265741.21,184.08
-578716.84,-1265740.91,184.00
-578717.01,-1265740.64,183.87
-578717.19,-1265740.35,183.75
-578717.58,-1265739.75,183.52
-578717.76,-1265739.48,183.42
-578717.95,-1265739.17,183.31
-578718.14,-1265738.88,183.19
-578718.34,-1265738.58,183.09
-578718.52,-1265738.29,182.96
-578718.70,-1265738.01,182.88
-578718.88,-1265737.74,182.78
-578719.06,-1265737.45,182.71
-578719.25,-1265737.15,182.65
-578715.97,-1265742.81,184.54
-578716.15,-1265742.52,184.44
-578718.87,-1265736.54,182.71
-578719.06,-1265736.24,182.65
-578719.25,-1265735.95,182.56
-578715.86,-1265741.94,184.56
-578716.05,-1265741.66,184.44
-578716.23,-1265741.38,184.34
-578716.42,-1265741.08,184.20
-578716.60,-1265740.81,184.08
-578716.79,-1265740.50,183.99
-578716.97,-1265740.23,183.88
-578717.15,-1265739.95,183.76
-578717.34,-1265739.64,183.65
-578717.53,-1265739.35,183.50
-578717.71,-1265739.07,183.43
-578717.90,-1265738.77,183.33
-578718.10,-1265738.47,183.18
-578718.29,-1265738.17,183.05
-578718.48,-1265737.88,182.94
-578718.65,-1265737.61,182.88
-578718.83,-1265737.33,182.75
-578719.01,-1265737.05,182.71
-578719.21,-1265736.75,182.63
-578719.39,-1265736.47,182.56
-578715.69,-1265740.99,184.50
-578715.86,-1265740.72,184.47
-578716.05,-1265740.44,184.34
-578716.24,-1265740.14,184.22
-578716.41,-1265739.87,184.12
-578716.61,-1265739.56,184.00
-578716.79,-1265739.28,183.92
-578716.96,-1265739.01,183.79
-578717.16,-1265738.70,183.70
-578717.35,-1265738.41,183.58
-578717.52,-1265738.13,183.47
-578717.72,-1265737.82,183.34
-578717.92,-1265737.52,183.22
-578718.11,-1265737.23,183.09
-578718.29,-1265736.94,182.98
-578718.47,-1265736.66,182.88
-578718.65,-1265736.39,182.78
-578718.83,-1265736.10,182.69
-578715.91,-1265741.14,184.47
-578716.08,-1265740.88,184.34
-578716.28,-1265740.57,184.25
-578716.46,-1265740.29,184.14
-578716.64,-1265740.00,184.04
-578716.82,-1265739.72,183.90
-578717.01,-1265739.43,183.80
-578717.19,-1265739.14,183.70
-578717.39,-1265738.84,183.58
-578717.57,-1265738.56,183.47
-578717.76,-1265738.26,183.36
-578717.96,-1265737.96,183.23
-578718.16,-1265737.65,183.09
-578718.33,-1265737.38,182.99
-578718.51,-1265737.10,182.90
-578718.69,-1265736.81,182.79
-578715.62,-1265740.53,184.57
-578715.81,-1265740.25,184.48
-578716.17,-1265739.68,184.26
-578716.36,-1265739.40,184.13
-578716.55,-1265739.10,184.03
-578716.72,-1265738.83,183.94
-578716.91,-1265738.54,183.82
-578717.10,-1265738.25,183.69
-578717.29,-1265737.95,183.59
-578717.47,-1265737.67,183.48
-578717.67,-1265737.36,183.35
-578717.86,-1265737.07,183.22
-578718.06,-1265736.76,183.09
-578718.23,-1265736.48,183.01
-578718.41,-1265736.21,182.88
-578718.60,-1265735.92,182.79
-578718.77,-1265735.64,182.69
-578719.15,-1265735.06,182.58
-578715.70,-1265739.79,184.51
-578715.88,-1265739.52,184.39
-578716.07,-1265739.22,184.27
-578716.25,-1265738.94,184.18
-578716.44,-1265738.64,184.04
-578716.62,-1265738.37,183.93
-578716.80,-1265738.08,183.83
-578716.99,-1265737.79,183.71
-578717.18,-1265737.49,183.62
-578717.37,-1265737.20,183.50
-578717.56,-1265736.90,183.36
-578717.75,-1265736.61,183.24
-578717.95,-1265736.31,183.09
-578718.13,-1265736.02,183.01
-578718.31,-1265735.74,182.91
-578718.48,-1265735.47,182.80
-578718.67,-1265735.18,182.74
-578718.86,-1265734.88,182.64
-578719.04,-1265734.61,182.59
-578715.61,-1265739.32,184.50
-578715.79,-1265739.04,184.41
-578715.98,-1265738.74,184.27
-578716.16,-1265738.47,184.18
-578716.35,-1265738.17,184.08
-578716.54,-1265737.88,183.96
-578716.71,-1265737.61,183.85
-578716.90,-1265737.31,183.72
-578717.10,-1265737.01,183.62
-578717.28,-1265736.73,183.50
-578717.48,-1265736.43,183.36
-578717.67,-1265736.13,183.24
-578717.87,-1265735.82,183.11
-578718.04,-1265735.54,183.02
-578718.22,-1265735.27,182.92
-578718.40,-1265734.99,182.82
-578718.58,-1265734.71,182.75
-578718.77,-1265734.41,182.67
-578718.96,-1265734.12,182.60
-578715.55,-1265738.87,184.49
-578715.73,-1265738.59,184.40
-578715.91,-1265738.30,184.26
-578716.10,-1265738.01,184.19
-578716.29,-1265737.71,184.06
-578716.47,-1265737.44,183.96
-578716.65,-1265737.16,183.84
-578716.84,-1265736.86,183.72
-578717.03,-1265736.56,183.60
-578717.22,-1265736.27,183.50
-578717.41,-1265735.97,183.36
-578717.60,-1265735.68,183.25
-578717.80,-1265735.37,183.13
-578717.98,-1265735.09,183.04
-578718.15,-1265734.82,182.93
-578718.34,-1265734.54,182.82
-578718.52,-1265734.25,182.75
-578718.70,-1265733.96,182.67
-578718.89,-1265733.67,182.64
-578715.55,-1265738.45,184.42
-578715.72,-1265738.18,184.34
-578715.92,-1265737.87,184.24
-578716.10,-1265737.59,184.16
-578716.29,-1265737.30,184.02
-578716.47,-1265737.01,183.90
-578716.66,-1265736.73,183.79
-578716.84,-1265736.44,183.67
-578717.04,-1265736.14,183.57
-578717.22,-1265735.86,183.49
-578717.41,-1265735.56,183.34
-578717.60,-1265735.26,183.22
-578717.80,-1265734.95,183.12
-578717.98,-1265734.67,183.01
-578718.16,-1265734.40,182.91
-578718.34,-1265734.11,182.79
-578718.52,-1265733.83,182.70
-578718.71,-1265733.53,182.67
-578715.22,-1265738.21,184.52
-578715.40,-1265737.93,184.51
-578715.58,-1265737.65,184.43
-578715.77,-1265737.36,184.30
-578715.95,-1265737.08,184.18
-578716.14,-1265736.77,184.06
-578716.32,-1265736.50,183.93
-578716.50,-1265736.22,183.84
-578716.70,-1265735.91,183.73
-578716.89,-1265735.62,183.62
-578717.07,-1265735.34,183.50
-578717.26,-1265735.03,183.37
-578717.45,-1265734.74,183.26
-578717.65,-1265734.44,183.18
-578717.83,-1265734.15,183.07
-578718.01,-1265733.88,182.97
-578718.19,-1265733.60,182.82
-578715.40,-1265737.51,184.49
-578715.58,-1265737.24,184.40
-578715.77,-1265736.94,184.28
-578715.96,-1265736.65,184.14
-578716.15,-1265736.36,184.04
-578716.33,-1265736.08,183.91
-578716.51,-1265735.80,183.82
-578716.70,-1265735.50,183.68
-578716.89,-1265735.20,183.59
-578717.07,-1265734.91,183.49
-578717.26,-1265734.62,183.36
-578717.45,-1265734.32,183.24
-578717.65,-1265734.01,183.13
-578717.82,-1265733.74,183.04
-578718.01,-1265733.46,182.91
-578715.27,-1265736.99,184.52
-578715.45,-1265736.71,184.43
-578715.64,-1265736.41,184.31
-578715.82,-1265736.13,184.20
-578716.02,-1265735.83,184.06
-578716.20,-1265735.55,183.96
-578716.37,-1265735.27,183.88
-578716.57,-1265734.97,183.75
-578716.76,-1265734.67,183.64
-578716.94,-1265734.39,183.51
-578717.13,-1265734.09,183.42
-578717.33,-1265733.79,183.31
-578717.51,-1265733.50,183.21
-578715.14,-1265736.87,184.52
-578715.32,-1265736.59,184.52
-578715.49,-1265736.32,184.38
-578715.69,-1265736.01,184.24
-578715.87,-1265735.73,184.11
-578716.06,-1265735.44,184.04
-578716.24,-1265735.16,183.92
-578716.42,-1265734.88,183.81
-578716.61,-1265734.58,183.70
-578716.81,-1265734.28,183.58
-578716.99,-1265733.99,183.49
-578717.18,-1265733.70,183.34
-578715.17,-1265736.08,184.53
-578715.35,-1265735.81,184.42
-578715.54,-1265735.51,184.31
-578715.73,-1265735.22,184.19
-578715.92,-1265734.93,184.06
-578716.09,-1265734.65,183.97
-578716.28,-1265734.37,183.88
-578716.47,-1265734.07,183.78
-578716.66,-1265733.77,183.62
-578715.07,-1265735.57,184.52
-578715.25,-1265735.30,184.43
-578715.44,-1265734.99,184.33
-578715.62,-1265734.72,184.19
-578715.82,-1265734.42,184.10
-578716.00,-1265734.13,183.98
-578716.36,-1265733.56,183.78
-578715.07,-1265735.15,184.52
-578715.25,-1265734.88,184.42
-578715.44,-1265734.58,184.33
-578715.62,-1265734.30,184.19
-578715.82,-1265734.00,184.06
-578715.99,-1265733.73,183.97
-578716.17,-1265733.44,183.88
-578715.01,-1265734.68,184.51
-578715.19,-1265734.41,184.38
-578715.38,-1265734.11,184.24
-578715.56,-1265733.82,184.15
-578715.75,-1265733.53,184.04
-578714.90,-1265734.18,184.50
-578715.08,-1265733.90,184.38
-578715.27,-1265733.61,184.28
-578719.09,-1265733.36,182.58
-578718.89,-1265733.25,182.60
-578718.37,-1265733.31,182.75
-578717.70,-1265733.21,183.08
-578717.37,-1265733.40,183.24
-578720.52,-1265747.95,182.75
-578720.75,-1265747.11,182.59
-578720.47,-1265747.24,182.64
-578720.16,-1265747.37,182.75
-578719.87,-1265747.50,182.84
-578719.59,-1265747.63,183.06
-578720.28,-1265746.87,182.67
-578719.97,-1265747.01,182.78
-578719.70,-1265747.12,182.89
-578719.40,-1265747.26,183.07
-578719.09,-1265747.40,183.20
-578718.80,-1265747.53,183.39
-578718.52,-1265747.65,183.62
-578718.24,-1265747.78,183.76
-578717.97,-1265747.90,183.91
-578717.39,-1265748.16,184.37
-578717.12,-1265748.28,184.46
-578716.83,-1265748.41,184.62
-578720.64,-1265747.48,182.59
-578720.36,-1265747.61,182.67
-578720.05,-1265747.75,182.78
-578719.76,-1265747.88,183.03
-578719.48,-1265748.00,183.19
-578719.18,-1265748.14,183.44
-578720.05,-1265746.53,182.75
-578719.77,-1265746.65,182.86
-578719.47,-1265746.79,182.99
-578719.18,-1265746.92,183.19
-578718.88,-1265747.05,183.36
-578718.60,-1265747.18,183.49
-578718.33,-1265747.30,183.63
-578718.05,-1265747.42,183.78
-578717.77,-1265747.55,183.94
-578717.48,-1265747.68,184.10
-578717.20,-1265747.80,184.29
-578716.89,-1265747.94,184.46
-578716.62,-1265748.06,184.58
-578719.00,-1265747.89,183.44
-578718.70,-1265748.03,183.63
-578718.42,-1265748.15,183.79
-578718.15,-1265748.27,183.95
-578717.87,-1265748.40,184.22
-578717.59,-1265748.52,184.44
-578720.18,-1265746.15,182.69
-578719.91,-1265746.27,182.77
-578719.61,-1265746.40,182.91
-578719.31,-1265746.54,183.07
-578719.01,-1265746.67,183.22
-578718.73,-1265746.80,183.36
-578718.45,-1265746.92,183.56
-578718.19,-1265747.04,183.65
-578717.90,-1265747.17,183.84
-578717.61,-1265747.30,184.00
-578717.34,-1265747.42,184.13
-578717.04,-1265747.56,184.32
-578716.76,-1265747.68,184.46
-578716.50,-1265747.80,184.52
-578720.61,-1265745.60,182.57
-578720.30,-1265745.74,182.66
-578720.01,-1265745.87,182.74
-578719.72,-1265746.00,182.83
-578719.42,-1265746.13,183.01
-578719.13,-1265746.26,183.14
-578718.85,-1265746.39,183.30
-578718.57,-1265746.51,183.39
-578718.30,-1265746.63,183.61
-578718.02,-1265746.76,183.75
-578717.72,-1265746.89,183.93
-578717.46,-1265747.01,184.06
-578717.14,-1265747.15,184.22
-578716.87,-1265747.27,184.35
-578716.60,-1265747.40,184.52
-578720.38,-1265745.30,182.59
-578720.11,-1265745.42,182.67
-578719.81,-1265745.55,182.78
-578719.51,-1265745.69,182.91
-578719.21,-1265745.82,183.06
-578718.94,-1265745.95,183.20
-578718.65,-1265746.07,183.36
-578718.11,-1265746.32,183.67
-578717.80,-1265746.45,183.86
-578717.53,-1265746.58,183.99
-578717.24,-1265746.71,184.14
-578716.96,-1265746.83,184.27
-578716.68,-1265746.96,184.42
-578716.39,-1265747.09,184.52
-578720.43,-1265744.74,182.55
-578720.16,-1265744.87,182.62
-578719.85,-1265745.00,182.74
-578719.56,-1265745.14,182.89
-578719.27,-1265745.26,183.02
-578718.98,-1265745.39,183.18
-578718.70,-1265745.52,183.32
-578718.43,-1265745.64,183.46
-578718.16,-1265745.76,183.62
-578717.85,-1265745.90,183.80
-578717.58,-1265746.02,183.96
-578717.28,-1265746.15,184.09
-578717.01,-1265746.28,184.26
-578716.73,-1265746.40,184.38
-578716.44,-1265746.53,184.50
-578720.32,-1265744.60,182.59
-578720.04,-1265744.73,182.67
-578719.73,-1265744.87,182.77
-578719.43,-1265745.00,182.91
-578719.16,-1265745.12,183.04
-578718.87,-1265745.25,183.19
-578716.37,-1265745.92,184.49
-578718.60,-1265745.37,183.34
-578718.33,-1265745.49,183.50
-578718.02,-1265745.63,183.66
-578717.75,-1265745.75,183.81
-578717.46,-1265745.89,183.97
-578717.17,-1265746.01,184.13
-578716.90,-1265746.13,184.28
-578716.61,-1265746.26,184.44
-578716.31,-1265746.40,184.51
-578720.21,-1265743.88,182.61
-578719.91,-1265744.01,182.69
-578719.62,-1265744.14,182.74
-578719.34,-1265744.27,182.93
-578719.05,-1265744.40,183.06
-578718.79,-1265744.52,183.19
-578718.50,-1265744.64,183.34
-578718.20,-1265744.78,183.53
-578717.93,-1265744.90,183.66
-578717.63,-1265745.03,183.82
-578717.35,-1265745.16,184.01
-578717.09,-1265745.28,184.10
-578716.78,-1265745.41,184.31
-578716.49,-1265745.54,184.46
-578716.21,-1265745.67,184.52
-578720.41,-1265744.12,182.55
-578720.08,-1265744.26,182.67
-578719.80,-1265744.39,182.74
-578719.50,-1265744.52,182.83
-578719.22,-1265744.65,183.00
-578718.95,-1265744.77,183.15
-578718.67,-1265744.89,183.28
-578718.39,-1265745.02,183.44
-578718.09,-1265745.15,183.61
-578717.82,-1265745.27,183.75
-578717.53,-1265745.41,183.90
-578717.24,-1265745.53,184.06
-578716.97,-1265745.66,184.22
-578716.68,-1265745.79,184.36
-578720.22,-1265743.34,182.61
-578719.94,-1265743.47,182.68
-578719.64,-1265743.60,182.78
-578719.36,-1265743.72,182.88
-578719.09,-1265743.85,183.01
-578718.81,-1265743.97,183.17
-578718.53,-1265744.10,183.32
-578718.24,-1265744.23,183.52
-578717.96,-1265744.35,183.63
-578717.66,-1265744.49,183.80
-578717.39,-1265744.61,183.96
-578717.11,-1265744.73,184.08
-578716.81,-1265744.87,184.28
-578716.51,-1265745.00,184.44
-578716.23,-1265745.12,184.55
-578720.10,-1265742.69,182.62
-578719.83,-1265742.81,182.70
-578719.55,-1265742.93,182.78
-578719.27,-1265743.06,182.88
-578719.00,-1265743.18,183.01
-578718.72,-1265743.31,183.17
-578718.43,-1265743.44,183.33
-578718.15,-1265743.56,183.50
-578717.85,-1265743.70,183.63
-578717.57,-1265743.82,183.78
-578717.31,-1265743.94,183.92
-578717.00,-1265744.08,184.10
-578716.70,-1265744.21,184.27
-578716.43,-1265744.33,184.43
-578716.13,-1265744.46,184.54
-578720.07,-1265743.16,182.62
-578719.77,-1265743.30,182.74
-578719.50,-1265743.42,182.78
-578719.22,-1265743.54,182.93
-578718.94,-1265743.67,183.05
-578718.66,-1265743.79,183.25
-578718.37,-1265743.92,183.38
-578718.09,-1265744.05,183.56
-578717.79,-1265744.18,183.70
-578717.52,-1265744.30,183.82
-578717.24,-1265744.43,183.99
-578716.94,-1265744.56,184.15
-578716.66,-1265744.69,184.34
-578716.37,-1265744.81,184.48
-578716.07,-1265744.95,184.55
-578719.95,-1265742.46,182.62
-578719.69,-1265742.58,182.71
-578719.41,-1265742.71,182.78
-578719.12,-1265742.83,182.91
-578718.85,-1265742.95,183.04
-578718.56,-1265743.09,183.20
-578718.27,-1265743.21,183.38
-578717.98,-1265743.34,183.54
-578717.70,-1265743.47,183.72
-578717.42,-1265743.59,183.81
-578717.13,-1265743.72,184.03
-578716.83,-1265743.86,184.17
-578719.99,-1265741.94,182.61
-578719.73,-1265742.06,182.69
-578719.45,-1265742.18,182.76
-578719.17,-1265742.31,182.88
-578718.90,-1265742.43,183.01
-578718.60,-1265742.56,183.19
-578718.32,-1265742.69,183.33
-578718.03,-1265742.81,183.53
-578717.74,-1265742.94,183.68
-578717.47,-1265743.07,183.81
-578717.17,-1265743.20,183.94
-578716.88,-1265743.33,184.14
-578716.60,-1265743.45,184.28
-578716.30,-1265743.59,184.43
-578716.55,-1265743.98,184.34
-578716.27,-1265744.11,184.49
-578719.84,-1265741.67,182.63
-578719.58,-1265741.79,182.72
-578719.30,-1265741.92,182.78
-578719.01,-1265742.05,182.94
-578718.72,-1265742.18,183.08
-578718.45,-1265742.30,183.24
-578718.14,-1265742.44,183.41
-578717.87,-1265742.56,183.61
-578717.59,-1265742.68,183.72
-578717.30,-1265742.81,183.88
-578717.00,-1265742.95,184.05
-578716.73,-1265743.07,184.19
-578716.43,-1265743.20,184.34
-578716.13,-1265743.34,184.49
-578719.93,-1265741.27,182.58
-578719.67,-1265741.39,182.65
-578719.39,-1265741.52,182.76
-578719.12,-1265741.64,182.87
-578718.82,-1265741.77,183.03
-578718.54,-1265741.90,183.11
-578718.23,-1265742.03,183.35
-578717.96,-1265742.15,183.47
-578717.68,-1265742.28,183.68
-578717.39,-1265742.41,183.79
-578717.09,-1265742.54,183.96
-578716.81,-1265742.67,184.11
-578716.51,-1265742.80,184.28
-578716.22,-1265742.93,184.45
-578715.93,-1265743.06,184.55
-578719.76,-1265740.96,182.62
-578719.47,-1265741.09,182.71
-578719.19,-1265741.21,182.81
-578718.90,-1265741.34,182.94
-578718.63,-1265741.47,183.09
-578718.32,-1265741.60,183.23
-578718.04,-1265741.72,183.38
-578717.47,-1265741.98,183.74
-578717.18,-1265742.11,183.91
-578716.91,-1265742.23,184.06
-578716.61,-1265742.37,184.19
-578716.31,-1265742.50,184.35
-578716.01,-1265742.64,184.50
-578719.81,-1265740.54,182.57
-578719.54,-1265740.67,182.67
-578719.27,-1265740.79,182.77
-578718.97,-1265740.92,182.92
-578718.69,-1265741.05,183.03
-578718.39,-1265741.18,183.18
-578718.12,-1265741.30,183.32
-578717.84,-1265741.42,183.50
-578717.24,-1265741.69,183.84
-578716.97,-1265741.81,183.99
-578716.66,-1265741.95,184.12
-578716.37,-1265742.08,184.33
-578716.08,-1265742.21,184.47
-578715.80,-1265742.34,184.56
-578719.94,-1265740.07,182.57
-578719.65,-1265740.20,182.64
-578719.38,-1265740.32,182.72
-578719.08,-1265740.46,182.80
-578718.80,-1265740.58,183.00
-578718.49,-1265740.72,183.10
-578718.22,-1265740.84,183.30
-578717.94,-1265740.96,183.40
-578717.64,-1265741.10,183.61
-578717.35,-1265741.23,183.76
-578717.08,-1265741.35,183.93
-578719.77,-1265739.93,182.59
-578719.50,-1265740.05,182.65
-578719.22,-1265740.18,182.74
-578718.94,-1265740.30,182.88
-578718.63,-1265740.44,183.03
-578718.36,-1265740.56,183.18
-578718.08,-1265740.68,183.31
-578717.49,-1265740.95,183.64
-578717.21,-1265741.07,183.79
-578716.90,-1265741.21,183.97
-578716.61,-1265741.34,184.11
-578716.31,-1265741.47,184.27
-578716.03,-1265741.59,184.44
-578715.76,-1265741.72,184.50
-578716.78,-1265741.48,184.07
-578716.48,-1265741.62,184.22
-578716.18,-1265741.75,184.41
-578715.90,-1265741.87,184.51
-578719.87,-1265739.40,182.50
-578719.57,-1265739.53,182.61
-578719.27,-1265739.67,182.71
-578719.01,-1265739.78,182.81
-578718.70,-1265739.92,182.96
-578718.42,-1265740.05,183.10
-578718.15,-1265740.17,183.26
-578717.85,-1265740.30,183.42
-578717.55,-1265740.44,183.56
-578717.28,-1265740.55,183.74
-578719.66,-1265739.19,182.59
-578719.37,-1265739.32,182.66
-578719.09,-1265739.44,182.77
-578718.80,-1265739.57,182.90
-578718.52,-1265739.70,183.03
-578718.25,-1265739.82,183.18
-578717.94,-1265739.96,183.34
-578717.64,-1265740.09,183.49
-578717.36,-1265740.21,183.66
-578717.07,-1265740.34,183.82
-578716.77,-1265740.48,184.00
-578716.47,-1265740.61,184.12
-578716.20,-1265740.73,184.28
-578715.92,-1265740.86,184.44
-578715.64,-1265740.98,184.52
-578716.98,-1265740.69,183.88
-578716.68,-1265740.82,184.03
-578716.38,-1265740.95,184.23
-578716.11,-1265741.08,184.36
-578715.82,-1265741.20,184.49
-578719.76,-1265738.68,182.58
-578719.46,-1265738.82,182.65
-578719.18,-1265738.94,182.73
-578718.88,-1265739.08,182.85
-578718.61,-1265739.19,182.97
-578718.32,-1265739.32,183.12
-578718.03,-1265739.45,183.27
-578717.74,-1265739.58,183.45
-578717.45,-1265739.71,183.57
-578717.16,-1265739.84,183.75
-578716.86,-1265739.97,183.92
-578719.60,-1265738.54,182.59
-578719.34,-1265738.65,182.65
-578719.04,-1265738.79,182.77
-578718.76,-1265738.91,182.87
-578718.48,-1265739.03,183.00
-578718.18,-1265739.17,183.20
-578717.90,-1265739.30,183.34
-578717.61,-1265739.42,183.48
-578717.31,-1265739.56,183.66
-578717.02,-1265739.69,183.80
-578716.71,-1265739.83,184.00
-578716.45,-1265739.94,184.11
-578716.17,-1265740.07,184.27
-578715.89,-1265740.19,184.42
-578715.62,-1265740.31,184.51
-578716.55,-1265740.11,184.11
-578716.28,-1265740.23,184.23
-578716.01,-1265740.35,184.40
-578715.72,-1265740.48,184.53
-578719.48,-1265737.75,182.63
-578718.93,-1265737.99,182.77
-578718.65,-1265738.12,182.88
-578718.35,-1265738.25,182.99
-578718.06,-1265738.38,183.20
-578717.77,-1265738.51,183.35
-578717.48,-1265738.64,183.49
-578717.18,-1265738.77,183.68
-578716.88,-1265738.91,183.82
-578716.60,-1265739.03,183.97
-578716.34,-1265739.15,184.09
-578716.05,-1265739.28,184.26
-578715.77,-1265739.40,184.42
-578715.49,-1265739.53,184.51
-578719.42,-1265738.12,182.65
-578719.13,-1265738.25,182.73
-578718.84,-1265738.38,182.83
-578718.56,-1265738.50,182.96
-578718.28,-1265738.63,183.10
-578717.97,-1265738.76,183.27
-578717.70,-1265738.89,183.44
-578717.40,-1265739.02,183.59
-578717.11,-1265739.15,183.75
-578716.81,-1265739.28,183.92
-578716.53,-1265739.41,184.04
-578716.25,-1265739.53,184.23
-578715.98,-1265739.65,184.34
-578715.69,-1265739.78,184.51
-578719.31,-1265737.43,182.65
-578719.03,-1265737.56,182.76
-578718.75,-1265737.68,182.84
-578718.45,-1265737.81,182.99
-578718.16,-1265737.94,183.11
-578717.89,-1265738.06,183.25
-578717.58,-1265738.20,183.47
-578717.28,-1265738.33,183.66
-578716.99,-1265738.46,183.78
-578716.72,-1265738.58,183.94
-578716.43,-1265738.71,184.08
-578716.17,-1265738.83,184.19
-578715.88,-1265738.96,184.34
-578715.58,-1265739.09,184.49
-578719.52,-1265736.63,182.55
-578719.25,-1265736.75,182.63
-578718.97,-1265736.88,182.71
-578718.66,-1265737.01,182.84
-578718.37,-1265737.14,182.98
-578718.09,-1265737.27,183.11
-578717.79,-1265737.40,183.30
-578717.50,-1265737.53,183.47
-578717.20,-1265737.66,183.62
-578716.92,-1265737.79,183.74
-578716.66,-1265737.90,183.92
-578716.37,-1265738.03,184.07
-578716.09,-1265738.16,184.19
-578715.80,-1265738.28,184.34
-578715.52,-1265738.41,184.48
-578719.40,-1265737.06,182.59
-578719.14,-1265737.18,182.68
-578718.85,-1265737.31,182.76
-578718.57,-1265737.43,182.88
-578718.26,-1265737.57,183.02
-578717.99,-1265737.69,183.20
-578717.69,-1265737.82,183.36
-578717.39,-1265737.96,183.57
-578717.09,-1265738.09,183.71
-578716.82,-1265738.21,183.84
-578716.54,-1265738.34,183.98
-578716.25,-1265738.46,184.12
-578715.98,-1265738.58,184.26
-578715.69,-1265738.71,184.40
-578715.41,-1265738.84,184.51
-578719.32,-1265736.39,182.58
-578719.06,-1265736.50,182.65
-578718.76,-1265736.64,182.78
-578718.47,-1265736.77,182.89
-578718.19,-1265736.89,183.04
-578717.90,-1265737.02,183.22
-578717.60,-1265737.16,183.37
-578717.30,-1265737.29,183.53
-578717.02,-1265737.41,183.69
-578716.75,-1265737.54,183.83
-578716.47,-1265737.66,183.96
-578716.19,-1265737.78,184.15
-578715.90,-1265737.91,184.25
-578715.63,-1265738.03,184.40
-578715.32,-1265738.17,184.51
-578719.46,-1265735.97,182.53
-578719.18,-1265736.09,182.63
-578718.88,-1265736.22,182.69
-578718.58,-1265736.36,182.81
-578718.31,-1265736.48,182.92
-578718.00,-1265736.62,183.11
-578717.71,-1265736.75,183.25
-578717.41,-1265736.88,183.44
-578717.14,-1265737.00,183.59
-578716.86,-1265737.12,183.74
-578716.59,-1265737.24,183.91
-578716.31,-1265737.37,184.01
-578716.00,-1265737.50,184.19
-578715.73,-1265737.62,184.34
-578715.44,-1265737.75,184.50
-578718.98,-1265735.83,182.66
-578718.68,-1265735.96,182.77
-578718.41,-1265736.08,182.88
-578718.10,-1265736.21,183.02
-578717.81,-1265736.35,183.21
-578717.51,-1265736.48,183.35
-578717.23,-1265736.60,183.50
-578716.95,-1265736.73,183.66
-578716.68,-1265736.85,183.80
-578716.40,-1265736.97,183.95
-578716.10,-1265737.10,184.09
-578715.83,-1265737.23,184.27
-578715.53,-1265737.36,184.41
-578715.26,-1265737.48,184.52
-578719.20,-1265735.02,182.56
-578718.92,-1265735.15,182.67
-578718.64,-1265735.27,182.76
-578718.34,-1265735.40,182.88
-578718.05,-1265735.53,183.02
-578717.75,-1265735.67,183.20
-578717.47,-1265735.79,183.35
-578717.19,-1265735.91,183.49
-578716.93,-1265736.03,183.62
-578716.64,-1265736.16,183.78
-578716.34,-1265736.29,183.93
-578719.13,-1265735.45,182.58
-578718.82,-1265735.58,182.68
-578718.55,-1265735.70,182.78
-578718.25,-1265735.84,182.93
-578717.94,-1265735.97,183.09
-578717.64,-1265736.11,183.25
-578717.37,-1265736.23,183.37
-578717.10,-1265736.35,183.57
-578716.82,-1265736.47,183.70
-578716.54,-1265736.59,183.83
-578716.25,-1265736.73,184.00
-578715.97,-1265736.85,184.17
-578715.68,-1265736.98,184.31
-578715.40,-1265737.10,184.47
-578719.05,-1265734.74,182.62
-578718.77,-1265734.86,182.69
-578718.48,-1265735.00,182.78
-578718.18,-1265735.13,182.92
-578717.88,-1265735.26,183.06
-578717.60,-1265735.38,183.23
-578717.32,-1265735.51,183.37
-578717.05,-1265735.63,183.51
-578716.77,-1265735.75,183.64
-578716.47,-1265735.89,183.83
-578716.19,-1265736.01,183.98
-578715.90,-1265736.14,184.12
-578715.63,-1265736.26,184.30
-578715.35,-1265736.39,184.43
-578715.05,-1265736.52,184.52
-578716.06,-1265736.41,184.07
-578715.78,-1265736.54,184.24
-578715.49,-1265736.67,184.40
-578715.22,-1265736.79,184.52
-578719.14,-1265734.33,182.58
-578718.89,-1265734.44,182.65
-578718.58,-1265734.58,182.76
-578718.28,-1265734.71,182.89
-578717.99,-1265734.84,183.04
-578717.71,-1265734.97,183.15
-578717.43,-1265735.09,183.33
-578717.16,-1265735.21,183.49
-578716.88,-1265735.33,183.61
-578716.58,-1265735.47,183.80
-578716.31,-1265735.59,183.93
-578716.01,-1265735.72,184.06
-578715.73,-1265735.85,184.24
-578715.45,-1265735.97,184.39
-578715.16,-1265736.10,184.53
-578719.02,-1265734.09,182.60
-578718.73,-1265734.22,182.67
-578718.43,-1265734.35,182.81
-578718.13,-1265734.49,182.93
-578717.86,-1265734.61,183.07
-578717.58,-1265734.73,183.23
-578717.30,-1265734.85,183.36
-578717.03,-1265734.98,183.50
-578716.73,-1265735.11,183.64
-578716.45,-1265735.23,183.83
-578716.15,-1265735.36,183.96
-578715.87,-1265735.49,184.12
-578715.60,-1265735.61,184.28
-578715.31,-1265735.74,184.43
-578715.01,-1265735.87,184.52
-578718.80,-1265733.75,182.67
-578718.50,-1265733.89,182.74
-578718.20,-1265734.02,182.86
-578717.93,-1265734.14,183.04
-578717.65,-1265734.26,183.20
-578717.37,-1265734.39,183.32
-578717.10,-1265734.51,183.49
-578716.80,-1265734.64,183.63
-578716.52,-1265734.76,183.76
-578716.23,-1265734.89,183.94
-578715.95,-1265735.02,184.07
-578715.67,-1265735.14,184.23
-578715.37,-1265735.27,184.39
-578715.07,-1265735.41,184.51
-578718.93,-1265733.39,182.61
-578718.64,-1265733.52,182.68
-578718.35,-1265733.65,182.75
-578718.07,-1265733.78,182.93
-578717.80,-1265733.90,183.05
-578717.52,-1265734.02,183.21
-578717.24,-1265734.14,183.33
-578716.95,-1265734.27,183.51
-578716.66,-1265734.40,183.65
-578716.36,-1265734.53,183.83
-578716.09,-1265734.65,183.97
-578715.81,-1265734.78,184.08
-578715.52,-1265734.91,184.28
-578715.22,-1265735.04,184.43
-578714.95,-1265735.16,184.52
-578718.78,-1265733.16,182.62
-578718.48,-1265733.29,182.69
-578718.20,-1265733.41,182.81
-578717.93,-1265733.54,182.97
-578717.65,-1265733.66,183.10
-578717.38,-1265733.78,183.26
-578717.08,-1265733.91,183.42
-578716.80,-1265734.04,183.58
-578716.51,-1265734.17,183.74
-578716.22,-1265734.29,183.90
-578715.95,-1265734.41,184.01
-578715.66,-1265734.54,184.19
-578715.35,-1265734.68,184.34
-578715.07,-1265734.80,184.51
-578717.51,-1265733.35,183.18
-578717.22,-1265733.48,183.32
-578716.95,-1265733.60,183.46
-578716.63,-1265733.74,183.64
-578716.09,-1265733.98,183.92
-578715.78,-1265734.12,184.08
-578715.49,-1265734.25,184.24
-578715.21,-1265734.37,184.34
-578714.91,-1265734.50,184.50
-578716.46,-1265733.42,183.76
-578716.19,-1265733.54,183.91
-578715.88,-1265733.68,184.01
-578715.59,-1265733.80,184.13
-578715.31,-1265733.93,184.28
-578715.01,-1265734.06,184.44
-578715.71,-1265733.41,184.10
-578715.16,-1265733.66,184.34
-578714.85,-1265733.79,184.50
-578720.84,-1265747.53,182.54
-578717.92,-1265748.17,184.05
-578719.64,-1265747.68,183.06
-578720.66,-1265747.17,182.59
-578720.14,-1265747.43,182.75
-578720.47,-1265746.90,182.64
-578719.98,-1265747.15,182.79
-578719.45,-1265747.41,183.07
-578718.94,-1265747.66,183.38
-578718.45,-1265747.91,183.69
-578719.83,-1265746.79,182.81
-578719.34,-1265747.04,183.06
-578718.85,-1265747.28,183.36
-578718.31,-1265747.55,183.64
-578717.78,-1265747.81,183.95
-578717.29,-1265748.06,184.34
-578720.09,-1265746.20,182.72
-578719.61,-1265746.44,182.91
-578719.10,-1265746.69,183.19
-578718.58,-1265746.95,183.44
-578718.05,-1265747.21,183.76
-578717.54,-1265747.46,184.07
-578717.01,-1265747.73,184.34
-578720.42,-1265745.59,182.59
-578719.93,-1265745.83,182.74
-578719.44,-1265746.07,182.97
-578717.35,-1265747.11,184.13
-578718.92,-1265746.33,183.27
-578718.37,-1265746.60,183.59
-578717.87,-1265746.85,183.86
-578720.34,-1265745.41,182.59
-578719.85,-1265745.65,182.74
-578719.34,-1265745.91,183.00
-578718.80,-1265746.17,183.28
-578718.30,-1265746.42,183.59
-578717.77,-1265746.68,183.88
-578717.24,-1265746.95,184.17
-578718.07,-1265745.92,183.72
-578717.53,-1265746.19,183.97
-578717.00,-1265746.45,184.27
-578720.48,-1265744.39,182.58
-578719.98,-1265744.63,182.70
-578719.45,-1265744.89,182.90
-578718.95,-1265745.14,183.16
-578718.41,-1265745.41,183.43
-578717.88,-1265745.67,183.75
-578717.35,-1265745.93,184.05
-578716.85,-1265746.18,184.28
-578720.16,-1265744.88,182.67
-578719.62,-1265745.15,182.83
-578719.10,-1265745.41,183.14
-578718.61,-1265745.65,183.34
-578720.33,-1265743.93,182.58
-578719.80,-1265744.19,182.70
-578719.31,-1265744.43,182.93
-578718.78,-1265744.70,183.24
-578718.24,-1265744.96,183.52
-578717.71,-1265745.23,183.81
-578717.22,-1265745.47,184.06
-578717.95,-1265744.35,183.63
-578717.45,-1265744.60,183.91
-578716.96,-1265744.84,184.17
-578720.25,-1265743.84,182.59
-578719.76,-1265744.08,182.71
-578719.23,-1265744.35,182.95
-578718.69,-1265744.62,183.25
-578718.17,-1265744.87,183.55
-578717.69,-1265745.11,183.81
-578717.18,-1265745.37,184.09
-578720.05,-1265743.31,182.63
-578719.52,-1265743.57,182.83
-578718.97,-1265743.85,183.06
-578718.44,-1265744.11,183.38
-578719.30,-1265743.25,182.87
-578718.76,-1265743.51,183.14
-578718.27,-1265743.76,183.46
-578717.77,-1265744.01,183.70
-578717.28,-1265744.25,183.94
-578716.79,-1265744.49,184.26
-578720.12,-1265742.37,182.60
-578719.60,-1265742.63,182.73
-578719.06,-1265742.90,182.93
-578718.56,-1265743.14,183.24
-578718.06,-1265743.39,183.53
-578717.57,-1265743.63,183.78
-578717.06,-1265743.89,184.07
-578716.54,-1265744.15,184.35
-578718.36,-1265742.46,183.32
-578717.87,-1265742.71,183.63
-578717.32,-1265742.98,183.89
-578716.82,-1265743.23,184.14
-578719.35,-1265741.97,182.78
-578718.86,-1265742.21,183.02
-578719.48,-1265742.49,182.77
-578718.99,-1265742.73,182.99
-578718.50,-1265742.98,183.25
-578718.01,-1265743.22,183.54
-578717.51,-1265743.47,183.78
-578716.98,-1265743.73,184.06
-578720.01,-1265742.23,182.60
-578720.08,-1265741.20,182.56
-578719.66,-1265741.40,182.65
-578719.17,-1265741.65,182.84
-578718.67,-1265741.90,183.09
-578718.17,-1265742.14,183.38
-578717.64,-1265742.41,183.69
-578717.15,-1265742.65,183.93
-578716.61,-1265742.92,184.25
-578719.52,-1265741.05,182.71
-578719.03,-1265741.29,182.91
-578718.52,-1265741.54,183.17
-578717.98,-1265741.81,183.38
-578717.49,-1265742.06,183.72
-578716.96,-1265742.32,184.01
-578716.46,-1265742.57,184.26
-578719.42,-1265740.86,182.69
-578718.92,-1265741.11,182.93
-578718.40,-1265741.36,183.19
-578717.90,-1265741.62,183.47
-578717.36,-1265741.88,183.78
-578716.86,-1265742.13,184.07
-578716.36,-1265742.38,184.33
-578719.71,-1265740.14,182.59
-578719.20,-1265740.39,182.78
-578718.67,-1265740.66,183.02
-578718.18,-1265740.90,183.31
-578717.64,-1265741.17,183.61
-578717.14,-1265741.41,183.87
-578716.66,-1265741.65,184.11
-578719.51,-1265739.80,182.65
-578718.97,-1265740.07,182.81
-578718.48,-1265740.31,183.07
-578717.94,-1265740.58,183.38
-578717.45,-1265740.83,183.66
-578716.95,-1265741.07,183.93
-578716.41,-1265741.34,184.22
-578719.70,-1265739.03,182.59
-578719.22,-1265739.27,182.71
-578718.69,-1265739.54,182.94
-578718.19,-1265739.78,183.20
-578717.69,-1265740.03,183.47
-578717.17,-1265740.29,183.76
-578716.63,-1265740.56,184.04
-578716.13,-1265740.81,184.33
-578719.86,-1265739.25,182.56
-578719.33,-1265739.52,182.66
-578718.84,-1265739.76,182.88
-578718.30,-1265740.03,183.18
-578717.80,-1265740.28,183.44
-578717.31,-1265740.52,183.74
-578716.76,-1265740.79,184.02
-578716.25,-1265741.04,184.26
-578719.54,-1265738.60,182.61
-578719.00,-1265738.87,182.77
-578718.50,-1265739.12,183.03
-578718.01,-1265739.37,183.26
-578717.47,-1265739.63,183.56
-578718.80,-1265738.39,182.87
-578718.30,-1265738.64,183.10
-578717.74,-1265738.92,183.42
-578717.23,-1265739.17,183.67
-578716.73,-1265739.43,183.95
-578716.19,-1265739.69,184.23
-578716.46,-1265740.14,184.14
-578719.29,-1265738.15,182.67
-578716.95,-1265739.89,183.87
-578719.68,-1265737.75,182.57
-578719.21,-1265737.98,182.67
-578718.71,-1265738.22,182.88
-578718.18,-1265738.49,183.10
-578717.63,-1265738.76,183.47
-578717.14,-1265739.00,183.70
-578716.60,-1265739.27,184.02
-578716.07,-1265739.54,184.26
-578719.60,-1265737.41,182.58
-578719.10,-1265737.66,182.73
-578718.58,-1265737.91,182.89
-578718.05,-1265738.18,183.21
-578717.54,-1265738.44,183.49
-578717.01,-1265738.70,183.77
-578716.46,-1265738.97,184.05
-578719.48,-1265737.03,182.58
-578718.93,-1265737.31,182.71
-578718.41,-1265737.57,182.94
-578717.90,-1265737.82,183.24
-578717.35,-1265738.10,183.57
-578716.82,-1265738.36,183.82
-578716.28,-1265738.63,184.09
-578719.13,-1265736.39,182.64
-578718.63,-1265736.64,182.79
-578718.10,-1265736.90,183.09
-578717.55,-1265737.18,183.38
-578717.01,-1265737.45,183.69
-578716.51,-1265737.70,183.94
-578716.03,-1265737.93,184.19
-578719.02,-1265736.07,182.67
-578718.47,-1265736.35,182.90
-578717.93,-1265736.61,183.16
-578717.39,-1265736.89,183.49
-578716.90,-1265737.13,183.72
-578716.39,-1265737.38,183.96
-578715.91,-1265737.62,184.26
-578719.23,-1265736.57,182.63
-578718.70,-1265736.83,182.79
-578718.20,-1265737.08,183.04
-578717.65,-1265737.36,183.35
-578717.11,-1265737.63,183.66
-578716.56,-1265737.90,183.94
-578716.09,-1265738.13,184.19
-578719.44,-1265735.87,182.54
-578718.83,-1265735.70,182.68
-578718.31,-1265735.96,182.92
-578717.75,-1265736.24,183.22
-578717.27,-1265736.48,183.50
-578716.76,-1265736.73,183.74
-578716.25,-1265736.99,184.04
-578715.76,-1265737.23,184.30
-578719.17,-1265735.08,182.58
-578718.63,-1265735.34,182.73
-578718.10,-1265735.61,183.00
-578717.59,-1265735.86,183.25
-578717.10,-1265736.11,183.55
-578716.60,-1265736.36,183.81
-578716.09,-1265736.61,184.06
-578719.04,-1265734.87,182.61
-578718.50,-1265735.14,182.80
-578717.99,-1265735.39,183.04
-578717.51,-1265735.63,183.29
-578716.99,-1265735.89,183.60
-578716.50,-1265736.13,183.83
-578716.85,-1265735.58,183.62
-578716.32,-1265735.84,183.93
-578715.82,-1265736.09,184.19
-578715.97,-1265736.40,184.17
-578718.86,-1265734.57,182.66
-578718.35,-1265734.83,182.81
-578718.75,-1265734.17,182.67
-578718.24,-1265734.42,182.83
-578717.75,-1265734.66,183.13
-578717.25,-1265734.91,183.39
-578716.71,-1265735.19,183.69
-578716.21,-1265735.43,183.94
-578715.67,-1265735.70,184.26
-578717.86,-1265735.07,183.06
-578717.36,-1265735.32,183.36
-578719.20,-1265733.94,182.56
-578716.55,-1265734.89,183.75
-578716.02,-1265735.15,184.04
-578715.52,-1265735.40,184.30
-578718.60,-1265733.86,182.69
-578718.09,-1265734.12,182.93
-578717.58,-1265734.37,183.21
-578717.05,-1265734.64,183.50
-578718.00,-1265733.87,182.95
-578717.46,-1265734.14,183.25
-578716.95,-1265734.39,183.51
-578716.41,-1265734.66,183.79
-578715.92,-1265734.90,184.07
-578717.30,-1265733.93,183.32
-578716.77,-1265734.20,183.61
-578716.26,-1265734.46,183.88
-578715.77,-1265734.70,184.10
-578715.36,-1265734.06,184.27
-578716.07,-1265733.99,183.94
-578715.54,-1265734.26,184.20
-578716.76,-1265748.32,184.62
-578716.51,-1265746.69,184.51
-578716.81,-1265747.38,184.40
-578716.71,-1265747.21,184.47
-578716.36,-1265746.43,184.51
-578716.72,-1265745.72,184.35
-578716.69,-1265745.61,184.36
-578716.47,-1265745.09,184.47
-578716.25,-1265744.76,184.49
-578716.48,-1265743.98,184.34
-578716.30,-1265743.49,184.43
-578716.11,-1265743.17,184.49
-578715.96,-1265742.82,184.55
-578715.66,-1265739.95,184.51
-578715.74,-1265741.30,184.51
-578715.89,-1265741.60,184.48
-578716.11,-1265741.93,184.45
-578715.00,-1265734.53,184.49
-578715.22,-1265734.97,184.44
-578715.41,-1265735.15,184.33
-578715.02,-1265735.65,184.52
-578715.17,-1265735.95,184.52
-578715.28,-1265736.36,184.50
-578715.46,-1265736.65,184.42
-578715.55,-1265736.88,184.40
-578715.40,-1265737.87,184.50
-578715.58,-1265738.38,184.43
-578715.51,-1265738.19,184.48
-578715.78,-1265738.88,184.35
-578715.93,-1265739.23,184.35
-578715.46,-1265739.47,184.53
-578715.90,-1265740.41,184.46
-578718.99,-1265733.37,182.60
-578718.49,-1265733.62,182.73
-578718.84,-1265733.17,182.62
-578718.35,-1265733.42,182.74
-578717.80,-1265733.69,183.05
-578716.41,-1265733.53,183.77
-578715.88,-1265733.80,184.03
-578717.60,-1265733.23,183.10
-578717.07,-1265733.50,183.46
-578716.57,-1265733.74,183.65
-578716.27,-1265733.28,183.88
-578715.72,-1265733.55,184.08
-578715.24,-1265733.79,184.32
