-443805.49,-1172308.77,355.78
-443805.42,-1172308.27,355.41
-443805.68,-1172310.12,356.79
-443801.59,-1172308.76,355.37
-443801.53,-1172308.13,354.91
-443805.38,-1172307.32,354.71
-443802.77,-1172306.88,354.12
-443803.09,-1172311.08,357.22
-443802.65,-1172310.74,356.93
-443805.71,-1172310.29,356.92
-443801.52,-1172309.97,356.25
-443803.45,-1172311.28,357.41
-443802.58,-1172306.89,354.11
-443803.80,-1172311.34,357.49
-443804.93,-1172311.25,357.54
-443801.41,-1172307.17,354.19
-443805.74,-1172311.20,357.59
-443805.94,-1172311.26,357.66
-443801.42,-1172306.93,354.02
-443801.64,-1172306.69,353.87
-443801.43,-1172306.61,353.79

