-579424.79,-1266078.31,175.72
-579424.12,-1266078.45,175.76
-579424.30,-1266078.18,175.75
-579423.79,-1266078.37,175.81
-579423.98,-1266078.09,175.78
-579422.52,-1266078.50,175.98
-579422.71,-1266078.20,175.94
-579424.54,-1266078.26,175.74
-579424.72,-1266077.99,175.74
-579423.09,-1266078.60,175.89
-579423.28,-1266078.31,175.86
-579421.29,-1266078.85,176.12
-579421.47,-1266078.57,176.11
-579421.66,-1266078.30,176.08
-579423.39,-1266078.60,175.84
-579423.58,-1266078.33,175.83
-579423.76,-1266078.06,175.81
-579422.02,-1266078.69,176.02
-579422.21,-1266078.40,176.01
-579420.14,-1266079.00,176.25
-579420.34,-1266078.70,176.25
-579420.54,-1266078.40,176.22
-579422.84,-1266078.54,175.94
-579423.01,-1266078.27,175.92
-579420.98,-1266078.77,176.17
-579421.17,-1266078.48,176.15
-579421.56,-1266078.92,176.07
-579421.74,-1266078.65,176.07
-579421.94,-1266078.36,176.06
-579419.85,-1266078.95,176.26
-579420.04,-1266078.67,176.26
-579420.49,-1266079.03,176.22
-579420.67,-1266078.76,176.21
-579420.88,-1266078.44,176.18
-579424.91,-1266077.70,175.70
-579425.11,-1266077.42,175.70
-579424.50,-1266077.88,175.74
-579424.68,-1266077.60,175.72
-579424.86,-1266077.34,175.70
-579424.17,-1266077.80,175.77
-579424.36,-1266077.52,175.74
-579424.56,-1266077.22,175.73
-579424.74,-1266076.95,175.70
-579423.94,-1266077.78,175.79
-579424.13,-1266077.50,175.75
-579424.33,-1266077.21,175.74
-579424.51,-1266076.93,175.72
-579424.71,-1266076.64,175.70
-579423.48,-1266078.01,175.84
-579423.67,-1266077.73,175.82
-579423.85,-1266077.46,175.79
-579424.03,-1266077.18,175.77
-579424.22,-1266076.90,175.74
-579424.42,-1266076.61,175.73
-579424.60,-1266076.33,175.70
-579423.22,-1266077.98,175.88
-579423.42,-1266077.67,175.85
-579423.61,-1266077.38,175.81
-579423.80,-1266077.10,175.80
-579423.98,-1266076.83,175.77
-579424.16,-1266076.56,175.74
-579424.35,-1266076.27,175.73
-579424.55,-1266075.97,175.70
-579422.91,-1266077.91,175.93
-579423.10,-1266077.63,175.89
-579423.30,-1266077.33,175.86
-579423.49,-1266077.04,175.83
-579423.69,-1266076.74,175.79
-579423.88,-1266076.46,175.76
-579424.06,-1266076.20,175.74
-579424.24,-1266075.91,175.73
-579422.40,-1266078.12,176.00
-579422.58,-1266077.84,175.96
-579422.78,-1266077.55,175.94
-579422.98,-1266077.25,175.90
-579423.16,-1266076.98,175.87
-579423.36,-1266076.68,175.84
-579423.56,-1266076.38,175.81
-579423.76,-1266076.08,175.78
-579423.94,-1266075.81,175.74
-579424.12,-1266075.53,175.73
-579424.31,-1266075.25,175.71
-579424.49,-1266074.98,175.69
-579422.33,-1266077.77,176.00
-579422.50,-1266077.51,175.97
-579422.69,-1266077.23,175.94
-579422.89,-1266076.92,175.90
-579423.09,-1266076.63,175.87
-579423.27,-1266076.36,175.85
-579423.47,-1266076.05,175.81
-579423.67,-1266075.76,175.78
-579423.86,-1266075.47,175.75
-579424.05,-1266075.18,175.72
-579422.13,-1266078.08,176.02
-579421.84,-1266078.02,176.07
-579422.04,-1266077.72,176.03
-579422.22,-1266077.44,176.01
-579422.42,-1266077.14,175.97
-579422.60,-1266076.87,175.94
-579422.79,-1266076.60,175.91
-579422.99,-1266076.29,175.87
-579423.18,-1266076.00,175.85
-579423.36,-1266075.73,175.82
-579423.56,-1266075.43,175.78
-579423.76,-1266075.13,175.76
-579423.96,-1266074.84,175.72
-579424.14,-1266074.56,175.71
-579424.33,-1266074.27,175.69
-579424.40,-1266073.63,175.69
-579421.36,-1266078.20,176.12
-579421.54,-1266077.92,176.09
-579421.73,-1266077.65,176.07
-579421.91,-1266077.37,176.05
-579422.11,-1266077.07,176.02
-579422.29,-1266076.79,175.98
-579422.49,-1266076.50,175.94
-579422.67,-1266076.22,175.91
-579422.85,-1266075.95,175.88
-579423.06,-1266075.64,175.85
-579423.25,-1266075.35,175.83
-579423.43,-1266075.08,175.79
-579423.63,-1266074.78,175.78
-579423.83,-1266074.48,175.74
-579424.03,-1266074.18,175.71
-579424.21,-1266073.91,175.71
-579421.07,-1266078.15,176.15
-579421.27,-1266077.86,176.12
-579421.45,-1266077.58,176.10
-579421.64,-1266077.29,176.07
-579421.82,-1266077.03,176.05
-579422.00,-1266076.75,176.02
-579422.20,-1266076.45,175.99
-579422.39,-1266076.17,175.95
-579422.58,-1266075.88,175.92
-579422.77,-1266075.60,175.89
-579422.95,-1266075.32,175.87
-579423.15,-1266075.03,175.84
-579423.35,-1266074.73,175.80
-579423.53,-1266074.45,175.78
-579423.72,-1266074.16,175.74
-579423.93,-1266073.85,175.73
-579424.12,-1266073.55,175.71
-579420.72,-1266078.13,176.20
-579420.92,-1266077.83,176.17
-579421.11,-1266077.53,176.14
-579421.31,-1266077.23,176.11
-579421.50,-1266076.95,176.09
-579421.68,-1266076.68,176.05
-579421.86,-1266076.40,176.02
-579422.04,-1266076.13,176.00
-579422.24,-1266075.83,175.96
-579422.43,-1266075.55,175.92
-579422.62,-1266075.25,175.90
-579422.80,-1266074.98,175.87
-579422.99,-1266074.70,175.84
-579423.19,-1266074.40,175.82
-579423.38,-1266074.11,175.79
-579423.57,-1266073.82,175.76
-579423.77,-1266073.52,175.74
-579423.96,-1266073.23,175.72
-579424.16,-1266072.93,175.72
-579420.22,-1266078.39,176.26
-579420.42,-1266078.10,176.22
-579420.62,-1266077.79,176.21
-579420.81,-1266077.51,176.17
-579421.00,-1266077.22,176.14
-579421.20,-1266076.92,176.11
-579421.40,-1266076.62,176.09
-579421.58,-1266076.35,176.05
-579421.76,-1266076.07,176.03
-579421.95,-1266075.79,176.01
-579422.13,-1266075.52,175.97
-579422.33,-1266075.22,175.94
-579422.70,-1266074.65,175.88
-579422.89,-1266074.37,175.85
-579423.08,-1266074.08,175.84
-579423.27,-1266073.79,175.80
-579423.47,-1266073.49,175.78
-579423.65,-1266073.21,175.74
-579423.85,-1266072.91,175.72
-579424.05,-1266072.62,175.72
-579424.24,-1266072.32,175.71
-579419.99,-1266078.37,176.26
-579420.17,-1266078.10,176.26
-579420.36,-1266077.82,176.23
-579420.56,-1266077.52,176.21
-579420.75,-1266077.22,176.17
-579420.94,-1266076.95,176.15
-579421.14,-1266076.64,176.12
-579421.33,-1266076.35,176.10
-579421.52,-1266076.06,176.06
-579421.71,-1266075.77,176.03
-579421.90,-1266075.50,176.00
-579422.07,-1266075.23,175.97
-579422.26,-1266074.94,175.94
-579422.46,-1266074.65,175.91
-579422.64,-1266074.38,175.90
-579422.84,-1266074.07,175.85
-579423.02,-1266073.80,175.84
-579423.20,-1266073.52,175.80
-579423.40,-1266073.21,175.78
-579423.60,-1266072.92,175.74
-579423.78,-1266072.65,175.73
-579423.98,-1266072.35,175.72
-579424.18,-1266072.04,175.71
-579419.85,-1266078.00,176.26
-579420.04,-1266077.71,176.26
-579420.22,-1266077.44,176.25
-579420.41,-1266077.15,176.22
-579420.61,-1266076.85,176.19
-579420.80,-1266076.56,176.16
-579420.99,-1266076.28,176.13
-579421.19,-1266075.97,176.10
-579421.58,-1266075.38,176.03
-579421.77,-1266075.10,176.01
-579421.94,-1266074.83,175.99
-579422.13,-1266074.55,175.96
-579422.31,-1266074.28,175.93
-579422.51,-1266073.98,175.90
-579422.69,-1266073.70,175.88
-579422.89,-1266073.40,175.85
-579423.07,-1266073.14,175.82
-579423.26,-1266072.85,175.80
-579423.45,-1266072.55,175.77
-579423.65,-1266072.26,175.74
-579423.83,-1266071.97,175.73
-579424.03,-1266071.67,175.72
-579419.95,-1266077.39,176.26
-579420.15,-1266077.08,176.25
-579420.33,-1266076.81,176.22
-579420.51,-1266076.53,176.20
-579420.71,-1266076.23,176.17
-579420.91,-1266075.94,176.15
-579421.09,-1266075.66,176.12
-579421.29,-1266075.36,176.09
-579421.49,-1266075.06,176.04
-579421.68,-1266074.76,176.02
-579421.87,-1266074.48,175.99
-579422.05,-1266074.21,175.96
-579422.23,-1266073.94,175.93
-579422.41,-1266073.66,175.90
-579422.62,-1266073.35,175.88
-579422.79,-1266073.09,175.86
-579422.99,-1266072.78,175.83
-579423.18,-1266072.50,175.80
-579423.35,-1266072.23,175.78
-579423.55,-1266071.93,175.75
-579423.75,-1266071.63,175.75
-579423.93,-1266071.35,175.72
-579424.13,-1266071.07,175.71
-579419.81,-1266076.97,176.26
-579419.99,-1266076.70,176.26
-579420.19,-1266076.39,176.22
-579420.37,-1266076.12,176.21
-579420.56,-1266075.84,176.17
-579420.76,-1266075.54,176.15
-579420.95,-1266075.24,176.12
-579421.13,-1266074.96,176.09
-579421.33,-1266074.67,176.05
-579421.53,-1266074.36,176.03
-579421.73,-1266074.06,176.00
-579421.91,-1266073.79,175.97
-579422.09,-1266073.51,175.94
-579422.27,-1266073.24,175.91
-579422.46,-1266072.96,175.90
-579422.66,-1266072.66,175.87
-579422.84,-1266072.39,175.85
-579423.03,-1266072.08,175.82
-579423.22,-1266071.81,175.78
-579423.40,-1266071.53,175.76
-579423.60,-1266071.23,175.75
-579423.79,-1266070.93,175.73
-579423.98,-1266070.66,175.72
-579419.71,-1266076.64,176.26
-579419.91,-1266076.34,176.26
-579420.09,-1266076.06,176.24
-579420.28,-1266075.77,176.21
-579420.47,-1266075.48,176.18
-579420.65,-1266075.21,176.16
-579420.84,-1266074.92,176.12
-579421.05,-1266074.61,176.09
-579421.23,-1266074.33,176.07
-579421.42,-1266074.04,176.04
-579421.62,-1266073.73,176.01
-579421.82,-1266073.43,175.97
-579422.00,-1266073.17,175.94
-579422.18,-1266072.89,175.91
-579422.37,-1266072.61,175.90
-579422.55,-1266072.34,175.88
-579422.74,-1266072.04,175.85
-579422.93,-1266071.76,175.82
-579423.13,-1266071.45,175.79
-579423.31,-1266071.18,175.76
-579423.49,-1266070.91,175.75
-579423.69,-1266070.61,175.74
-579423.88,-1266070.31,175.72
-579419.63,-1266076.26,176.26
-579419.81,-1266075.98,176.26
-579420.01,-1266075.68,176.24
-579420.19,-1266075.41,176.22
-579420.39,-1266075.10,176.18
-579420.57,-1266074.82,176.16
-579420.75,-1266074.55,176.13
-579420.95,-1266074.25,176.10
-579421.15,-1266073.95,176.08
-579421.33,-1266073.68,176.05
-579421.53,-1266073.38,176.03
-579421.73,-1266073.07,175.99
-579421.92,-1266072.78,175.95
-579422.10,-1266072.51,175.93
-579422.29,-1266072.22,175.90
-579422.47,-1266071.95,175.88
-579422.65,-1266071.67,175.84
-579422.85,-1266071.37,175.82
-579423.03,-1266071.09,175.81
-579423.23,-1266070.80,175.76
-579423.41,-1266070.52,175.75
-579423.59,-1266070.24,175.74
-579423.79,-1266069.94,175.72
-579419.53,-1266075.87,176.26
-579419.72,-1266075.59,176.26
-579419.89,-1266075.33,176.25
-579420.09,-1266075.02,176.23
-579420.28,-1266074.74,176.19
-579420.47,-1266074.45,176.17
-579420.65,-1266074.17,176.14
-579420.84,-1266073.89,176.11
-579421.03,-1266073.59,176.09
-579421.23,-1266073.29,176.05
-579421.61,-1266072.72,176.00
-579421.80,-1266072.42,175.96
-579422.00,-1266072.13,175.93
-579422.18,-1266071.84,175.90
-579422.37,-1266071.57,175.88
-579422.55,-1266071.29,175.85
-579422.73,-1266071.02,175.83
-579422.93,-1266070.72,175.81
-579423.11,-1266070.44,175.77
-579423.31,-1266070.14,175.76
-579423.49,-1266069.86,175.74
-579423.67,-1266069.59,175.73
-579423.86,-1266069.31,175.72
-579419.62,-1266075.17,176.26
-579419.81,-1266074.89,176.25
-579419.99,-1266074.61,176.24
-579420.18,-1266074.32,176.21
-579420.37,-1266074.04,176.17
-579420.57,-1266073.74,176.14
-579420.75,-1266073.46,176.12
-579420.93,-1266073.18,176.09
-579421.13,-1266072.89,176.06
-579421.32,-1266072.59,176.03
-579421.50,-1266072.31,176.00
-579421.70,-1266072.01,175.97
-579421.90,-1266071.72,175.94
-579422.09,-1266071.42,175.92
-579422.28,-1266071.13,175.88
-579422.46,-1266070.87,175.86
-579422.64,-1266070.59,175.83
-579422.83,-1266070.30,175.81
-579423.02,-1266070.02,175.78
-579423.20,-1266069.73,175.77
-579423.40,-1266069.43,175.75
-579423.58,-1266069.15,175.73
-579423.76,-1266068.89,175.72
-579419.33,-1266075.05,176.26
-579419.51,-1266074.78,176.26
-579419.69,-1266074.50,176.25
-579419.87,-1266074.22,176.24
-579420.06,-1266073.94,176.22
-579420.25,-1266073.64,176.18
-579420.43,-1266073.37,176.16
-579420.63,-1266073.07,176.13
-579420.81,-1266072.79,176.10
-579420.99,-1266072.52,176.06
-579421.19,-1266072.22,176.03
-579421.39,-1266071.92,176.01
-579421.57,-1266071.64,175.98
-579421.76,-1266071.35,175.94
-579421.96,-1266071.04,175.93
-579422.16,-1266070.75,175.89
-579422.33,-1266070.47,175.86
-579422.52,-1266070.18,175.83
-579422.70,-1266069.91,175.82
-579422.88,-1266069.65,175.80
-579423.08,-1266069.34,175.77
-579423.26,-1266069.06,175.75
-579423.46,-1266068.76,175.73
-579423.64,-1266068.49,175.73
-579419.21,-1266074.70,176.26
-579419.40,-1266074.41,176.27
-579419.59,-1266074.12,176.26
-579419.77,-1266073.84,176.24
-579419.95,-1266073.57,176.22
-579420.13,-1266073.29,176.19
-579420.33,-1266072.99,176.16
-579420.51,-1266072.72,176.13
-579420.71,-1266072.41,176.11
-579420.89,-1266072.14,176.07
-579421.07,-1266071.87,176.04
-579421.27,-1266071.56,176.02
-579421.46,-1266071.27,176.00
-579421.64,-1266070.99,175.95
-579421.84,-1266070.68,175.93
-579422.04,-1266070.39,175.91
-579422.23,-1266070.10,175.87
-579422.41,-1266069.81,175.85
-579422.60,-1266069.53,175.83
-579422.78,-1266069.26,175.80
-579422.96,-1266068.98,175.77
-579423.16,-1266068.68,175.75
-579423.33,-1266068.41,175.74
-579419.30,-1266074.04,176.26
-579419.50,-1266073.74,176.26
-579419.67,-1266073.47,176.25
-579419.86,-1266073.18,176.22
-579420.04,-1266072.90,176.19
-579420.22,-1266072.64,176.16
-579420.42,-1266072.33,176.12
-579420.60,-1266072.05,176.12
-579420.79,-1266071.77,176.07
-579420.98,-1266071.48,176.04
-579421.16,-1266071.20,176.03
-579421.35,-1266070.90,175.99
-579421.55,-1266070.61,175.95
-579421.73,-1266070.32,175.94
-579421.92,-1266070.03,175.91
-579422.12,-1266069.73,175.88
-579422.32,-1266069.43,175.85
-579422.50,-1266069.15,175.83
-579422.68,-1266068.88,175.81
-579422.87,-1266068.60,175.78
-579419.39,-1266073.38,176.26
-579419.58,-1266073.09,176.25
-579419.77,-1266072.81,176.22
-579419.95,-1266072.53,176.19
-579420.13,-1266072.26,176.16
-579420.31,-1266071.98,176.14
-579420.51,-1266071.67,176.11
-579420.69,-1266071.41,176.09
-579420.89,-1266071.10,176.05
-579421.07,-1266070.82,176.03
-579421.25,-1266070.55,176.00
-579421.45,-1266070.25,175.96
-579421.64,-1266069.95,175.94
-579421.83,-1266069.67,175.92
-579422.02,-1266069.37,175.89
-579422.22,-1266069.08,175.85
-579422.41,-1266068.78,175.83
-579422.60,-1266068.49,175.81
-579419.24,-1266073.01,176.26
-579419.43,-1266072.72,176.25
-579419.63,-1266072.41,176.23
-579419.81,-1266072.13,176.19
-579419.99,-1266071.86,176.17
-579420.17,-1266071.58,176.15
-579420.35,-1266071.30,176.12
-579420.55,-1266071.01,176.09
-579420.73,-1266070.73,176.06
-579420.93,-1266070.43,176.03
-579421.10,-1266070.16,176.00
-579421.29,-1266069.88,175.98
-579421.49,-1266069.58,175.95
-579421.68,-1266069.28,175.92
-579421.86,-1266069.00,175.90
-579422.06,-1266068.70,175.87
-579418.92,-1266072.92,176.26
-579419.10,-1266072.64,176.26
-579419.29,-1266072.35,176.25
-579419.49,-1266072.04,176.24
-579419.69,-1266071.74,176.21
-579419.86,-1266071.47,176.18
-579420.05,-1266071.19,176.16
-579420.23,-1266070.91,176.15
-579420.41,-1266070.64,176.11
-579420.60,-1266070.34,176.08
-579420.79,-1266070.06,176.06
-579420.98,-1266069.76,176.03
-579421.16,-1266069.48,175.99
-579421.35,-1266069.20,175.97
-579421.54,-1266068.91,175.94
-579421.74,-1266068.61,175.91
-579418.97,-1266072.28,176.26
-579419.16,-1266072.00,176.26
-579419.36,-1266071.69,176.25
-579419.55,-1266071.40,176.22
-579419.75,-1266071.10,176.20
-579419.93,-1266070.82,176.15
-579420.11,-1266070.54,176.15
-579420.29,-1266070.27,176.12
-579420.47,-1266069.99,176.09
-579420.67,-1266069.69,176.06
-579420.85,-1266069.41,176.04
-579421.05,-1266069.11,176.00
-579421.22,-1266068.84,175.97
-579421.41,-1266068.56,175.95
-579419.01,-1266071.58,176.26
-579419.19,-1266071.30,176.26
-579419.39,-1266071.00,176.23
-579419.58,-1266070.70,176.21
-579419.78,-1266070.39,176.19
-579419.96,-1266070.13,176.15
-579420.14,-1266069.85,176.13
-579420.32,-1266069.56,176.10
-579420.50,-1266069.29,176.06
-579420.70,-1266068.99,176.05
-579420.88,-1266068.71,176.03
-579418.73,-1266071.55,176.26
-579418.93,-1266071.25,176.27
-579419.13,-1266070.95,176.26
-579419.31,-1266070.67,176.23
-579419.50,-1266070.37,176.21
-579419.70,-1266070.08,176.19
-579419.89,-1266069.78,176.15
-579420.08,-1266069.50,176.12
-579420.25,-1266069.22,176.09
-579420.43,-1266068.95,176.07
-579420.62,-1266068.66,176.05
-579418.93,-1266070.56,176.27
-579419.12,-1266070.26,176.26
-579419.31,-1266069.98,176.23
-579419.50,-1266069.68,176.20
-579419.69,-1266069.38,176.18
-579419.89,-1266069.09,176.14
-579420.07,-1266068.81,176.12
-579420.25,-1266068.53,176.09
-579418.58,-1266070.50,176.28
-579418.76,-1266070.22,176.28
-579418.96,-1266069.91,176.28
-579419.16,-1266069.62,176.24
-579419.33,-1266069.35,176.21
-579419.53,-1266069.04,176.19
-579419.73,-1266068.74,176.15
-579418.59,-1266069.79,176.28
-579418.77,-1266069.52,176.27
-579418.97,-1266069.21,176.26
-579419.16,-1266068.93,176.22
-579419.34,-1266068.64,176.19
-579418.66,-1266069.14,176.27
-579418.84,-1266068.87,176.26
-579418.53,-1266068.76,176.27
-579423.04,-1266068.33,175.75
-579423.24,-1266068.02,175.74
-579422.77,-1266068.23,175.78
-579422.96,-1266067.95,175.76
-579423.14,-1266067.67,175.75
-579423.51,-1266067.10,175.74
-579422.25,-1266068.40,175.84
-579422.45,-1266068.10,175.82
-579422.63,-1266067.82,175.78
-579422.81,-1266067.55,175.77
-579422.99,-1266067.26,175.76
-579423.18,-1266066.99,175.75
-579423.37,-1266066.70,175.74
-579421.92,-1266068.33,175.88
-579422.11,-1266068.03,175.85
-579422.31,-1266067.73,175.83
-579422.50,-1266067.44,175.82
-579422.69,-1266067.15,175.78
-579422.87,-1266066.88,175.77
-579423.05,-1266066.60,175.76
-579423.23,-1266066.32,175.76
-579421.60,-1266068.26,175.92
-579421.79,-1266067.97,175.89
-579421.98,-1266067.69,175.87
-579422.18,-1266067.38,175.84
-579422.37,-1266067.08,175.82
-579422.57,-1266066.79,175.79
-579422.75,-1266066.50,175.78
-579422.93,-1266066.23,175.77
-579423.11,-1266065.96,175.76
-579421.07,-1266068.42,175.98
-579421.26,-1266068.14,175.96
-579421.44,-1266067.86,175.93
-579421.63,-1266067.56,175.89
-579421.83,-1266067.26,175.87
-579422.01,-1266066.97,175.85
-579422.21,-1266066.68,175.84
-579422.40,-1266066.38,175.81
-579422.59,-1266066.08,175.78
-579422.78,-1266065.80,175.77
-579422.96,-1266065.53,175.76
-579423.14,-1266065.25,175.74
-579423.31,-1266065.00,175.72
-579420.81,-1266068.37,176.03
-579421.19,-1266067.79,175.95
-579421.37,-1266067.51,175.93
-579421.55,-1266067.24,175.91
-579421.74,-1266066.94,175.89
-579421.94,-1266066.63,175.86
-579422.12,-1266066.37,175.84
-579422.31,-1266066.06,175.80
-579422.51,-1266065.76,175.79
-579422.70,-1266065.46,175.77
-579422.89,-1266065.19,175.76
-579423.07,-1266064.91,175.74
-579420.43,-1266068.25,176.06
-579420.61,-1266067.97,176.04
-579420.81,-1266067.68,176.02
-579420.99,-1266067.40,175.98
-579421.19,-1266067.09,175.95
-579421.36,-1266066.82,175.93
-579421.54,-1266066.55,175.91
-579421.74,-1266066.24,175.87
-579421.94,-1266065.94,175.85
-579422.11,-1266065.67,175.83
-579422.31,-1266065.37,175.79
-579422.51,-1266065.06,175.78
-579422.70,-1266064.77,175.76
-579422.88,-1266064.50,175.75
-579419.92,-1266068.45,176.13
-579420.10,-1266068.17,176.12
-579420.28,-1266067.88,176.08
-579420.46,-1266067.62,176.06
-579420.64,-1266067.33,176.03
-579420.84,-1266067.03,176.00
-579421.01,-1266066.76,175.98
-579421.21,-1266066.46,175.96
-579421.39,-1266066.18,175.92
-579421.57,-1266065.90,175.89
-579421.77,-1266065.61,175.87
-579421.96,-1266065.30,175.84
-579422.14,-1266065.03,175.81
-579422.34,-1266064.73,175.79
-579422.53,-1266064.43,175.77
-579422.91,-1266063.85,175.74
-579419.54,-1266068.34,176.18
-579419.73,-1266068.05,176.15
-579419.93,-1266067.74,176.12
-579420.11,-1266067.46,176.09
-579420.29,-1266067.18,176.06
-579420.47,-1266066.91,176.03
-579420.65,-1266066.63,176.02
-579420.85,-1266066.33,175.99
-579421.03,-1266066.06,175.96
-579421.22,-1266065.75,175.93
-579421.40,-1266065.47,175.92
-579421.58,-1266065.20,175.88
-579421.78,-1266064.90,175.85
-579421.97,-1266064.60,175.82
-579422.15,-1266064.32,175.79
-579422.34,-1266064.03,175.78
-579422.54,-1266063.72,175.76
-579419.03,-1266068.57,176.25
-579419.23,-1266068.27,176.20
-579419.41,-1266067.99,176.19
-579419.60,-1266067.70,176.15
-579419.80,-1266067.39,176.13
-579419.99,-1266067.09,176.12
-579420.17,-1266066.82,176.07
-579420.35,-1266066.54,176.06
-579420.53,-1266066.26,176.02
-579420.71,-1266065.99,176.00
-579420.91,-1266065.69,175.97
-579421.09,-1266065.41,175.94
-579421.28,-1266065.11,175.92
-579421.46,-1266064.83,175.89
-579421.64,-1266064.55,175.86
-579421.83,-1266064.26,175.84
-579422.03,-1266063.95,175.80
-579422.21,-1266063.67,175.79
-579422.40,-1266063.39,175.78
-579422.60,-1266063.07,175.75
-579422.79,-1266062.78,175.75
-579418.71,-1266068.49,176.26
-579418.89,-1266068.21,176.26
-579419.09,-1266067.90,176.22
-579419.28,-1266067.60,176.20
-579419.46,-1266067.33,176.18
-579419.66,-1266067.02,176.14
-579419.85,-1266066.72,176.12
-579420.04,-1266066.43,176.07
-579420.22,-1266066.15,176.06
-579420.41,-1266065.87,176.03
-579420.58,-1266065.60,176.00
-579420.76,-1266065.32,175.99
-579420.96,-1266065.02,175.95
-579421.14,-1266064.74,175.92
-579421.33,-1266064.45,175.89
-579421.51,-1266064.17,175.87
-579421.69,-1266063.89,175.85
-579421.89,-1266063.59,175.81
-579422.08,-1266063.29,175.79
-579422.26,-1266063.01,175.78
-579422.45,-1266062.71,175.77
-579422.65,-1266062.41,175.75
-579418.71,-1266067.79,176.26
-579418.89,-1266067.51,176.23
-579419.08,-1266067.22,176.21
-579419.28,-1266066.91,176.19
-579419.46,-1266066.63,176.16
-579419.65,-1266066.34,176.13
-579419.84,-1266066.04,176.11
-579420.04,-1266065.73,176.07
-579420.22,-1266065.46,176.04
-579420.40,-1266065.18,176.01
-579420.58,-1266064.90,175.99
-579420.76,-1266064.63,175.96
-579420.95,-1266064.33,175.93
-579421.13,-1266064.05,175.91
-579421.32,-1266063.76,175.87
-579421.51,-1266063.47,175.86
-579421.69,-1266063.19,175.83
-579421.88,-1266062.90,175.80
-579422.07,-1266062.60,175.78
-579422.26,-1266062.31,175.77
-579422.45,-1266062.03,175.75
-579418.21,-1266067.92,176.28
-579418.38,-1266067.65,176.28
-579418.58,-1266067.34,176.26
-579418.76,-1266067.06,176.25
-579418.94,-1266066.79,176.22
-579419.13,-1266066.48,176.19
-579419.33,-1266066.18,176.17
-579419.51,-1266065.91,176.14
-579419.90,-1266065.30,176.07
-579420.09,-1266065.02,176.05
-579420.27,-1266064.74,176.02
-579420.45,-1266064.45,175.99
-579420.63,-1266064.18,175.97
-579420.81,-1266063.90,175.95
-579421.01,-1266063.60,175.91
-579421.18,-1266063.33,175.88
-579421.38,-1266063.02,175.86
-579421.56,-1266062.74,175.84
-579421.73,-1266062.47,175.81
-579421.93,-1266062.17,175.79
-579422.13,-1266061.87,175.77
-579422.31,-1266061.59,175.74
-579422.50,-1266061.30,175.73
-579418.39,-1266066.93,176.27
-579418.58,-1266066.63,176.26
-579418.76,-1266066.36,176.23
-579418.94,-1266066.07,176.21
-579419.13,-1266065.78,176.19
-579419.32,-1266065.48,176.15
-579419.51,-1266065.19,176.13
-579419.70,-1266064.90,176.08
-579419.89,-1266064.61,176.06
-579420.09,-1266064.30,176.04
-579420.27,-1266064.02,176.01
-579420.44,-1266063.75,175.99
-579420.63,-1266063.47,175.96
-579420.81,-1266063.19,175.94
-579421.00,-1266062.90,175.89
-579421.18,-1266062.61,175.87
-579421.38,-1266062.31,175.84
-579421.55,-1266062.04,175.81
-579421.73,-1266061.76,175.79
-579421.93,-1266061.46,175.78
-579422.12,-1266061.17,175.75
-579422.30,-1266060.89,175.74
-579418.12,-1266066.86,176.28
-579418.32,-1266066.56,176.28
-579418.49,-1266066.29,176.26
-579418.69,-1266065.99,176.23
-579418.87,-1266065.70,176.21
-579419.05,-1266065.43,176.19
-579419.24,-1266065.13,176.16
-579419.44,-1266064.82,176.13
-579419.62,-1266064.55,176.09
-579419.81,-1266064.26,176.08
-579420.00,-1266063.95,176.05
-579420.20,-1266063.65,176.01
-579420.37,-1266063.38,176.00
-579420.56,-1266063.09,175.96
-579420.74,-1266062.81,175.94
-579420.91,-1266062.54,175.92
-579421.11,-1266062.25,175.87
-579421.29,-1266061.96,175.85
-579421.48,-1266061.66,175.82
-579421.66,-1266061.39,175.80
-579421.84,-1266061.11,175.78
-579422.03,-1266060.81,175.74
-579422.23,-1266060.51,175.74
-579422.41,-1266060.24,175.71
-579418.27,-1266065.82,176.27
-579418.46,-1266065.53,176.25
-579418.65,-1266065.23,176.22
-579418.83,-1266064.96,176.21
-579419.01,-1266064.68,176.17
-579419.21,-1266064.37,176.15
-579419.39,-1266064.08,176.12
-579419.57,-1266063.80,176.09
-579419.77,-1266063.49,176.06
-579419.96,-1266063.20,176.04
-579420.16,-1266062.90,176.01
-579420.34,-1266062.62,175.97
-579420.52,-1266062.35,175.95
-579420.69,-1266062.07,175.92
-579420.87,-1266061.79,175.89
-579421.07,-1266061.49,175.85
-579421.25,-1266061.22,175.84
-579421.44,-1266060.91,175.81
-579421.62,-1266060.64,175.78
-579421.80,-1266060.36,175.75
-579421.99,-1266060.06,175.75
-579422.18,-1266059.77,175.72
-579418.38,-1266065.12,176.25
-579418.56,-1266064.84,176.22
-579418.75,-1266064.54,176.20
-579418.93,-1266064.26,176.17
-579419.11,-1266063.98,176.16
-579419.31,-1266063.68,176.12
-579419.50,-1266063.38,176.09
-579419.68,-1266063.11,176.06
-579419.87,-1266062.81,176.04
-579420.07,-1266062.50,176.00
-579420.25,-1266062.22,175.97
-579420.44,-1266061.94,175.95
-579420.62,-1266061.65,175.92
-579420.79,-1266061.38,175.89
-579420.97,-1266061.10,175.87
-579421.17,-1266060.80,175.84
-579421.34,-1266060.53,175.81
-579421.54,-1266060.22,175.78
-579421.72,-1266059.95,175.77
-579421.89,-1266059.68,175.75
-579422.09,-1266059.37,175.72
-579422.28,-1266059.08,175.71
-579418.01,-1266065.69,176.28
-579418.18,-1266065.42,176.26
-579421.69,-1266059.19,175.75
-579421.86,-1266058.92,175.74
-579417.80,-1266065.22,176.28
-579417.97,-1266064.95,176.28
-579418.15,-1266064.67,176.27
-579418.35,-1266064.36,176.25
-579418.53,-1266064.09,176.22
-579418.72,-1266063.79,176.19
-579418.90,-1266063.51,176.17
-579419.08,-1266063.24,176.14
-579419.27,-1266062.94,176.10
-579419.47,-1266062.63,176.07
-579419.64,-1266062.36,176.06
-579419.84,-1266062.06,176.02
-579420.03,-1266061.76,175.99
-579420.23,-1266061.46,175.96
-579420.40,-1266061.18,175.92
-579420.58,-1266060.91,175.91
-579420.76,-1266060.63,175.88
-579420.94,-1266060.35,175.85
-579421.13,-1266060.05,175.81
-579421.31,-1266059.77,175.80
-579421.51,-1266059.48,175.76
-579417.93,-1266064.55,176.28
-579418.10,-1266064.28,176.26
-579418.28,-1266064.00,176.25
-579418.48,-1266063.70,176.22
-579418.65,-1266063.42,176.19
-579418.85,-1266063.12,176.16
-579419.03,-1266062.84,176.13
-579419.20,-1266062.57,176.11
-579419.40,-1266062.27,176.07
-579419.59,-1266061.96,176.05
-579419.77,-1266061.69,176.02
-579419.96,-1266061.40,175.97
-579420.16,-1266061.09,175.96
-579420.35,-1266060.79,175.93
-579420.53,-1266060.52,175.91
-579420.71,-1266060.23,175.87
-579420.89,-1266059.96,175.85
-579421.06,-1266059.69,175.83
-579421.26,-1266059.38,175.79
-579421.44,-1266059.10,175.77
-579421.63,-1266058.81,175.75
-579421.81,-1266058.53,175.73
-579421.99,-1266058.25,175.72
-579417.71,-1266064.08,176.28
-579417.88,-1266063.80,176.28
-579418.06,-1266063.52,176.28
-579418.24,-1266063.25,176.24
-579418.43,-1266062.95,176.21
-579418.61,-1266062.66,176.18
-579418.80,-1266062.38,176.16
-579418.98,-1266062.10,176.13
-579419.17,-1266061.81,176.09
-579419.36,-1266061.52,176.07
-579419.55,-1266061.22,176.04
-579419.73,-1266060.93,176.00
-579419.92,-1266060.64,175.98
-579420.11,-1266060.34,175.96
-579420.31,-1266060.03,175.91
-579420.49,-1266059.76,175.88
-579420.66,-1266059.49,175.87
-579420.84,-1266059.21,175.84
-579421.02,-1266058.93,175.81
-579421.21,-1266058.64,175.78
-579421.39,-1266058.36,175.76
-579421.59,-1266058.05,175.74
-579421.76,-1266057.78,175.72
-579421.94,-1266057.51,175.72
-579417.58,-1266063.65,176.28
-579417.75,-1266063.38,176.29
-579417.93,-1266063.10,176.27
-579418.11,-1266062.81,176.24
-579418.29,-1266062.55,176.23
-579418.48,-1266062.24,176.19
-579418.66,-1266061.96,176.17
-579418.85,-1266061.67,176.13
-579419.03,-1266061.39,176.10
-579419.21,-1266061.11,176.07
-579419.40,-1266060.81,176.04
-579419.59,-1266060.51,176.01
-579419.77,-1266060.23,175.98
-579419.96,-1266059.94,175.97
-579420.16,-1266059.63,175.94
-579420.35,-1266059.34,175.89
-579420.53,-1266059.06,175.88
-579420.71,-1266058.78,175.84
-579420.89,-1266058.50,175.81
-579421.06,-1266058.23,175.78
-579421.26,-1266057.93,175.76
-579421.44,-1266057.64,175.75
-579421.81,-1266057.07,175.72
-579417.58,-1266062.95,176.28
-579417.76,-1266062.67,176.28
-579417.94,-1266062.40,176.25
-579418.11,-1266062.13,176.23
-579418.30,-1266061.84,176.21
-579418.49,-1266061.54,176.18
-579418.66,-1266061.27,176.14
-579418.86,-1266060.96,176.12
-579419.04,-1266060.68,176.08
-579419.21,-1266060.41,176.07
-579419.41,-1266060.11,176.03
-579419.60,-1266059.81,176.00
-579419.78,-1266059.54,175.97
-579419.97,-1266059.23,175.94
-579420.17,-1266058.93,175.92
-579420.35,-1266058.64,175.88
-579420.53,-1266058.36,175.85
-579420.71,-1266058.08,175.84
-579420.89,-1266057.81,175.81
-579421.07,-1266057.52,175.78
-579421.26,-1266057.22,175.75
-579421.44,-1266056.95,175.74
-579421.63,-1266056.65,175.73
-579417.47,-1266062.57,176.28
-579417.67,-1266062.26,176.27
-579417.85,-1266061.99,176.25
-579418.02,-1266061.72,176.23
-579418.20,-1266061.43,176.21
-579418.38,-1266061.15,176.18
-579418.57,-1266060.86,176.14
-579418.75,-1266060.58,176.12
-579418.95,-1266060.27,176.09
-579419.12,-1266060.00,176.07
-579419.30,-1266059.73,176.04
-579419.50,-1266059.42,176.01
-579419.69,-1266059.12,175.97
-579419.86,-1266058.85,175.95
-579420.06,-1266058.55,175.92
-579420.25,-1266058.24,175.89
-579420.44,-1266057.95,175.85
-579420.62,-1266057.67,175.83
-579420.80,-1266057.39,175.80
-579420.98,-1266057.11,175.78
-579421.16,-1266056.84,175.77
-579421.35,-1266056.54,175.74
-579421.53,-1266056.26,175.73
-579421.72,-1266055.96,175.72
-579418.77,-1266059.87,176.11
-579418.97,-1266059.57,176.08
-579419.15,-1266059.29,176.05
-579419.32,-1266059.02,176.02
-579419.51,-1266058.71,175.99
-579419.71,-1266058.42,175.95
-579419.88,-1266058.14,175.93
-579420.08,-1266057.84,175.90
-579420.27,-1266057.54,175.87
-579420.46,-1266057.24,175.84
-579420.64,-1266056.96,175.81
-579420.82,-1266056.68,175.79
-579420.99,-1266056.41,175.78
-579421.17,-1266056.13,175.75
-579421.37,-1266055.83,175.73
-579421.54,-1266055.56,175.72
-579417.50,-1266061.85,176.27
-579417.69,-1266061.57,176.26
-579417.87,-1266061.28,176.24
-579418.05,-1266060.99,176.21
-579418.22,-1266060.73,176.19
-579418.40,-1266060.45,176.17
-579418.60,-1266060.14,176.13
-579420.10,-1266057.11,175.88
-579420.29,-1266056.80,175.85
-579420.48,-1266056.50,175.83
-579420.66,-1266056.23,175.81
-579420.84,-1266055.95,175.78
-579421.19,-1266055.40,175.73
-579421.39,-1266055.09,175.70
-579421.56,-1266054.83,175.70
-579417.33,-1266061.42,176.28
-579417.52,-1266061.13,176.27
-579417.71,-1266060.82,176.25
-579417.89,-1266060.54,176.22
-579418.07,-1266060.27,176.19
-579418.25,-1266059.99,176.18
-579418.43,-1266059.71,176.15
-579418.62,-1266059.41,176.12
-579418.80,-1266059.13,176.09
-579418.99,-1266058.83,176.05
-579419.34,-1266058.28,176.00
-579419.54,-1266057.98,175.97
-579419.73,-1266057.68,175.93
-579419.91,-1266057.40,175.92
-579417.33,-1266060.70,176.27
-579417.52,-1266060.41,176.26
-579417.71,-1266060.10,176.24
-579417.89,-1266059.82,176.20
-579418.07,-1266059.55,176.18
-579418.24,-1266059.27,176.17
-579418.42,-1266058.99,176.14
-579418.61,-1266058.69,176.11
-579418.79,-1266058.41,176.07
-579418.98,-1266058.12,176.04
-579419.16,-1266057.84,176.01
-579419.34,-1266057.56,175.99
-579419.53,-1266057.27,175.95
-579419.72,-1266056.97,175.93
-579419.90,-1266056.68,175.90
-579420.09,-1266056.39,175.87
-579420.28,-1266056.09,175.84
-579420.48,-1266055.79,175.81
-579420.65,-1266055.51,175.79
-579420.83,-1266055.23,175.76
-579421.01,-1266054.96,175.73
-579421.19,-1266054.67,175.71
-579417.20,-1266060.32,176.28
-579417.39,-1266060.03,176.27
-579417.58,-1266059.73,176.25
-579417.78,-1266059.42,176.22
-579417.95,-1266059.15,176.19
-579418.13,-1266058.88,176.16
-579418.31,-1266058.59,176.14
-579418.49,-1266058.31,176.12
-579418.68,-1266058.02,176.07
-579418.86,-1266057.73,176.05
-579419.05,-1266057.43,176.01
-579419.22,-1266057.16,175.99
-579419.41,-1266056.88,175.96
-579419.60,-1266056.58,175.93
-579419.78,-1266056.29,175.90
-579419.97,-1266056.01,175.88
-579420.16,-1266055.71,175.84
-579420.34,-1266055.41,175.81
-579420.54,-1266055.11,175.79
-579420.72,-1266054.83,175.75
-579420.89,-1266054.56,175.73
-579421.07,-1266054.28,175.71
-579421.25,-1266054.00,175.70
-579417.09,-1266059.92,176.28
-579417.26,-1266059.65,176.28
-579417.46,-1266059.35,176.26
-579417.65,-1266059.04,176.23
-579417.84,-1266058.76,176.19
-579418.02,-1266058.47,176.16
-579418.20,-1266058.19,176.15
-579418.37,-1266057.92,176.13
-579418.55,-1266057.64,176.09
-579418.75,-1266057.34,176.06
-579418.92,-1266057.07,176.03
-579419.11,-1266056.76,176.00
-579419.29,-1266056.48,175.97
-579419.47,-1266056.21,175.94
-579419.66,-1266055.91,175.91
-579419.85,-1266055.60,175.88
-579420.03,-1266055.33,175.85
-579420.22,-1266055.03,175.83
-579420.41,-1266054.73,175.79
-579420.60,-1266054.43,175.75
-579420.78,-1266054.16,175.74
-579420.96,-1266053.88,175.72
-579416.17,-1266053.88,176.30
-579416.26,-1266054.31,176.26
-579416.62,-1266053.75,176.30
-579416.29,-1266054.73,176.27
-579416.48,-1266054.43,176.27
-579416.84,-1266053.86,176.24
-579416.26,-1266055.47,176.27
-579416.45,-1266055.18,176.27
-579416.63,-1266054.90,176.26
-579416.82,-1266054.59,176.22
-579416.99,-1266054.32,176.21
-579417.17,-1266054.04,176.18
-579417.36,-1266053.73,176.19
-579416.53,-1266055.63,176.27
-579416.72,-1266055.34,176.26
-579416.89,-1266055.06,176.24
-579417.07,-1266054.78,176.21
-579417.26,-1266054.48,176.17
-579417.45,-1266054.18,176.15
-579417.63,-1266053.89,176.12
-579417.82,-1266053.60,176.12
-579416.88,-1266055.78,176.25
-579417.05,-1266055.51,176.23
-579417.25,-1266055.20,176.20
-579417.44,-1266054.91,176.16
-579417.61,-1266054.63,176.14
-579417.81,-1266054.33,176.09
-579418.00,-1266054.02,176.06
-579418.36,-1266053.46,176.05
-579416.51,-1266056.36,176.27
-579416.70,-1266056.06,176.27
-579416.61,-1266056.76,176.27
-579416.78,-1266056.48,176.27
-579416.96,-1266056.20,176.26
-579417.15,-1266055.90,176.24
-579417.34,-1266055.61,176.20
-579417.52,-1266055.33,176.17
-579417.71,-1266055.03,176.14
-579417.90,-1266054.73,176.09
-579418.09,-1266054.43,176.06
-579418.26,-1266054.16,176.03
-579418.62,-1266053.60,176.01
-579416.73,-1266057.19,176.27
-579416.91,-1266056.91,176.26
-579417.10,-1266056.61,176.26
-579417.29,-1266056.32,176.22
-579417.47,-1266056.03,176.20
-579417.66,-1266055.74,176.16
-579417.85,-1266055.44,176.14
-579418.04,-1266055.14,176.09
-579418.22,-1266054.86,176.05
-579418.39,-1266054.59,176.03
-579418.57,-1266054.30,176.00
-579418.75,-1266054.03,175.98
-579418.94,-1266053.73,175.95
-579419.12,-1266053.45,175.95
-579416.83,-1266057.66,176.27
-579417.03,-1266057.35,176.27
-579417.22,-1266057.06,176.25
-579417.39,-1266056.77,176.22
-579417.59,-1266056.47,176.18
-579417.77,-1266056.18,176.16
-579417.96,-1266055.89,176.14
-579418.14,-1266055.60,176.09
-579418.32,-1266055.32,176.06
-579418.50,-1266055.05,176.04
-579418.67,-1266054.77,176.00
-579418.86,-1266054.47,175.97
-579419.04,-1266054.20,175.94
-579419.23,-1266053.90,175.92
-579419.41,-1266053.62,175.89
-579416.82,-1266058.36,176.28
-579417.01,-1266058.07,176.27
-579417.21,-1266057.77,176.26
-579417.38,-1266057.48,176.23
-579417.57,-1266057.18,176.20
-579417.77,-1266056.88,176.17
-579417.96,-1266056.58,176.14
-579418.13,-1266056.30,176.12
-579418.31,-1266056.04,176.09
-579418.49,-1266055.75,176.06
-579418.67,-1266055.47,176.03
-579418.85,-1266055.18,176.00
-579419.03,-1266054.90,175.96
-579419.22,-1266054.60,175.93
-579419.40,-1266054.33,175.90
-579419.58,-1266054.04,175.88
-579419.77,-1266053.74,175.84
-579419.96,-1266053.45,175.82
-579420.14,-1266053.17,175.83
-579417.51,-1266057.88,176.23
-579417.70,-1266057.58,176.18
-579417.90,-1266057.28,176.16
-579418.07,-1266057.00,176.14
-579418.25,-1266056.72,176.11
-579418.43,-1266056.45,176.08
-579418.60,-1266056.18,176.06
-579418.80,-1266055.86,176.02
-579418.98,-1266055.59,175.98
-579419.16,-1266055.30,175.95
-579419.34,-1266055.01,175.93
-579419.52,-1266054.74,175.89
-579419.71,-1266054.45,175.87
-579419.90,-1266054.14,175.83
-579420.08,-1266053.86,175.79
-579420.27,-1266053.57,175.78
-579420.46,-1266053.27,175.77
-579416.95,-1266058.76,176.27
-579417.14,-1266058.46,176.27
-579417.32,-1266058.18,176.25
-579416.94,-1266059.49,176.28
-579417.13,-1266059.20,176.28
-579417.31,-1266058.91,176.26
-579417.50,-1266058.61,176.24
-579417.69,-1266058.32,176.21
-579417.89,-1266058.01,176.17
-579418.07,-1266057.73,176.15
-579418.24,-1266057.46,176.12
-579418.42,-1266057.18,176.09
-579418.60,-1266056.89,176.06
-579418.78,-1266056.61,176.04
-579418.97,-1266056.32,176.00
-579419.33,-1266055.75,175.94
-579419.51,-1266055.48,175.93
-579419.71,-1266055.17,175.88
-579419.89,-1266054.88,175.85
-579420.07,-1266054.60,175.83
-579420.26,-1266054.29,175.80
-579420.45,-1266054.00,175.76
-579420.65,-1266053.70,175.75
-579420.82,-1266053.42,175.74
-579419.87,-1266078.50,176.26
-579423.50,-1266078.15,175.84
-579423.15,-1266078.29,175.88
-579422.80,-1266078.43,175.94
-579422.48,-1266078.56,175.97
-579422.14,-1266078.70,176.01
-579421.79,-1266078.85,176.05
-579421.44,-1266078.99,176.08
-579422.24,-1266078.22,176.02
-579421.90,-1266078.36,176.06
-579421.55,-1266078.50,176.10
-579421.22,-1266078.63,176.14
-579420.91,-1266078.76,176.17
-579420.59,-1266078.89,176.22
-579420.27,-1266079.02,176.25
-579421.42,-1266078.32,176.12
-579421.09,-1266078.45,176.15
-579420.79,-1266078.57,176.19
-579420.46,-1266078.71,176.23
-579420.11,-1266078.85,176.26
-579424.58,-1266078.34,175.74
-579424.35,-1266078.03,175.75
-579424.00,-1266078.18,175.78
-579423.68,-1266078.31,175.82
-579423.37,-1266078.43,175.86
-579423.01,-1266078.58,175.89
-579416.90,-1266055.96,176.26
-579416.58,-1266056.10,176.28
-579418.12,-1266055.86,176.10
-579417.79,-1266056.00,176.15
-579417.45,-1266056.14,176.20
-579417.10,-1266056.28,176.25
-579416.75,-1266056.43,176.27
-579416.42,-1266056.56,176.27
-579418.60,-1266055.82,176.04
-579418.25,-1266055.96,176.08
-579417.89,-1266056.11,176.14
-579417.58,-1266056.24,176.18
-579417.22,-1266056.39,176.23
-579416.87,-1266056.53,176.27
-579419.43,-1266055.77,175.94
-579419.08,-1266055.91,175.98
-579418.75,-1266056.05,176.03
-579418.43,-1266056.18,176.08
-579418.07,-1266056.33,176.12
-579417.72,-1266056.47,176.16
-579417.40,-1266056.60,176.22
-579417.05,-1266056.75,176.26
-579416.69,-1266056.89,176.27
-579420.63,-1266055.69,175.80
-579420.30,-1266055.83,175.83
-579419.98,-1266055.95,175.88
-579419.62,-1266056.11,175.92
-579419.30,-1266056.23,175.96
-579418.95,-1266056.38,176.02
-579418.62,-1266056.52,176.05
-579418.30,-1266056.65,176.11
-579417.95,-1266056.79,176.15
-579417.61,-1266056.93,176.20
-579417.27,-1266057.07,176.24
-579416.93,-1266057.21,176.27
-579416.58,-1266057.36,176.27
-579418.14,-1266057.06,176.14
-579417.79,-1266057.21,176.17
-579417.44,-1266057.35,176.22
-579417.11,-1266057.49,176.26
-579416.77,-1266057.62,176.27
-579421.11,-1266055.84,175.75
-579420.78,-1266055.98,175.78
-579420.46,-1266056.11,175.83
-579420.13,-1266056.24,175.86
-579419.81,-1266056.37,175.90
-579419.46,-1266056.52,175.94
-579419.14,-1266056.65,175.99
-579418.80,-1266056.79,176.04
-579418.46,-1266056.93,176.08
-579420.61,-1266056.29,175.81
-579420.28,-1266056.43,175.84
-579419.96,-1266056.56,175.90
-579419.64,-1266056.69,175.93
-579419.29,-1266056.84,175.98
-579418.96,-1266056.98,176.02
-579418.62,-1266057.12,176.06
-579418.29,-1266057.25,176.12
-579417.96,-1266057.38,176.16
-579417.62,-1266057.52,176.20
-579417.27,-1266057.67,176.25
-579416.95,-1266057.80,176.27
-579421.64,-1266055.87,175.72
-579421.28,-1266056.02,175.74
-579420.94,-1266056.16,175.78
-579421.44,-1266056.19,175.73
-579421.10,-1266056.33,175.76
-579420.74,-1266056.48,175.81
-579420.42,-1266056.61,175.84
-579420.08,-1266056.75,175.88
-579419.76,-1266056.88,175.92
-579419.44,-1266057.01,175.96
-579419.08,-1266057.16,176.00
-579418.77,-1266057.29,176.05
-579418.41,-1266057.44,176.09
-579418.09,-1266057.57,176.14
-579417.77,-1266057.70,176.18
-579417.41,-1266057.85,176.23
-579417.08,-1266057.99,176.27
-579416.74,-1266058.12,176.27
-579421.64,-1266056.52,175.73
-579421.29,-1266056.66,175.74
-579420.94,-1266056.81,175.78
-579420.60,-1266056.95,175.82
-579420.27,-1266057.08,175.84
-579419.95,-1266057.21,175.91
-579419.61,-1266057.35,175.95
-579419.30,-1266057.48,175.99
-579418.95,-1266057.63,176.03
-579418.63,-1266057.76,176.08
-579418.27,-1266057.90,176.14
-579417.95,-1266058.04,176.17
-579417.63,-1266058.17,176.21
-579417.27,-1266058.31,176.26
-579421.78,-1266056.77,175.72
-579421.45,-1266056.90,175.73
-579421.09,-1266057.05,175.76
-579420.75,-1266057.20,175.81
-579420.40,-1266057.33,175.84
-579420.07,-1266057.47,175.90
-579419.76,-1266057.60,175.93
-579419.42,-1266057.74,175.97
-579419.11,-1266057.87,176.02
-579418.76,-1266058.01,176.06
-579418.43,-1266058.15,176.12
-579418.08,-1266058.29,176.15
-579417.76,-1266058.42,176.18
-579417.43,-1266058.56,176.24
-579417.08,-1266058.70,176.27
-579421.97,-1266057.00,175.71
-579421.61,-1266057.15,175.73
-579421.28,-1266057.28,175.75
-579420.59,-1266057.57,175.83
-579420.24,-1266057.71,175.88
-579419.91,-1266057.85,175.92
-579419.59,-1266057.98,175.97
-579419.27,-1266058.11,176.00
-579418.94,-1266058.25,176.05
-579418.59,-1266058.39,176.12
-579418.27,-1266058.52,176.15
-579417.92,-1266058.67,176.18
-579417.60,-1266058.80,176.24
-579417.26,-1266058.94,176.27
-579416.92,-1266059.08,176.28
-579421.77,-1266057.29,175.72
-579421.42,-1266057.43,175.75
-579421.09,-1266057.56,175.78
-579420.74,-1266057.71,175.81
-579420.40,-1266057.85,175.85
-579420.03,-1266058.00,175.90
-579419.72,-1266058.13,175.94
-579419.39,-1266058.26,175.99
-579419.07,-1266058.40,176.04
-579418.74,-1266058.53,176.08
-579418.39,-1266058.68,176.13
-579418.07,-1266058.81,176.17
-579417.72,-1266058.95,176.22
-579417.40,-1266059.08,176.26
-579417.07,-1266059.22,176.28
-579422.03,-1266057.63,175.72
-579421.31,-1266057.92,175.76
-579420.98,-1266058.06,175.80
-579420.63,-1266058.20,175.84
-579420.28,-1266058.35,175.89
-579419.93,-1266058.49,175.92
-579419.60,-1266058.62,175.97
-579419.28,-1266058.76,176.03
-579418.96,-1266058.89,176.06
-579418.63,-1266059.02,176.12
-579418.28,-1266059.17,176.15
-579417.96,-1266059.30,176.19
-579417.61,-1266059.44,176.25
-579417.29,-1266059.58,176.27
-579416.97,-1266059.71,176.28
-579421.85,-1266057.96,175.72
-579421.49,-1266058.10,175.75
-579421.14,-1266058.25,175.78
-579420.81,-1266058.38,175.82
-579420.46,-1266058.53,175.86
-579420.11,-1266058.67,175.91
-579419.78,-1266058.81,175.95
-579419.44,-1266058.95,175.99
-579419.11,-1266059.08,176.04
-579418.80,-1266059.21,176.08
-579418.47,-1266059.34,176.13
-579418.12,-1266059.49,176.17
-579417.80,-1266059.62,176.22
-579417.45,-1266059.77,176.26
-579417.12,-1266059.90,176.28
-579422.01,-1266058.22,175.72
-579421.34,-1266058.50,175.76
-579420.99,-1266058.64,175.81
-579420.67,-1266058.77,175.84
-579420.32,-1266058.91,175.89
-579419.96,-1266059.06,175.94
-579419.62,-1266059.20,175.98
-579419.29,-1266059.34,176.03
-579418.96,-1266059.47,176.08
-579418.65,-1266059.60,176.12
-579418.32,-1266059.74,176.15
-579417.97,-1266059.88,176.21
-579417.65,-1266060.01,176.25
-579417.30,-1266060.16,176.28
-579421.80,-1266058.45,175.73
-579421.48,-1266058.58,175.76
-579421.13,-1266058.73,175.80
-579420.78,-1266058.87,175.84
-579420.46,-1266059.00,175.88
-579420.10,-1266059.15,175.93
-579419.75,-1266059.29,175.97
-579419.40,-1266059.44,176.03
-579419.09,-1266059.57,176.06
-579418.75,-1266059.70,176.12
-579418.43,-1266059.84,176.15
-579418.11,-1266059.97,176.19
-579417.76,-1266060.11,176.23
-579417.44,-1266060.24,176.27
-579418.67,-1266060.26,176.12
-579418.34,-1266060.39,176.17
-579418.02,-1266060.52,176.20
-579417.67,-1266060.67,176.25
-579417.34,-1266060.80,176.28
-579421.70,-1266059.01,175.75
-579421.39,-1266059.14,175.78
-579421.03,-1266059.29,175.81
-579420.68,-1266059.43,175.86
-579420.36,-1266059.56,175.89
-579420.01,-1266059.71,175.95
-579419.66,-1266059.85,176.00
-579419.31,-1266060.00,176.04
-579418.99,-1266060.13,176.08
-579421.85,-1266059.19,175.74
-579421.52,-1266059.33,175.76
-579421.20,-1266059.46,175.81
-579420.85,-1266059.60,175.85
-579420.49,-1266059.75,175.88
-579420.17,-1266059.88,175.93
-579419.82,-1266060.03,175.98
-579419.47,-1266060.17,176.03
-579419.12,-1266060.31,176.07
-579418.81,-1266060.44,176.11
-579418.48,-1266060.57,176.15
-579418.16,-1266060.71,176.19
-579417.84,-1266060.84,176.22
-579417.49,-1266060.98,176.27
-579422.35,-1266059.27,175.71
-579422.00,-1266059.41,175.74
-579421.65,-1266059.55,175.76
-579421.33,-1266059.69,175.79
-579421.00,-1266059.82,175.84
-579420.66,-1266059.96,175.87
-579420.31,-1266060.10,175.92
-579419.97,-1266060.24,175.96
-579419.64,-1266060.38,176.02
-579419.29,-1266060.53,176.06
-579418.94,-1266060.67,176.11
-579418.61,-1266060.80,176.14
-579418.29,-1266060.93,176.18
-579417.97,-1266061.07,176.22
-579417.64,-1266061.20,176.26
-579417.30,-1266061.34,176.28
-579421.83,-1266059.72,175.75
-579421.48,-1266059.86,175.78
-579421.15,-1266060.00,175.81
-579420.83,-1266060.13,175.85
-579420.48,-1266060.27,175.90
-579420.13,-1266060.42,175.96
-579419.81,-1266060.55,175.99
-579419.46,-1266060.69,176.04
-579419.11,-1266060.83,176.08
-579418.76,-1266060.98,176.13
-579418.44,-1266061.11,176.17
-579418.12,-1266061.24,176.21
-579417.79,-1266061.38,176.24
-579417.47,-1266061.51,176.27
-579422.34,-1266059.86,175.72
-579421.99,-1266060.00,175.75
-579421.65,-1266060.14,175.77
-579420.99,-1266060.41,175.85
-579420.66,-1266060.55,175.88
-579420.31,-1266060.69,175.93
-579419.96,-1266060.83,175.97
-579419.64,-1266060.96,176.02
-579419.29,-1266061.11,176.07
-579418.94,-1266061.25,176.11
-579418.60,-1266061.39,176.15
-579418.26,-1266061.53,176.21
-579417.95,-1266061.66,176.23
-579417.63,-1266061.79,176.27
-579417.30,-1266061.93,176.28
-579422.19,-1266060.27,175.72
-579421.84,-1266060.41,175.75
-579421.51,-1266060.55,175.79
-579421.15,-1266060.69,175.84
-579420.84,-1266060.82,175.87
-579420.51,-1266060.96,175.91
-579420.16,-1266061.10,175.96
-579419.82,-1266061.24,176.00
-579419.49,-1266061.38,176.05
-579419.15,-1266061.52,176.09
-579418.80,-1266061.66,176.13
-579418.45,-1266061.80,176.18
-579418.12,-1266061.94,176.22
-579417.81,-1266062.07,176.26
-579417.48,-1266062.20,176.28
-579422.36,-1266060.47,175.72
-579421.69,-1266060.74,175.78
-579421.36,-1266060.88,175.81
-579421.01,-1266061.02,175.86
-579420.69,-1266061.16,175.89
-579420.36,-1266061.29,175.93
-579420.02,-1266061.43,175.99
-579419.67,-1266061.58,176.02
-579419.34,-1266061.71,176.07
-579418.99,-1266061.85,176.12
-579418.65,-1266061.99,176.17
-579418.29,-1266062.14,176.21
-579417.98,-1266062.27,176.25
-579417.65,-1266062.40,176.28
-579422.50,-1266060.64,175.72
-579422.18,-1266060.78,175.74
-579421.85,-1266060.91,175.76
-579421.50,-1266061.05,175.81
-579421.18,-1266061.18,175.85
-579420.83,-1266061.33,175.87
-579420.51,-1266061.46,175.92
-579420.19,-1266061.59,175.97
-579419.83,-1266061.74,176.02
-579419.48,-1266061.88,176.06
-579419.16,-1266062.01,176.10
-579418.81,-1266062.16,176.15
-579418.46,-1266062.30,176.19
-579418.12,-1266062.44,176.24
-579417.79,-1266062.58,176.27
-579417.47,-1266062.71,176.28
-579422.66,-1266060.90,175.72
-579422.34,-1266061.03,175.74
-579422.01,-1266061.17,175.76
-579421.68,-1266061.30,175.79
-579421.34,-1266061.45,175.83
-579421.02,-1266061.57,175.87
-579420.66,-1266061.72,175.92
-579420.34,-1266061.85,175.95
-579420.02,-1266061.99,176.00
-579419.67,-1266062.13,176.05
-579419.32,-1266062.27,176.09
-579418.99,-1266062.41,176.13
-579418.66,-1266062.55,176.18
-579418.30,-1266062.69,176.23
-579417.95,-1266062.84,176.27
-579417.63,-1266062.97,176.28
-579422.51,-1266061.33,175.74
-579422.19,-1266061.45,175.75
-579421.88,-1266061.59,175.78
-579421.55,-1266061.72,175.81
-579421.20,-1266061.87,175.85
-579420.89,-1266061.99,175.88
-579420.53,-1266062.14,175.94
-579420.20,-1266062.27,175.97
-579419.89,-1266062.40,176.02
-579419.53,-1266062.55,176.07
-579419.18,-1266062.69,176.11
-579418.87,-1266062.82,176.16
-579418.52,-1266062.97,176.21
-579418.16,-1266063.11,176.24
-579417.82,-1266063.25,176.28
-579422.37,-1266061.68,175.74
-579422.05,-1266061.82,175.77
-579421.73,-1266061.95,175.80
-579421.40,-1266062.08,175.85
-579421.05,-1266062.23,175.88
-579420.73,-1266062.36,175.92
-579420.38,-1266062.50,175.97
-579420.05,-1266062.64,176.01
-579419.74,-1266062.77,176.06
-579419.39,-1266062.91,176.09
-579419.04,-1266063.05,176.14
-579418.71,-1266063.19,176.18
-579418.37,-1266063.33,176.23
-579418.02,-1266063.47,176.28
-579417.67,-1266063.62,176.29
-579425.02,-1266077.76,175.70
-579424.67,-1266077.90,175.74
-579425.16,-1266077.46,175.70
-579424.79,-1266077.62,175.70
-579424.48,-1266077.74,175.74
-579424.13,-1266077.89,175.77
-579423.81,-1266078.02,175.80
-579424.92,-1266077.12,175.70
-579424.59,-1266077.25,175.72
-579424.24,-1266077.40,175.74
-579423.93,-1266077.52,175.78
-579423.60,-1266077.66,175.82
-579423.25,-1266077.80,175.86
-579422.91,-1266077.94,175.93
-579422.58,-1266078.08,175.97
-579424.79,-1266076.94,175.70
-579424.43,-1266077.09,175.73
-579424.10,-1266077.22,175.75
-579423.79,-1266077.34,175.79
-579423.44,-1266077.49,175.84
-579423.09,-1266077.63,175.89
-579422.78,-1266077.76,175.94
-579422.43,-1266077.90,175.99
-579422.07,-1266078.05,176.02
-579421.74,-1266078.19,176.07
-579424.51,-1266076.60,175.73
-579424.20,-1266076.72,175.74
-579423.87,-1266076.86,175.78
-579423.52,-1266077.00,175.81
-579422.85,-1266077.28,175.93
-579422.51,-1266077.42,175.96
-579422.16,-1266077.56,176.01
-579421.82,-1266077.70,176.07
-579421.49,-1266077.83,176.10
-579421.18,-1266077.96,176.14
-579420.86,-1266078.09,176.17
-579420.54,-1266078.22,176.22
-579420.19,-1266078.36,176.26
-579424.32,-1266076.43,175.73
-579424.01,-1266076.55,175.75
-579423.65,-1266076.70,175.80
-579423.31,-1266076.84,175.84
-579422.99,-1266076.97,175.89
-579422.64,-1266077.11,175.94
-579422.29,-1266077.26,176.01
-579421.95,-1266077.40,176.05
-579421.63,-1266077.53,176.08
-579421.30,-1266077.66,176.12
-579420.99,-1266077.79,176.16
-579420.66,-1266077.92,176.21
-579420.32,-1266078.06,176.24
-579420.01,-1266078.19,176.26
-579424.09,-1266076.13,175.74
-579423.74,-1266076.27,175.78
-579423.39,-1266076.41,175.83
-579423.07,-1266076.54,175.87
-579422.72,-1266076.69,175.92
-579422.38,-1266076.83,175.97
-579422.03,-1266076.97,176.02
-579421.70,-1266077.10,176.06
-579421.39,-1266077.23,176.11
-579421.08,-1266077.36,176.15
-579420.75,-1266077.49,176.18
-579420.41,-1266077.63,176.23
-579420.09,-1266077.76,176.26
-579424.41,-1266076.00,175.72
-579424.21,-1266075.75,175.73
-579423.85,-1266075.90,175.75
-579423.51,-1266076.04,175.81
-579423.19,-1266076.17,175.85
-579422.85,-1266076.31,175.89
-579422.49,-1266076.45,175.94
-579422.14,-1266076.60,176.00
-579421.84,-1266076.72,176.04
-579421.50,-1266076.86,176.08
-579421.19,-1266076.99,176.12
-579420.87,-1266077.12,176.16
-579420.52,-1266077.26,176.21
-579420.20,-1266077.39,176.25
-579419.86,-1266077.53,176.26
-579424.34,-1266075.37,175.71
-579423.98,-1266075.52,175.74
-579423.64,-1266075.66,175.78
-579423.32,-1266075.79,175.82
-579422.97,-1266075.93,175.87
-579422.63,-1266076.08,175.91
-579422.28,-1266076.22,175.97
-579421.95,-1266076.35,176.01
-579421.64,-1266076.48,176.05
-579421.32,-1266076.61,176.09
-579420.99,-1266076.74,176.13
-579420.65,-1266076.89,176.18
-579420.33,-1266077.01,176.22
-579419.98,-1266077.16,176.26
-579419.66,-1266077.29,176.26
-579424.44,-1266075.00,175.69
-579424.10,-1266075.13,175.71
-579423.75,-1266075.28,175.76
-579423.42,-1266075.41,175.80
-579423.09,-1266075.55,175.84
-579422.73,-1266075.70,175.89
-579422.38,-1266075.84,175.95
-579422.07,-1266075.97,175.99
-579421.74,-1266076.10,176.03
-579421.42,-1266076.23,176.08
-579421.11,-1266076.36,176.12
-579420.76,-1266076.50,176.15
-579420.43,-1266076.64,176.21
-579420.09,-1266076.78,176.26
-579419.77,-1266076.91,176.26
-579423.90,-1266075.01,175.74
-579423.58,-1266075.14,175.78
-579423.23,-1266075.29,175.83
-579422.88,-1266075.43,175.87
-579422.54,-1266075.57,175.92
-579422.22,-1266075.70,175.97
-579421.90,-1266075.83,176.01
-579421.57,-1266075.97,176.05
-579421.25,-1266076.10,176.11
-579420.91,-1266076.24,176.14
-579420.59,-1266076.37,176.19
-579420.25,-1266076.51,176.23
-579419.92,-1266076.64,176.26
-579419.60,-1266076.77,176.26
-579424.34,-1266074.26,175.69
-579423.99,-1266074.40,175.71
-579423.67,-1266074.53,175.76
-579423.32,-1266074.68,175.80
-579422.97,-1266074.82,175.85
-579422.63,-1266074.96,175.90
-579422.31,-1266075.09,175.94
-579421.98,-1266075.23,175.99
-579421.66,-1266075.36,176.03
-579420.99,-1266075.63,176.12
-579420.68,-1266075.76,176.16
-579420.33,-1266075.90,176.21
-579420.00,-1266076.04,176.25
-579419.69,-1266076.16,176.26
-579424.47,-1266074.01,175.68
-579424.13,-1266074.15,175.70
-579423.81,-1266074.28,175.74
-579423.46,-1266074.43,175.78
-579423.11,-1266074.57,175.84
-579422.77,-1266074.71,175.87
-579422.45,-1266074.84,175.91
-579422.12,-1266074.97,175.96
-579421.80,-1266075.11,176.01
-579421.49,-1266075.23,176.03
-579421.13,-1266075.38,176.10
-579420.81,-1266075.51,176.13
-579420.48,-1266075.65,176.19
-579420.14,-1266075.78,176.21
-579419.83,-1266075.91,176.25
-579419.48,-1266076.06,176.26
-579424.21,-1266073.66,175.71
-579423.88,-1266073.79,175.72
-579423.54,-1266073.93,175.78
-579423.19,-1266074.07,175.82
-579422.85,-1266074.21,175.85
-579422.53,-1266074.34,175.90
-579422.20,-1266074.48,175.94
-579421.88,-1266074.61,175.99
-579421.56,-1266074.74,176.03
-579421.21,-1266074.88,176.09
-579420.90,-1266075.01,176.12
-579420.55,-1266075.16,176.16
-579420.23,-1266075.29,176.21
-579419.90,-1266075.42,176.25
-579419.56,-1266075.56,176.26
-579424.36,-1266073.47,175.70
-579423.71,-1266073.74,175.74
-579423.35,-1266073.88,175.79
-579423.01,-1266074.02,175.84
-579422.69,-1266074.15,175.88
-579422.36,-1266074.29,175.92
-579422.05,-1266074.42,175.96
-579421.73,-1266074.55,176.01
-579421.38,-1266074.69,176.05
-579421.06,-1266074.82,176.10
-579420.71,-1266074.97,176.15
-579420.39,-1266075.10,176.18
-579420.07,-1266075.23,176.23
-579419.73,-1266075.37,176.25
-579424.12,-1266073.05,175.72
-579423.79,-1266073.19,175.74
-579423.43,-1266073.33,175.78
-579423.08,-1266073.48,175.82
-579422.76,-1266073.60,175.86
-579422.44,-1266073.74,175.90
-579422.11,-1266073.87,175.94
-579421.80,-1266074.00,176.00
-579421.45,-1266074.14,176.03
-579421.12,-1266074.28,176.09
-579420.79,-1266074.41,176.12
-579420.46,-1266074.55,176.17
-579420.14,-1266074.68,176.21
-579419.80,-1266074.82,176.25
-579419.45,-1266074.96,176.26
-579423.90,-1266072.92,175.72
-579423.56,-1266073.07,175.76
-579423.21,-1266073.21,175.80
-579422.88,-1266073.34,175.84
-579422.57,-1266073.47,175.89
-579422.24,-1266073.60,175.92
-579421.93,-1266073.73,175.97
-579421.57,-1266073.88,176.03
-579421.25,-1266074.01,176.06
-579420.91,-1266074.15,176.10
-579420.58,-1266074.29,176.15
-579420.27,-1266074.41,176.19
-579419.92,-1266074.56,176.24
-579419.58,-1266074.70,176.26
-579419.26,-1266074.83,176.27
-579424.31,-1266072.26,175.71
-579423.96,-1266072.41,175.72
-579423.62,-1266072.55,175.74
-579423.26,-1266072.69,175.80
-579422.94,-1266072.82,175.83
-579422.63,-1266072.95,175.87
-579422.30,-1266073.08,175.90
-579421.98,-1266073.21,175.94
-579421.63,-1266073.36,176.00
-579421.31,-1266073.49,176.05
-579420.97,-1266073.63,176.09
-579420.64,-1266073.77,176.13
-579420.32,-1266073.90,176.17
-579419.98,-1266074.04,176.22
-579419.64,-1266074.18,176.26
-579419.31,-1266074.31,176.27
-579424.11,-1266072.11,175.71
-579423.76,-1266072.26,175.73
-579423.41,-1266072.40,175.75
-579423.10,-1266072.53,175.82
-579422.77,-1266072.67,175.85
-579422.44,-1266072.80,175.90
-579422.13,-1266072.93,175.92
-579421.78,-1266073.07,175.96
-579421.45,-1266073.21,176.02
-579421.12,-1266073.34,176.07
-579420.79,-1266073.48,176.12
-579420.47,-1266073.61,176.16
-579420.13,-1266073.75,176.21
-579419.78,-1266073.89,176.24
-579419.45,-1266074.02,176.26
-579423.89,-1266071.81,175.72
-579423.53,-1266071.96,175.75
-579422.90,-1266072.22,175.83
-579422.57,-1266072.35,175.88
-579422.25,-1266072.48,175.90
-579421.91,-1266072.62,175.94
-579421.58,-1266072.76,176.01
-579421.23,-1266072.90,176.05
-579420.92,-1266073.03,176.09
-579420.59,-1266073.16,176.13
-579420.24,-1266073.30,176.18
-579419.91,-1266073.44,176.22
-579419.58,-1266073.58,176.25
-579424.01,-1266071.45,175.72
-579423.66,-1266071.60,175.74
-579423.35,-1266071.72,175.77
-579423.02,-1266071.86,175.82
-579422.71,-1266071.99,175.85
-579422.39,-1266072.12,175.89
-579422.03,-1266072.26,175.93
-579421.71,-1266072.39,175.97
-579421.37,-1266072.53,176.03
-579421.04,-1266072.67,176.06
-579420.72,-1266072.80,176.12
-579420.38,-1266072.94,176.15
-579420.03,-1266073.09,176.19
-579419.71,-1266073.21,176.24
-579419.37,-1266073.36,176.26
-579424.12,-1266071.04,175.71
-579423.44,-1266071.31,175.75
-579423.12,-1266071.44,175.79
-579422.79,-1266071.58,175.82
-579422.47,-1266071.71,175.86
-579422.13,-1266071.85,175.91
-579421.80,-1266071.98,175.95
-579421.46,-1266072.12,176.00
-579421.15,-1266072.25,176.03
-579420.82,-1266072.39,176.08
-579420.47,-1266072.53,176.13
-579420.13,-1266072.67,176.17
-579419.81,-1266072.80,176.22
-579419.46,-1266072.95,176.25
-579423.54,-1266070.94,175.75
-579423.22,-1266071.07,175.77
-579422.89,-1266071.21,175.81
-579422.57,-1266071.34,175.85
-579422.23,-1266071.48,175.89
-579421.90,-1266071.61,175.93
-579421.56,-1266071.75,175.99
-579421.23,-1266071.89,176.02
-579420.91,-1266072.02,176.05
-579420.57,-1266072.16,176.12
-579420.22,-1266072.30,176.15
-579419.90,-1266072.43,176.19
-579419.55,-1266072.58,176.23
-579419.21,-1266072.72,176.26
-579422.01,-1266071.23,175.92
-579421.67,-1266071.37,175.97
-579421.35,-1266071.50,176.00
-579421.03,-1266071.63,176.04
-579420.68,-1266071.77,176.09
-579420.34,-1266071.91,176.13
-579420.01,-1266072.05,176.16
-579419.67,-1266072.19,176.22
-579419.33,-1266072.33,176.25
-579418.98,-1266072.47,176.26
-579423.97,-1266070.43,175.72
-579423.66,-1266070.55,175.73
-579423.34,-1266070.69,175.75
-579423.01,-1266070.82,175.81
-579422.69,-1266070.95,175.83
-579422.35,-1266071.09,175.86
-579423.73,-1266070.08,175.73
-579423.41,-1266070.22,175.75
-579423.09,-1266070.34,175.77
-579422.77,-1266070.48,175.82
-579422.42,-1266070.62,175.86
-579422.10,-1266070.75,175.90
-579421.76,-1266070.89,175.94
-579421.43,-1266071.02,175.99
-579421.11,-1266071.16,176.03
-579420.76,-1266071.30,176.06
-579420.42,-1266071.44,176.12
-579420.10,-1266071.57,176.15
-579419.75,-1266071.72,176.20
-579419.41,-1266071.85,176.25
-579419.05,-1266072.00,176.26
-579423.86,-1266069.78,175.72
-579423.54,-1266069.91,175.74
-579423.21,-1266070.05,175.76
-579422.89,-1266070.18,175.80
-579422.54,-1266070.32,175.84
-579422.23,-1266070.45,175.88
-579421.88,-1266070.59,175.92
-579421.56,-1266070.73,175.95
-579421.24,-1266070.86,176.00
-579420.89,-1266071.00,176.05
-579420.55,-1266071.14,176.10
-579420.22,-1266071.27,176.14
-579419.88,-1266071.42,176.17
-579419.53,-1266071.56,176.22
-579423.64,-1266069.48,175.73
-579423.31,-1266069.61,175.75
-579423.00,-1266069.74,175.78
-579422.65,-1266069.88,175.82
-579422.32,-1266070.02,175.86
-579421.98,-1266070.16,175.91
-579421.66,-1266070.29,175.94
-579421.33,-1266070.42,175.99
-579420.64,-1266070.71,176.08
-579420.31,-1266070.84,176.12
-579419.98,-1266070.98,176.16
-579419.63,-1266071.12,176.21
-579419.28,-1266071.26,176.25
-579418.96,-1266071.40,176.27
-579423.44,-1266069.25,175.74
-579423.11,-1266069.38,175.76
-579422.78,-1266069.52,175.81
-579422.45,-1266069.65,175.85
-579422.09,-1266069.80,175.88
-579421.79,-1266069.92,175.93
-579421.46,-1266070.06,175.97
-579421.11,-1266070.20,176.00
-579420.77,-1266070.34,176.05
-579420.45,-1266070.47,176.10
-579420.10,-1266070.62,176.15
-579419.75,-1266070.76,176.18
-579419.41,-1266070.90,176.23
-579419.08,-1266071.03,176.26
-579418.76,-1266071.17,176.27
-579423.53,-1266068.83,175.73
-579423.22,-1266068.96,175.74
-579422.86,-1266069.10,175.77
-579422.54,-1266069.23,175.82
-579422.20,-1266069.37,175.85
-579421.88,-1266069.51,175.91
-579421.55,-1266069.64,175.95
-579421.21,-1266069.78,175.99
-579420.86,-1266069.92,176.05
-579420.53,-1266070.06,176.08
-579420.19,-1266070.20,176.13
-579418.85,-1266070.74,176.27
-579419.84,-1266070.34,176.17
-579419.49,-1266070.48,176.22
-579419.17,-1266070.62,176.26
-579423.68,-1266068.49,175.73
-579423.34,-1266068.63,175.74
-579423.00,-1266068.77,175.76
-579422.68,-1266068.90,175.81
-579422.33,-1266069.05,175.84
-579422.02,-1266069.17,175.88
-579421.69,-1266069.31,175.92
-579421.34,-1266069.45,175.97
-579420.99,-1266069.59,176.03
-579420.67,-1266069.73,176.06
-579420.32,-1266069.87,176.10
-579419.98,-1266070.01,176.15
-579419.63,-1266070.15,176.19
-579419.31,-1266070.29,176.22
-579418.99,-1266070.42,176.28
-579418.66,-1266070.55,176.28
-579423.48,-1266068.29,175.73
-579423.13,-1266068.43,175.75
-579422.81,-1266068.56,175.78
-579422.46,-1266068.71,175.83
-579422.14,-1266068.83,175.87
-579421.81,-1266068.97,175.91
-579421.46,-1266069.11,175.95
-579421.13,-1266069.25,175.99
-579420.79,-1266069.39,176.05
-579420.45,-1266069.53,176.08
-579420.11,-1266069.67,176.13
-579419.76,-1266069.81,176.18
-579419.43,-1266069.94,176.20
-579419.12,-1266070.07,176.26
-579418.80,-1266070.21,176.28
-579423.61,-1266067.85,175.73
-579423.25,-1266068.00,175.74
-579422.92,-1266068.14,175.76
-579422.58,-1266068.28,175.82
-579422.26,-1266068.41,175.84
-579421.93,-1266068.54,175.88
-579421.59,-1266068.68,175.94
-579421.25,-1266068.83,175.97
-579420.92,-1266068.96,176.03
-579420.57,-1266069.10,176.06
-579420.22,-1266069.24,176.09
-579419.89,-1266069.38,176.15
-579419.56,-1266069.52,176.19
-579419.24,-1266069.65,176.22
-579418.92,-1266069.78,176.27
-579418.59,-1266069.91,176.28
-579423.36,-1266067.60,175.73
-579423.04,-1266067.74,175.75
-579422.69,-1266067.88,175.78
-579422.37,-1266068.01,175.82
-579422.04,-1266068.15,175.85
-579421.70,-1266068.28,175.90
-579421.03,-1266068.56,175.99
-579420.68,-1266068.70,176.04
-579420.33,-1266068.85,176.07
-579419.99,-1266068.99,176.13
-579419.66,-1266069.12,176.17
-579419.35,-1266069.25,176.20
-579419.02,-1266069.39,176.25
-579418.70,-1266069.52,176.27
-579423.49,-1266067.27,175.73
-579422.82,-1266067.55,175.76
-579422.49,-1266067.69,175.80
-579422.17,-1266067.82,175.84
-579421.82,-1266067.96,175.88
-579421.47,-1266068.10,175.92
-579421.15,-1266068.24,175.97
-579420.81,-1266068.38,176.03
-579420.46,-1266068.52,176.06
-579420.11,-1266068.66,176.12
-579419.79,-1266068.79,176.15
-579419.47,-1266068.92,176.19
-579419.14,-1266069.06,176.23
-579418.83,-1266069.19,176.26
-579418.48,-1266069.33,176.28
-579423.31,-1266067.11,175.75
-579422.97,-1266067.25,175.76
-579422.65,-1266067.38,175.78
-579422.32,-1266067.52,175.84
-579421.99,-1266067.65,175.87
-579421.63,-1266067.80,175.91
-579421.31,-1266067.93,175.95
-579420.96,-1266068.07,176.00
-579420.61,-1266068.22,176.04
-579420.26,-1266068.36,176.09
-579419.94,-1266068.49,176.13
-579419.62,-1266068.63,176.17
-579419.30,-1266068.76,176.20
-579418.98,-1266068.89,176.26
-579418.64,-1266069.03,176.27
-579423.46,-1266066.66,175.74
-579423.10,-1266066.81,175.75
-579422.78,-1266066.94,175.77
-579422.45,-1266067.08,175.80
-579422.11,-1266067.22,175.85
-579421.77,-1266067.36,175.88
-579421.44,-1266067.50,175.93
-579421.09,-1266067.63,175.97
-579420.75,-1266067.78,176.02
-579420.40,-1266067.92,176.06
-579420.07,-1266068.05,176.11
-579419.76,-1266068.18,176.15
-579419.43,-1266068.32,176.19
-579419.11,-1266068.45,176.23
-579418.77,-1266068.59,176.26
-579418.44,-1266068.72,176.28
-579423.23,-1266066.40,175.75
-579422.90,-1266066.54,175.77
-579422.58,-1266066.67,175.78
-579422.23,-1266066.81,175.83
-579421.88,-1266066.95,175.87
-579421.57,-1266067.08,175.90
-579421.22,-1266067.23,175.95
-579420.86,-1266067.37,176.00
-579420.51,-1266067.51,176.03
-579420.20,-1266067.64,176.08
-579419.87,-1266067.78,176.13
-579419.55,-1266067.91,176.15
-579419.24,-1266068.04,176.20
-579418.88,-1266068.18,176.25
-579418.56,-1266068.32,176.26
-579423.04,-1266066.24,175.76
-579422.72,-1266066.37,175.78
-579422.36,-1266066.52,175.80
-579422.02,-1266066.66,175.86
-579421.70,-1266066.79,175.89
-579421.35,-1266066.93,175.94
-579421.00,-1266067.07,175.98
-579420.65,-1266067.22,176.03
-579420.33,-1266067.35,176.06
-579420.02,-1266067.48,176.12
-579419.69,-1266067.61,176.15
-579419.37,-1266067.74,176.19
-579419.03,-1266067.88,176.23
-579418.70,-1266068.02,176.26
-579423.15,-1266065.84,175.75
-579422.83,-1266065.97,175.77
-579422.49,-1266066.11,175.79
-579422.13,-1266066.26,175.84
-579421.82,-1266066.38,175.87
-579421.47,-1266066.53,175.92
-579421.12,-1266066.67,175.97
-579420.78,-1266066.81,176.01
-579420.45,-1266066.95,176.04
-579420.12,-1266067.08,176.07
-579419.81,-1266067.21,176.13
-579419.48,-1266067.34,176.17
-579419.13,-1266067.49,176.21
-579418.82,-1266067.62,176.25
-579418.47,-1266067.76,176.28
-579422.99,-1266065.66,175.76
-579422.65,-1266065.80,175.78
-579422.30,-1266065.95,175.80
-579421.97,-1266066.08,175.85
-579421.63,-1266066.22,175.89
-579421.28,-1266066.36,175.93
-579420.93,-1266066.51,175.98
-579420.61,-1266066.64,176.02
-579420.29,-1266066.77,176.06
-579419.96,-1266066.91,176.09
-579419.65,-1266067.03,176.14
-579419.29,-1266067.18,176.19
-579418.97,-1266067.31,176.23
-579418.63,-1266067.45,176.28
-579418.31,-1266067.59,176.28
-579423.10,-1266065.24,175.75
-579422.74,-1266065.39,175.77
-579422.39,-1266065.53,175.79
-579422.08,-1266065.66,175.82
-579421.72,-1266065.80,175.87
-579421.03,-1266066.09,175.96
-579420.71,-1266066.22,176.00
-579420.38,-1266066.36,176.04
-579420.07,-1266066.48,176.07
-579419.74,-1266066.62,176.13
-579419.39,-1266066.76,176.16
-579419.07,-1266066.89,176.21
-579418.72,-1266067.03,176.24
-579418.40,-1266067.17,176.28
-579418.08,-1266067.30,176.28
-579423.25,-1266065.01,175.73
-579422.90,-1266065.16,175.76
-579422.54,-1266065.31,175.78
-579422.22,-1266065.44,175.81
-579421.88,-1266065.58,175.85
-579421.53,-1266065.72,175.90
-579421.18,-1266065.87,175.93
-579420.86,-1266066.00,175.98
-579420.54,-1266066.13,176.02
-579420.21,-1266066.26,176.06
-579419.90,-1266066.39,176.09
-579419.54,-1266066.54,176.15
-579419.22,-1266066.67,176.20
-579418.88,-1266066.81,176.22
-579418.55,-1266066.95,176.26
-579418.23,-1266067.08,176.27
-579422.65,-1266064.86,175.77
-579422.33,-1266064.99,175.78
-579421.98,-1266065.14,175.82
-579421.63,-1266065.28,175.88
-579421.28,-1266065.42,175.92
-579420.96,-1266065.55,175.95
-579420.64,-1266065.69,176.00
-579420.31,-1266065.82,176.03
-579419.99,-1266065.95,176.07
-579419.64,-1266066.10,176.13
-579419.32,-1266066.23,176.17
-579418.98,-1266066.37,176.21
-579418.66,-1266066.50,176.25
-579418.34,-1266066.63,176.28
-579422.79,-1266064.56,175.75
-579422.47,-1266064.70,175.77
-579422.12,-1266064.84,175.80
-579421.78,-1266064.98,175.85
-579421.42,-1266065.13,175.89
-579421.10,-1266065.26,175.93
-579420.79,-1266065.39,175.98
-579420.46,-1266065.52,176.01
-579420.14,-1266065.65,176.06
-579419.79,-1266065.80,176.09
-579419.46,-1266065.93,176.15
-579419.11,-1266066.07,176.20
-579418.80,-1266066.20,176.22
-579418.47,-1266066.34,176.27
-579418.12,-1266066.48,176.28
-579422.89,-1266064.09,175.74
-579422.56,-1266064.22,175.77
-579422.22,-1266064.36,175.79
-579421.87,-1266064.50,175.82
-579421.52,-1266064.65,175.87
-579421.20,-1266064.78,175.92
-579420.88,-1266064.91,175.94
-579420.56,-1266065.04,175.99
-579420.23,-1266065.18,176.03
-579419.88,-1266065.32,176.07
-579419.56,-1266065.45,176.12
-579419.22,-1266065.59,176.17
-579418.89,-1266065.73,176.21
-579418.56,-1266065.86,176.24
-579418.23,-1266066.00,176.27
-579423.07,-1266063.81,175.74
-579422.74,-1266063.94,175.75
-579422.38,-1266064.09,175.78
-579422.04,-1266064.23,175.80
-579421.68,-1266064.38,175.85
-579421.37,-1266064.51,175.89
-579421.04,-1266064.64,175.93
-579420.72,-1266064.77,175.96
-579420.40,-1266064.90,176.01
-579420.05,-1266065.05,176.05
-579419.73,-1266065.18,176.09
-579419.38,-1266065.32,176.15
-579419.06,-1266065.45,176.19
-579418.74,-1266065.59,176.21
-579418.39,-1266065.73,176.25
-579422.86,-1266063.65,175.75
-579422.52,-1266063.79,175.76
-579422.17,-1266063.94,175.79
-579421.82,-1266064.08,175.84
-579421.50,-1266064.21,175.87
-579421.18,-1266064.34,175.91
-579420.86,-1266064.47,175.95
-579420.53,-1266064.61,175.99
-579420.18,-1266064.75,176.04
-579419.86,-1266064.88,176.08
-579419.52,-1266065.03,176.13
-579419.19,-1266065.16,176.17
-579418.87,-1266065.29,176.21
-579418.52,-1266065.43,176.25
-579418.17,-1266065.58,176.27
-579417.85,-1266065.71,176.28
-579422.63,-1266063.32,175.75
-579422.27,-1266063.47,175.78
-579421.93,-1266063.61,175.81
-579421.60,-1266063.75,175.84
-579421.28,-1266063.88,175.87
-579420.96,-1266064.01,175.93
-579420.64,-1266064.14,175.96
-579420.29,-1266064.29,176.01
-579419.96,-1266064.42,176.06
-579419.62,-1266064.56,176.09
-579419.30,-1266064.69,176.13
-579418.97,-1266064.83,176.17
-579418.63,-1266064.96,176.22
-579418.28,-1266065.11,176.26
-579417.95,-1266065.25,176.28
-579418.05,-1266064.90,176.26
-579422.72,-1266062.98,175.75
-579422.36,-1266063.12,175.78
-579422.02,-1266063.26,175.79
-579421.70,-1266063.40,175.82
-579421.38,-1266063.53,175.87
-579421.05,-1266063.66,175.90
-579420.73,-1266063.79,175.95
-579420.38,-1266063.94,176.00
-579420.06,-1266064.07,176.03
-579419.71,-1266064.21,176.07
-579419.39,-1266064.35,176.12
-579419.07,-1266064.48,176.16
-579418.72,-1266064.62,176.20
-579418.37,-1266064.76,176.25
-579418.84,-1266064.34,176.19
-579418.49,-1266064.48,176.24
-579418.17,-1266064.61,176.25
-579417.82,-1266064.75,176.28
-579422.48,-1266062.84,175.77
-579422.14,-1266062.98,175.78
-579421.81,-1266063.12,175.81
-579421.49,-1266063.25,175.86
-579421.17,-1266063.38,175.89
-579420.85,-1266063.51,175.93
-579420.50,-1266063.66,175.98
-579420.17,-1266063.79,176.02
-579419.83,-1266063.93,176.06
-579419.51,-1266064.06,176.10
-579419.18,-1266064.20,176.15
-579422.26,-1266062.62,175.77
-579421.93,-1266062.75,175.80
-579421.61,-1266062.88,175.84
-579420.62,-1266063.29,175.95
-579420.29,-1266063.43,176.00
-579419.95,-1266063.57,176.04
-579419.62,-1266063.70,176.08
-579419.30,-1266063.83,176.13
-579418.96,-1266063.97,176.17
-579418.60,-1266064.12,176.22
-579418.28,-1266064.25,176.25
-579417.94,-1266064.40,176.27
-579422.39,-1266062.22,175.76
-579422.07,-1266062.35,175.78
-579421.75,-1266062.48,175.81
-579421.42,-1266062.62,175.85
-579421.11,-1266062.74,175.88
-579420.76,-1266062.88,175.94
-579420.43,-1266063.02,175.97
-579420.08,-1266063.16,176.01
-579419.76,-1266063.30,176.06
-579419.44,-1266063.43,176.10
-579419.08,-1266063.58,176.15
-579418.74,-1266063.71,176.18
-579418.41,-1266063.85,176.23
-579418.06,-1266063.99,176.26
-579417.73,-1266064.13,176.28
-579422.22,-1266061.98,175.76
-579421.89,-1266062.11,175.78
-579421.56,-1266062.25,175.82
-579421.23,-1266062.38,175.87
-579420.89,-1266062.52,175.91
-579420.57,-1266062.65,175.94
-579420.22,-1266062.79,175.99
-579419.89,-1266062.93,176.02
-579419.58,-1266063.06,176.07
-579419.23,-1266063.20,176.11
-579418.88,-1266063.35,176.17
-579418.55,-1266063.48,176.20
-579418.21,-1266063.62,176.25
-579417.85,-1266063.77,176.28
-579416.55,-1266053.83,176.29
-579416.23,-1266053.96,176.29
-579418.35,-1266053.41,176.06
-579417.99,-1266053.56,176.09
-579417.68,-1266053.69,176.14
-579417.34,-1266053.82,176.17
-579417.01,-1266053.96,176.21
-579416.34,-1266054.24,176.27
-579419.18,-1266053.37,175.94
-579418.87,-1266053.50,175.98
-579418.51,-1266053.65,176.01
-579417.81,-1266053.93,176.09
-579417.48,-1266054.07,176.14
-579417.15,-1266054.21,176.18
-579416.83,-1266054.34,176.22
-579416.50,-1266054.47,176.26
-579416.15,-1266054.62,176.27
-579420.35,-1266053.22,175.78
-579420.03,-1266053.36,175.82
-579419.69,-1266053.50,175.85
-579419.36,-1266053.63,175.91
-579419.00,-1266053.78,175.94
-579418.67,-1266053.92,175.98
-579418.33,-1266054.06,176.03
-579417.97,-1266054.21,176.06
-579417.62,-1266054.35,176.13
-579417.29,-1266054.48,176.17
-579416.97,-1266054.62,176.22
-579416.65,-1266054.75,176.25
-579416.32,-1266054.88,176.27
-579420.86,-1266053.41,175.74
-579420.53,-1266053.54,175.75
-579420.18,-1266053.69,175.78
-579419.86,-1266053.82,175.83
-579419.52,-1266053.96,175.88
-579419.18,-1266054.10,175.93
-579418.82,-1266054.24,175.95
-579418.50,-1266054.38,176.01
-579418.15,-1266054.52,176.05
-579417.79,-1266054.67,176.10
-579417.45,-1266054.81,176.14
-579417.11,-1266054.95,176.21
-579416.80,-1266055.08,176.25
-579416.47,-1266055.21,176.27
-579420.99,-1266053.55,175.73
-579420.64,-1266053.69,175.75
-579420.31,-1266053.83,175.77
-579419.95,-1266053.97,175.82
-579419.63,-1266054.11,175.88
-579419.31,-1266054.24,175.93
-579418.96,-1266054.38,175.94
-579418.61,-1266054.53,176.00
-579418.28,-1266054.66,176.04
-579417.93,-1266054.81,176.09
-579417.57,-1266054.95,176.14
-579417.23,-1266055.10,176.20
-579416.90,-1266055.23,176.24
-579416.58,-1266055.36,176.27
-579416.25,-1266055.49,176.27
-579421.13,-1266053.87,175.70
-579420.81,-1266054.00,175.73
-579420.46,-1266054.15,175.77
-579420.12,-1266054.28,175.80
-579419.78,-1266054.42,175.86
-579419.45,-1266054.56,175.89
-579419.12,-1266054.69,175.94
-579418.77,-1266054.84,175.99
-579418.43,-1266054.98,176.04
-579418.10,-1266055.12,176.07
-579417.74,-1266055.26,176.14
-579417.39,-1266055.41,176.18
-579417.04,-1266055.55,176.23
-579416.72,-1266055.68,176.26
-579416.40,-1266055.82,176.27
-579420.98,-1266054.29,175.72
-579420.65,-1266054.42,175.75
-579420.31,-1266054.56,175.80
-579419.98,-1266054.70,175.84
-579419.62,-1266054.84,175.89
-579419.30,-1266054.98,175.94
-579418.98,-1266055.11,175.97
-579418.62,-1266055.26,176.03
-579418.28,-1266055.40,176.07
-579417.95,-1266055.54,176.12
-579417.60,-1266055.68,176.17
-579417.25,-1266055.82,176.22
-579421.16,-1266054.61,175.71
-579420.83,-1266054.75,175.74
-579420.50,-1266054.88,175.79
-579420.15,-1266055.03,175.83
-579419.82,-1266055.16,175.86
-579419.47,-1266055.31,175.92
-579419.14,-1266055.44,175.95
-579418.82,-1266055.57,176.01
-579418.47,-1266055.72,176.04
-579421.26,-1266054.72,175.71
-579420.93,-1266054.86,175.73
-579420.60,-1266054.99,175.78
-579420.28,-1266055.13,175.82
-579419.92,-1266055.28,175.86
-579419.61,-1266055.40,175.90
-579419.25,-1266055.55,175.94
-579418.92,-1266055.68,176.00
-579421.40,-1266054.95,175.70
-579421.07,-1266055.09,175.73
-579420.75,-1266055.22,175.77
-579420.42,-1266055.36,175.81
-579420.10,-1266055.49,175.85
-579419.75,-1266055.64,175.89
