-578594.160,-1265768.990,184.270
-578594.360,-1265768.710,184.235
-578594.540,-1265768.450,179.180
-578594.720,-1265768.180,179.150
-578594.410,-1265769.260,181.755
-578594.600,-1265768.990,179.240
-578594.790,-1265768.710,179.170
-578594.980,-1265768.430,179.115
-578595.160,-1265768.160,179.075
-578594.450,-1265769.700,179.280
-578594.640,-1265769.410,179.225
-578594.830,-1265769.150,179.190
-578595.020,-1265768.880,179.160
-578595.210,-1265768.590,179.080
-578595.400,-1265769.590,179.150
-578595.580,-1265769.330,179.110
-578595.750,-1265769.090,179.070
-578595.940,-1265768.820,179.030
-578596.120,-1265768.550,179.000
-578596.310,-1265768.280,178.990
-578596.490,-1265768.000,178.980
-578595.830,-1265769.620,179.110
-578596.020,-1265769.350,179.060
-578596.210,-1265769.080,179.030
-578596.390,-1265768.830,179.000
-578596.590,-1265768.530,178.980
-578596.760,-1265768.270,178.970
-578596.940,-1265768.010,178.940
-578596.990,-1265769.320,178.990
-578597.180,-1265769.060,178.950
-578597.360,-1265768.790,178.945
-578597.560,-1265768.510,178.930
-578597.750,-1265768.230,178.880
-578597.940,-1265767.950,178.820
-578597.200,-1265769.500,178.990
-578597.400,-1265769.210,178.950
-578597.590,-1265768.950,178.930
-578597.780,-1265768.680,178.905
-578597.960,-1265768.400,178.870
-578595.600,-1265768.030,179.015
-578594.960,-1265769.740,179.190
-578595.150,-1265769.450,179.160
-578595.350,-1265769.180,179.140
-578595.540,-1265768.900,179.080
-578595.720,-1265768.630,179.030
-578595.900,-1265768.370,179.005
-578596.080,-1265768.110,178.990
-578596.430,-1265769.240,179.020
-578596.610,-1265768.990,179.000
-578596.800,-1265768.730,178.980
-578596.990,-1265768.450,178.950
-578597.180,-1265768.160,178.930
-578597.360,-1265767.900,178.920
-578597.630,-1265769.430,178.940
-578597.810,-1265769.180,178.935
-578597.990,-1265768.930,178.900
-578597.550,-1265767.620,178.900
-578597.750,-1265767.340,178.860
-578597.140,-1265767.720,178.930
-578597.330,-1265767.440,178.920
-578597.510,-1265767.190,178.910
-578597.700,-1265766.910,178.860
-578596.680,-1265767.720,178.970
-578596.860,-1265767.460,178.940
-578597.040,-1265767.190,178.930
-578597.240,-1265766.910,178.920
-578597.430,-1265766.640,178.910
-578597.610,-1265766.380,178.860
-578596.260,-1265767.840,178.980
-578596.450,-1265767.560,178.970
-578596.630,-1265767.300,178.960
-578596.830,-1265767.010,178.940
-578597.000,-1265766.740,178.930
-578597.180,-1265766.480,178.925
-578597.380,-1265766.200,178.920
-578597.570,-1265765.930,178.890
-578595.780,-1265767.760,179.000
-578595.950,-1265767.510,178.990
-578596.140,-1265767.240,178.980
-578596.320,-1265766.970,178.970
-578596.510,-1265766.690,178.970
-578596.690,-1265766.420,178.950
-578596.890,-1265766.140,178.940
-578597.060,-1265765.880,178.930
-578597.240,-1265765.620,178.920
-578597.440,-1265765.340,178.900
-578595.360,-1265767.880,179.030
-578595.550,-1265767.590,179.010
-578595.750,-1265767.310,179.000
-578595.930,-1265767.050,178.990
-578596.110,-1265766.780,178.980
-578596.280,-1265766.520,178.970
-578596.470,-1265766.250,178.970
-578596.660,-1265765.970,178.960
-578596.840,-1265765.710,178.940
-578597.030,-1265765.420,178.930
-578597.210,-1265765.160,178.920
-578597.390,-1265764.910,178.890
-578594.910,-1265767.900,179.110
-578595.100,-1265767.620,179.070
-578595.280,-1265767.350,179.035
-578595.480,-1265767.070,179.020
-578595.670,-1265766.790,179.010
-578595.860,-1265766.500,178.990
-578596.050,-1265766.240,178.980
-578596.220,-1265765.980,178.970
-578596.400,-1265765.710,178.970
-578596.590,-1265765.440,178.960
-578596.780,-1265765.160,178.940
-578596.950,-1265764.900,178.930
-578597.150,-1265764.620,178.920
-578597.330,-1265764.370,178.860
-578594.400,-1265767.910,179.180
-578594.580,-1265767.650,179.150
-578594.760,-1265767.380,179.130
-578594.950,-1265767.090,179.085
-578595.150,-1265766.810,179.050
-578595.330,-1265766.550,179.030
-578595.520,-1265766.260,179.020
-578595.720,-1265765.980,179.000
-578595.910,-1265765.700,179.000
-578596.090,-1265765.440,178.980
-578596.270,-1265765.170,178.975
-578596.450,-1265764.910,178.965
-578596.630,-1265764.640,178.950
-578596.820,-1265764.360,178.930
-578597.000,-1265764.100,178.915
-578597.190,-1265763.830,178.900
-578594.160,-1265767.680,184.240
-578594.340,-1265767.410,179.185
-578594.540,-1265767.130,179.150
-578594.720,-1265766.870,179.130
-578595.090,-1265766.320,179.050
-578595.280,-1265766.030,179.030
-578595.460,-1265765.770,179.020
-578595.660,-1265765.480,179.000
-578595.850,-1265765.200,179.000
-578596.040,-1265764.920,178.980
-578596.220,-1265764.650,178.970
-578596.410,-1265764.390,178.960
-578596.580,-1265764.130,178.950
-578596.760,-1265763.860,178.920
-578596.960,-1265763.580,178.915
-578597.130,-1265763.330,178.875
-578594.030,-1265767.170,184.260
-578594.220,-1265766.890,179.195
-578594.390,-1265766.640,179.160
-578594.590,-1265766.350,179.130
-578594.770,-1265766.080,179.100
-578594.950,-1265765.830,179.060
-578595.150,-1265765.530,179.040
-578595.340,-1265765.250,179.020
-578595.520,-1265764.990,179.010
-578595.710,-1265764.700,179.000
-578595.910,-1265764.410,178.985
-578596.100,-1265764.130,178.975
-578596.280,-1265763.870,178.960
-578596.460,-1265763.600,178.950
-578596.640,-1265763.350,178.940
-578596.820,-1265763.090,178.920
-578597.020,-1265762.810,178.910
-578593.860,-1265767.010,184.290
-578594.050,-1265766.730,184.220
-578594.230,-1265766.470,179.170
-578594.420,-1265766.200,179.140
-578594.600,-1265765.930,179.115
-578594.790,-1265765.640,179.060
-578594.970,-1265765.390,179.050
-578595.150,-1265765.120,179.040
-578595.350,-1265764.830,179.020
-578595.540,-1265764.550,179.000
-578595.720,-1265764.290,178.995
-578595.920,-1265764.000,178.980
-578596.110,-1265763.710,178.970
-578596.300,-1265763.430,178.950
-578596.480,-1265763.170,178.945
-578596.660,-1265762.900,178.935
-578596.840,-1265762.650,178.920
-578597.020,-1265762.390,178.910
-578593.880,-1265766.200,184.240
-578594.050,-1265765.940,179.185
-578594.240,-1265765.670,179.160
-578594.430,-1265765.390,179.130
-578594.610,-1265765.130,179.100
-578594.800,-1265764.840,179.075
-578594.990,-1265764.570,179.050
-578595.160,-1265764.320,179.030
-578595.360,-1265764.030,179.010
-578595.560,-1265763.740,178.990
-578595.730,-1265763.480,178.980
-578595.930,-1265763.200,178.970
-578596.120,-1265762.910,178.960
-578596.320,-1265762.630,178.950
-578596.490,-1265762.370,178.940
-578596.680,-1265762.100,178.930
-578596.850,-1265761.850,178.915
-578593.680,-1265765.990,184.280
-578593.870,-1265765.720,184.220
-578594.040,-1265765.460,179.180
-578594.220,-1265765.200,179.140
-578594.400,-1265764.930,179.120
-578594.600,-1265764.650,179.080
-578594.780,-1265764.390,179.060
-578594.970,-1265764.100,179.040
-578595.150,-1265763.840,179.030
-578595.330,-1265763.580,179.010
-578595.520,-1265763.290,178.990
-578595.720,-1265763.010,178.980
-578595.900,-1265762.740,178.970
-578596.090,-1265762.460,178.960
-578596.290,-1265762.170,178.945
-578596.480,-1265761.890,178.930
-578596.660,-1265761.640,178.920
-578596.840,-1265761.380,178.900
-578594.450,-1265764.130,179.100
-578594.650,-1265763.850,179.080
-578594.830,-1265763.580,179.050
-578595.020,-1265763.300,179.030
-578595.200,-1265763.030,179.010
-578595.380,-1265762.770,179.010
-578595.570,-1265762.500,178.990
-578595.770,-1265762.200,178.970
-578595.950,-1265761.940,178.960
-578596.140,-1265761.660,178.950
-578596.340,-1265761.370,178.940
-578596.530,-1265761.090,178.920
-578596.710,-1265760.840,178.900
-578596.890,-1265760.570,178.850
-578593.730,-1265765.180,184.230
-578593.910,-1265764.920,179.215
-578594.100,-1265764.650,179.150
-578594.270,-1265764.390,179.130
-578593.910,-1265764.460,179.170
-578594.100,-1265764.190,179.140
-578594.280,-1265763.930,179.120
-578594.450,-1265763.670,179.085
-578594.640,-1265763.400,179.065
-578594.830,-1265763.120,179.040
-578595.010,-1265762.860,179.030
-578595.210,-1265762.570,179.010
-578595.390,-1265762.310,178.990
-578595.560,-1265762.050,178.980
-578595.760,-1265761.760,178.970
-578595.950,-1265761.480,178.960
-578596.130,-1265761.220,178.940
-578596.330,-1265760.930,178.920
-578596.520,-1265760.650,178.910
-578596.710,-1265760.380,178.880
-578593.990,-1265763.710,179.160
-578594.530,-1265762.920,179.070
-578594.710,-1265762.660,179.050
-578594.910,-1265762.370,179.030
-578595.080,-1265762.110,179.020
-578595.280,-1265761.820,178.990
-578595.460,-1265761.560,178.990
-578595.640,-1265761.300,178.975
-578595.830,-1265761.020,178.960
-578596.030,-1265760.730,178.940
-578596.210,-1265760.470,178.925
-578596.400,-1265760.190,178.910
-578596.600,-1265759.910,178.885
-578596.790,-1265759.620,178.830
-578593.410,-1265764.560,184.310
-578593.610,-1265764.270,184.245
-578593.800,-1265763.990,184.200
-578595.190,-1265761.350,179.000
-578595.380,-1265761.070,178.980
-578595.560,-1265760.810,178.970
-578595.740,-1265760.540,178.960
-578595.930,-1265760.260,178.940
-578596.130,-1265759.970,178.930
-578596.300,-1265759.720,178.910
-578596.500,-1265759.440,178.890
-578596.700,-1265759.160,178.860
-578593.510,-1265763.800,184.260
-578593.900,-1265763.240,179.150
-578594.090,-1265762.950,179.140
-578594.270,-1265762.690,179.100
-578594.450,-1265762.430,179.070
-578594.630,-1265762.160,179.050
-578594.810,-1265761.900,179.030
-578595.000,-1265761.620,179.010
-578593.450,-1265763.350,184.270
-578593.630,-1265763.090,181.715
-578593.830,-1265762.800,179.170
-578594.020,-1265762.520,179.150
-578594.210,-1265762.240,179.115
-578594.570,-1265761.710,179.050
-578594.750,-1265761.450,179.030
-578594.930,-1265761.180,179.010
-578595.130,-1265760.900,179.000
-578595.300,-1265760.640,178.980
-578595.500,-1265760.350,178.970
-578595.680,-1265760.090,178.960
-578595.860,-1265759.830,178.940
-578596.050,-1265759.550,178.930
-578596.250,-1265759.260,178.915
-578596.430,-1265759.010,178.890
-578596.620,-1265758.730,178.860
-578593.510,-1265762.590,184.250
-578593.700,-1265762.320,179.170
-578593.890,-1265762.040,179.150
-578594.080,-1265761.760,179.120
-578594.280,-1265761.470,179.080
-578594.460,-1265761.210,179.060
-578594.640,-1265760.950,179.030
-578594.820,-1265760.680,179.020
-578595.000,-1265760.420,179.000
-578595.190,-1265760.140,178.990
-578595.380,-1265759.870,178.980
-578595.570,-1265759.590,178.960
-578595.750,-1265759.330,178.950
-578595.930,-1265759.060,178.930
-578596.120,-1265758.780,178.920
-578596.310,-1265758.510,178.920
-578596.500,-1265758.250,178.860
-578593.390,-1265762.160,184.240
-578593.590,-1265761.870,179.175
-578593.770,-1265761.610,179.150
-578593.960,-1265761.320,179.120
-578594.160,-1265761.040,179.080
-578594.350,-1265760.760,179.060
-578594.530,-1265760.490,179.035
-578594.710,-1265760.230,179.020
-578594.890,-1265759.970,179.000
-578595.070,-1265759.700,178.985
-578595.260,-1265759.420,178.980
-578595.440,-1265759.160,178.960
-578595.640,-1265758.870,178.955
-578595.820,-1265758.610,178.940
-578595.990,-1265758.350,178.925
-578596.190,-1265758.070,178.910
-578596.390,-1265757.790,178.865
-578596.560,-1265757.540,178.840
-578593.320,-1265761.710,184.220
-578593.510,-1265761.430,179.170
-578593.710,-1265761.140,179.140
-578593.890,-1265760.880,179.120
-578594.080,-1265760.600,179.080
-578594.270,-1265760.320,179.070
-578594.470,-1265760.030,179.030
-578594.650,-1265759.760,179.020
-578594.830,-1265759.510,179.000
-578595.010,-1265759.240,178.990
-578595.190,-1265758.980,178.980
-578595.380,-1265758.700,178.970
-578595.560,-1265758.430,178.950
-578595.760,-1265758.140,178.930
-578595.930,-1265757.890,178.930
-578596.120,-1265757.630,178.920
-578596.310,-1265757.350,178.910
-578593.230,-1265761.280,184.240
-578593.420,-1265761.010,179.180
-578593.610,-1265760.730,179.140
-578593.800,-1265760.450,179.120
-578593.980,-1265760.180,179.085
-578594.180,-1265759.900,179.070
-578594.370,-1265759.620,179.040
-578594.570,-1265759.330,179.020
-578594.750,-1265759.070,179.000
-578594.920,-1265758.810,178.985
-578595.110,-1265758.540,178.980
-578595.290,-1265758.280,178.970
-578595.480,-1265758.000,178.960
-578595.660,-1265757.730,178.950
-578595.860,-1265757.440,178.940
-578593.120,-1265760.750,184.270
-578593.480,-1265760.220,179.160
-578593.670,-1265759.950,179.140
-578593.870,-1265759.650,179.110
-578594.050,-1265759.400,179.080
-578594.240,-1265759.120,179.050
-578594.440,-1265758.820,179.020
-578594.630,-1265758.540,179.010
-578594.810,-1265758.290,179.000
-578594.990,-1265758.020,178.980
-578595.170,-1265757.760,178.980
-578595.350,-1265757.500,178.980
-578592.970,-1265760.320,184.280
-578593.350,-1265759.760,179.185
-578593.520,-1265759.510,179.150
-578593.720,-1265759.220,179.120
-578593.920,-1265758.930,179.090
-578594.090,-1265758.680,179.060
-578594.290,-1265758.390,179.040
-578594.490,-1265758.100,179.010
-578594.680,-1265757.820,179.015
-578594.860,-1265757.560,179.025
-578595.040,-1265757.290,179.030
-578592.910,-1265759.860,184.280
-578593.090,-1265759.590,184.260
-578593.290,-1265759.300,179.185
-578593.460,-1265759.050,179.150
-578593.640,-1265758.780,179.120
-578593.840,-1265758.490,179.090
-578594.030,-1265758.220,179.070
-578594.210,-1265757.950,179.050
-578594.410,-1265757.660,179.050
-578594.600,-1265757.390,179.050
-578592.990,-1265759.200,184.260
-578593.170,-1265758.930,179.180
-578593.370,-1265758.640,179.155
-578593.540,-1265758.390,179.140
-578593.730,-1265758.120,179.090
-578593.920,-1265757.840,179.090
-578594.110,-1265757.560,179.090
-578593.090,-1265758.510,179.190
-578593.270,-1265758.250,179.170
-578593.460,-1265757.970,179.150
-578593.640,-1265757.700,179.150
-578593.820,-1265757.440,179.140
-578592.740,-1265758.370,184.270
-578592.920,-1265758.110,184.240
-578593.120,-1265757.820,179.230
-578593.300,-1265757.560,179.210
-578592.670,-1265757.940,184.280
-578593.030,-1265757.400,179.275
-578596.500,-1265757.070,178.870
-578596.030,-1265757.200,178.930
-578596.220,-1265756.910,178.910
-578596.410,-1265756.640,178.870
-578595.550,-1265757.200,178.970
-578595.730,-1265756.930,178.970
-578595.920,-1265756.660,178.970
-578596.100,-1265756.400,178.930
-578595.220,-1265757.020,179.030
-578595.400,-1265756.760,179.030
-578595.590,-1265756.470,179.000
-578595.770,-1265756.210,178.990
-578595.970,-1265755.940,178.970
-578596.150,-1265755.680,178.880
-578594.800,-1265757.080,179.045
-578594.980,-1265756.820,179.050
-578595.150,-1265756.570,179.040
-578595.340,-1265756.300,179.040
-578595.520,-1265756.040,179.020
-578595.710,-1265755.760,178.990
-578595.890,-1265755.500,178.965
-578596.090,-1265755.220,178.870
-578594.300,-1265757.280,179.090
-578594.490,-1265756.990,179.080
-578594.680,-1265756.720,179.070
-578594.880,-1265756.430,179.070
-578595.060,-1265756.170,179.055
-578595.240,-1265755.910,179.030
-578595.420,-1265755.650,179.020
-578595.600,-1265755.380,178.995
-578595.790,-1265755.100,178.980
-578595.970,-1265754.850,178.900
-578594.010,-1265757.150,179.120
-578594.210,-1265756.860,179.110
-578594.390,-1265756.600,179.090
-578594.580,-1265756.320,179.090
-578594.780,-1265756.030,179.070
-578594.970,-1265755.750,179.050
-578595.150,-1265755.490,179.035
-578595.330,-1265755.230,179.020
-578595.520,-1265754.960,179.000
-578595.690,-1265754.710,178.985
-578593.850,-1265756.740,179.160
-578594.050,-1265756.460,179.140
-578594.240,-1265756.170,179.120
-578594.420,-1265755.910,179.100
-578594.620,-1265755.630,179.080
-578594.810,-1265755.350,179.060
-578595.010,-1265755.060,179.050
-578595.180,-1265754.800,179.030
-578595.360,-1265754.540,179.020
-578595.550,-1265754.280,179.000
-578595.730,-1265754.020,178.960
-578593.490,-1265757.260,179.170
-578594.720,-1265754.940,179.070
-578594.910,-1265754.660,179.050
-578595.110,-1265754.370,179.030
-578595.290,-1265754.110,179.020
-578595.470,-1265753.840,179.000
-578595.650,-1265753.590,178.960
-578595.830,-1265753.330,178.910
-578593.220,-1265757.130,179.230
-578593.400,-1265756.860,179.200
-578593.600,-1265756.570,179.170
-578593.770,-1265756.320,179.160
-578593.950,-1265756.050,179.150
-578594.150,-1265755.760,179.110
-578594.520,-1265755.220,179.080
-578594.560,-1265754.520,179.070
-578594.750,-1265754.240,179.060
-578594.950,-1265753.950,179.040
-578595.150,-1265753.670,179.025
-578595.320,-1265753.410,179.000
-578595.510,-1265753.150,178.965
-578595.690,-1265752.890,178.895
-578592.710,-1265757.230,184.250
-578592.880,-1265756.970,179.300
-578593.060,-1265756.710,179.260
-578593.260,-1265756.420,179.230
-578593.440,-1265756.160,179.190
-578593.630,-1265755.880,179.160
-578593.820,-1265755.610,179.150
-578593.990,-1265755.350,179.130
-578594.190,-1265755.070,179.110
-578594.380,-1265754.780,179.080
-578594.700,-1265753.870,179.060
-578594.900,-1265753.580,179.045
-578595.090,-1265753.300,179.020
-578595.280,-1265753.020,179.000
-578595.470,-1265752.750,178.950
-578595.650,-1265752.500,178.890
-578592.480,-1265757.100,184.300
-578592.670,-1265756.830,184.240
-578592.840,-1265756.570,179.280
-578593.020,-1265756.310,179.250
-578593.210,-1265756.050,179.220
-578593.400,-1265755.760,179.170
-578593.570,-1265755.510,179.160
-578593.770,-1265755.220,179.135
-578593.950,-1265754.960,179.120
-578594.130,-1265754.700,179.110
-578594.330,-1265754.410,179.080
-578594.520,-1265754.130,179.070
-578592.740,-1265756.170,179.280
-578592.920,-1265755.920,179.255
-578593.100,-1265755.650,179.230
-578593.470,-1265755.110,179.160
-578593.660,-1265754.850,179.140
-578593.850,-1265754.560,179.130
-578594.030,-1265754.310,179.110
-578594.210,-1265754.040,179.100
-578594.410,-1265753.750,179.075
-578594.600,-1265753.470,179.060
-578594.780,-1265753.210,179.040
-578594.980,-1265752.920,179.020
-578595.170,-1265752.640,179.010
-578595.360,-1265752.360,178.990
-578595.550,-1265752.100,178.900
-578592.560,-1265756.440,184.240
-578592.430,-1265756.030,184.250
-578592.630,-1265755.740,179.280
-578592.800,-1265755.490,179.260
-578592.990,-1265755.220,179.225
-578593.170,-1265754.950,179.200
-578593.340,-1265754.700,179.175
-578593.540,-1265754.410,179.160
-578593.720,-1265754.140,179.130
-578593.910,-1265753.870,179.115
-578594.090,-1265753.600,179.100
-578594.280,-1265753.340,179.080
-578594.470,-1265753.060,179.070
-578594.660,-1265752.780,179.050
-578594.850,-1265752.510,179.030
-578595.040,-1265752.230,179.010
-578595.230,-1265751.950,179.000
-578595.430,-1265751.660,178.940
-578595.610,-1265751.420,178.890
-578594.890,-1265751.840,179.010
-578595.090,-1265751.560,179.000
-578595.280,-1265751.280,178.990
-578595.480,-1265751.000,178.910
-578592.480,-1265755.360,184.230
-578592.680,-1265755.080,179.270
-578592.850,-1265754.810,179.260
-578593.030,-1265754.550,179.220
-578593.390,-1265754.030,179.170
-578593.590,-1265753.740,179.140
-578593.770,-1265753.480,179.125
-578593.960,-1265753.200,179.110
-578594.140,-1265752.930,179.090
-578594.520,-1265752.390,179.050
-578594.710,-1265752.100,179.030
-578592.370,-1265754.970,184.240
-578592.560,-1265754.690,179.300
-578592.750,-1265754.420,179.260
-578592.940,-1265754.140,179.220
-578593.120,-1265753.880,179.190
-578593.290,-1265753.630,179.170
-578593.480,-1265753.360,179.150
-578593.670,-1265753.070,179.130
-578593.850,-1265752.820,179.110
-578594.050,-1265752.530,179.085
-578594.230,-1265752.270,179.080
-578594.400,-1265752.010,179.055
-578594.600,-1265751.720,179.040
-578594.790,-1265751.440,179.015
-578594.970,-1265751.180,179.000
-578595.170,-1265750.900,178.990
-578592.230,-1265754.620,184.250
-578592.430,-1265754.330,179.300
-578592.620,-1265754.050,179.260
-578592.810,-1265753.770,179.240
-578593.000,-1265753.500,179.190
-578593.180,-1265753.240,179.170
-578593.350,-1265752.980,179.160
-578593.540,-1265752.710,179.130
-578593.730,-1265752.430,179.120
-578593.910,-1265752.170,179.110
-578594.100,-1265751.890,179.080
-578594.290,-1265751.620,179.060
-578594.460,-1265751.360,179.050
-578594.660,-1265751.080,179.030
-578592.140,-1265754.210,184.260
-578592.320,-1265753.940,184.200
-578592.510,-1265753.660,179.270
-578592.710,-1265753.380,179.240
-578593.080,-1265752.830,179.170
-578593.260,-1265752.570,179.160
-578593.440,-1265752.310,179.140
-578593.620,-1265752.040,179.120
-578593.820,-1265751.760,179.090
-578594.000,-1265751.500,179.080
-578594.190,-1265751.220,179.060
-578594.370,-1265750.960,179.055
-578593.110,-1265752.180,179.170
-578593.290,-1265751.920,179.150
-578593.460,-1265751.670,179.120
-578593.650,-1265751.400,179.110
-578593.840,-1265751.120,179.090
-578592.160,-1265753.560,184.230
-578592.350,-1265753.300,179.280
-578592.540,-1265753.010,179.250
-578592.730,-1265752.730,179.220
-578592.920,-1265752.450,179.190
-578592.110,-1265753.240,184.225
-578592.310,-1265752.960,179.285
-578592.490,-1265752.700,179.255
-578592.680,-1265752.410,179.220
-578592.880,-1265752.130,179.185
-578593.070,-1265751.840,179.170
-578593.250,-1265751.590,179.150
-578593.430,-1265751.330,179.120
-578593.610,-1265751.060,179.110
-578591.970,-1265752.900,184.250
-578592.160,-1265752.620,181.770
-578592.360,-1265752.330,179.250
-578592.540,-1265752.070,179.230
-578592.730,-1265751.790,179.210
-578592.930,-1265751.500,179.180
-578593.130,-1265751.220,179.160
-578591.870,-1265752.470,184.250
-578592.060,-1265752.220,184.215
-578592.250,-1265751.930,179.270
-578592.440,-1265751.650,179.250
-578592.620,-1265751.390,179.215
-578592.820,-1265751.100,179.190
-578591.900,-1265751.830,184.240
-578592.080,-1265751.570,179.340
-578592.280,-1265751.280,179.250
-578591.820,-1265751.460,184.250
-578592.000,-1265751.190,184.170
-578591.700,-1265751.110,184.270
-578595.360,-1265750.620,178.945
-578595.560,-1265750.340,178.865
-578594.850,-1265750.800,179.010
-578595.030,-1265750.530,179.000
-578595.230,-1265750.260,178.985
-578595.420,-1265749.980,178.960
-578594.550,-1265750.690,179.040
-578594.750,-1265750.410,179.010
-578594.940,-1265750.130,179.000
-578595.120,-1265749.870,178.990
-578595.320,-1265749.590,178.990
-578594.020,-1265750.860,179.070
-578594.220,-1265750.560,179.070
-578594.400,-1265750.300,179.040
-578594.580,-1265750.050,179.025
-578594.770,-1265749.760,179.010
-578594.970,-1265749.470,179.000
-578595.150,-1265749.230,178.990
-578595.340,-1265748.950,178.915
-578593.790,-1265750.800,179.090
-578593.980,-1265750.520,179.070
-578594.170,-1265750.250,179.060
-578594.360,-1265749.970,179.040
-578594.540,-1265749.710,179.020
-578594.720,-1265749.440,179.010
-578594.920,-1265749.160,179.000
-578595.110,-1265748.890,178.980
-578594.960,-1265748.540,178.980
-578595.160,-1265748.260,178.870
-578593.300,-1265750.960,179.125
-578593.480,-1265750.700,179.120
-578593.670,-1265750.430,179.090
-578593.840,-1265750.180,179.080
-578594.040,-1265749.880,179.065
-578594.220,-1265749.620,179.060
-578594.410,-1265749.340,179.030
-578594.590,-1265749.080,179.010
-578594.770,-1265748.810,179.000
-578593.010,-1265750.820,179.170
-578593.200,-1265750.540,179.140
-578593.390,-1265750.270,179.120
-578593.570,-1265750.010,179.100
-578593.740,-1265749.760,179.090
-578593.930,-1265749.490,179.070
-578594.120,-1265749.200,179.060
-578594.300,-1265748.950,179.040
-578594.490,-1265748.660,179.015
-578594.680,-1265748.390,179.000
-578594.850,-1265748.140,178.890
-578595.050,-1265747.870,177.955
-578592.470,-1265751.000,179.230
-578592.650,-1265750.740,179.200
-578592.850,-1265750.450,179.170
-578593.040,-1265750.170,179.160
-578593.230,-1265749.890,179.130
-578593.410,-1265749.620,179.110
-578593.600,-1265749.360,179.100
-578593.770,-1265749.110,179.080
-578593.960,-1265748.840,179.060
-578594.150,-1265748.550,179.040
-578594.320,-1265748.300,179.010
-578594.530,-1265748.020,178.940
-578592.190,-1265750.930,179.260
-578592.380,-1265750.650,179.235
-578592.570,-1265750.370,179.200
-578592.750,-1265750.100,179.180
-578592.950,-1265749.820,179.170
-578593.140,-1265749.540,179.140
-578593.340,-1265749.250,179.110
-578593.520,-1265748.990,179.100
-578593.690,-1265748.730,179.080
-578593.880,-1265748.460,179.060
-578594.060,-1265748.200,179.015
-578591.890,-1265750.830,184.200
-578592.070,-1265750.570,179.260
-578592.250,-1265750.300,179.240
-578592.440,-1265750.030,179.220
-578592.640,-1265749.740,179.190
-578592.820,-1265749.470,179.170
-578593.010,-1265749.190,179.150
-578593.210,-1265748.910,179.120
-578593.410,-1265748.620,179.090
-578593.580,-1265748.360,179.065
-578593.760,-1265748.110,179.040
-578591.800,-1265750.440,184.210
-578591.990,-1265750.160,179.265
-578592.170,-1265749.890,179.250
-578592.350,-1265749.640,179.225
-578592.550,-1265749.350,179.195
-578592.740,-1265749.060,179.170
-578592.920,-1265748.810,179.150
-578593.310,-1265748.230,179.080
-578591.670,-1265750.040,184.220
-578591.850,-1265749.780,179.320
-578592.040,-1265749.500,179.250
-578592.220,-1265749.230,179.230
-578592.400,-1265748.970,179.215
-578592.600,-1265748.690,179.180
-578591.570,-1265749.680,184.255
-578591.770,-1265749.410,184.220
-578591.950,-1265749.140,179.280
-578592.140,-1265748.860,179.240
-578592.320,-1265748.590,179.230
-578591.800,-1265748.750,184.220
-578591.600,-1265749.040,184.265
-578595.220,-1265769.500,179.160
-578594.860,-1265769.650,179.200
-578597.590,-1265769.500,178.950
-578597.070,-1265769.400,178.990
-578596.680,-1265769.560,179.030
-578596.150,-1265769.390,179.060
-578595.750,-1265769.560,179.105
-578595.350,-1265769.720,179.170
-578594.970,-1265769.890,179.200
-578597.790,-1265768.400,178.895
-578597.490,-1265768.530,178.930
-578597.110,-1265768.690,178.950
-578596.710,-1265768.860,178.990
-578596.350,-1265769.020,179.020
-578595.940,-1265769.190,179.060
-578595.560,-1265769.350,179.130
-578597.670,-1265767.970,178.890
-578597.310,-1265768.120,178.930
-578596.910,-1265768.290,178.950
-578596.550,-1265768.440,178.980
-578596.150,-1265768.610,179.000
-578595.760,-1265768.780,179.060
-578595.370,-1265768.940,179.110
-578595.000,-1265769.100,179.170
-578596.760,-1265767.970,178.950
-578596.380,-1265768.130,178.980
-578595.980,-1265768.300,179.000
-578595.590,-1265768.470,179.030
-578595.220,-1265768.620,179.080
-578594.870,-1265768.770,179.160
-578595.820,-1265768.010,179.005
-578595.470,-1265768.160,179.030
-578595.110,-1265768.310,179.080
-578594.740,-1265768.470,179.150
-578597.730,-1265769.110,178.930
-578597.450,-1265769.240,178.950
-578597.900,-1265768.640,178.900
-578597.590,-1265768.770,178.930
-578597.260,-1265768.910,178.950
-578596.860,-1265769.080,178.985
-578596.490,-1265769.240,179.020
-578597.830,-1265767.510,178.845
-578597.510,-1265767.650,178.900
-578597.140,-1265767.810,178.930
-578597.700,-1265767.210,178.880
-578597.370,-1265767.350,178.920
-578597.020,-1265767.500,178.930
-578596.640,-1265767.660,178.970
-578596.230,-1265767.840,178.980
-578597.570,-1265766.950,178.890
-578597.270,-1265767.080,178.925
-578596.870,-1265767.250,178.940
-578596.470,-1265767.410,178.970
-578596.070,-1265767.580,178.990
-578595.710,-1265767.740,179.000
-578595.350,-1265767.890,179.035
-578595.000,-1265768.040,179.095
-578597.450,-1265766.600,178.900
-578597.100,-1265766.750,178.920
-578596.700,-1265766.910,178.960
-578596.300,-1265767.080,178.970
-578595.930,-1265767.240,178.990
-578595.560,-1265767.400,179.010
-578595.220,-1265767.550,179.055
-578597.600,-1265766.100,178.885
-578597.260,-1265766.250,178.920
-578596.900,-1265766.400,178.935
-578596.510,-1265766.570,178.970
-578596.130,-1265766.730,178.980
-578595.760,-1265766.880,179.000
-578597.440,-1265765.820,178.920
-578597.120,-1265765.960,178.930
-578596.760,-1265766.120,178.940
-578596.390,-1265766.270,178.970
-578596.000,-1265766.430,178.990
-578595.640,-1265766.590,179.010
-578594.890,-1265766.910,179.085
-578597.290,-1265765.460,178.910
-578596.940,-1265765.610,178.930
-578596.570,-1265765.770,178.960
-578596.220,-1265765.920,178.970
-578595.830,-1265766.080,179.000
-578595.480,-1265766.230,179.020
-578595.080,-1265766.400,179.055
-578597.490,-1265765.070,178.890
-578597.170,-1265765.210,178.920
-578596.850,-1265765.350,178.930
-578596.490,-1265765.500,178.960
-578596.090,-1265765.670,178.980
-578595.740,-1265765.820,179.000
-578595.340,-1265765.990,179.030
-578594.960,-1265766.150,179.060
-578597.300,-1265764.690,178.910
-578597.010,-1265764.820,178.930
-578596.670,-1265764.960,178.940
-578596.300,-1265765.120,178.970
-578595.920,-1265765.280,179.000
-578595.520,-1265765.450,179.010
-578595.150,-1265765.600,179.040
-578594.770,-1265765.770,179.075
-578597.230,-1265764.430,178.890
-578596.920,-1265764.560,178.930
-578596.570,-1265764.710,178.950
-578596.200,-1265764.870,178.970
-578595.790,-1265765.040,179.000
-578595.440,-1265765.190,179.010
-578595.060,-1265765.350,179.045
-578594.680,-1265765.510,179.085
-578597.100,-1265764.030,178.910
-578596.760,-1265764.180,178.930
-578596.410,-1265764.330,178.960
-578596.030,-1265764.490,178.980
-578595.640,-1265764.650,179.000
-578595.240,-1265764.820,179.030
-578597.340,-1265763.600,178.860
-578596.990,-1265763.750,178.920
-578596.670,-1265763.890,178.930
-578596.280,-1265764.050,178.970
-578595.890,-1265764.220,178.985
-578595.510,-1265764.380,179.000
-578595.140,-1265764.530,179.030
-578594.780,-1265764.690,179.060
-578595.230,-1265763.720,179.020
-578594.840,-1265763.890,179.050
-578597.130,-1265763.180,178.870
-578596.820,-1265763.310,178.920
-578596.460,-1265763.470,178.950
-578596.070,-1265763.630,178.970
-578595.680,-1265763.790,178.980
-578595.320,-1265763.950,179.010
-578594.970,-1265764.100,179.040
-578594.570,-1265764.270,179.090
-578597.050,-1265762.950,178.910
-578596.730,-1265763.090,178.920
-578596.360,-1265763.250,178.950
-578595.970,-1265763.410,178.970
-578595.600,-1265763.560,178.990
-578596.880,-1265762.640,178.920
-578596.580,-1265762.770,178.940
-578596.180,-1265762.940,178.960
-578595.800,-1265763.100,178.980
-578595.440,-1265763.250,179.000
-578595.060,-1265763.410,179.030
-578594.650,-1265763.580,179.070
-578597.050,-1265762.180,178.885
-578596.760,-1265762.310,178.920
-578596.400,-1265762.460,178.940
-578596.020,-1265762.620,178.960
-578595.660,-1265762.780,178.980
-578595.270,-1265762.940,179.010
-578594.870,-1265763.110,179.030
-578594.510,-1265763.260,179.080
-578596.890,-1265761.840,178.910
-578596.560,-1265761.990,178.930
-578596.200,-1265762.140,178.950
-578595.840,-1265762.290,178.970
-578595.450,-1265762.460,178.990
-578595.060,-1265762.620,179.030
-578594.680,-1265762.780,179.060
-578596.760,-1265761.530,178.910
-578596.440,-1265761.670,178.940
-578596.080,-1265761.820,178.955
-578595.690,-1265761.990,178.970
-578595.290,-1265762.150,178.990
-578594.930,-1265762.310,179.030
-578594.520,-1265762.480,179.060
-578596.970,-1265761.090,178.850
-578596.640,-1265761.230,178.915
-578596.320,-1265761.370,178.940
-578595.930,-1265761.530,178.960
-578595.510,-1265761.700,178.990
-578595.170,-1265761.850,179.000
-578594.820,-1265762.000,179.030
-578596.840,-1265760.750,178.860
-578596.540,-1265760.880,178.920
-578596.170,-1265761.040,178.940
-578595.760,-1265761.210,178.970
-578595.400,-1265761.360,178.990
-578595.010,-1265761.530,179.010
-578594.610,-1265761.700,179.050
-578596.710,-1265760.490,178.900
-578596.400,-1265760.630,178.920
-578596.010,-1265760.790,178.940
-578595.650,-1265760.940,178.970
-578595.240,-1265761.120,179.000
-578594.850,-1265761.280,179.015
-578594.450,-1265761.450,179.060
-578596.610,-1265760.110,178.890
-578596.270,-1265760.260,178.920
-578595.910,-1265760.410,178.950
-578595.500,-1265760.580,178.980
-578595.110,-1265760.740,179.000
-578594.720,-1265760.910,179.020
-578594.350,-1265761.060,179.060
-578596.830,-1265759.720,178.840
-578596.470,-1265759.870,178.905
-578596.140,-1265760.010,178.930
-578595.770,-1265760.170,178.960
-578595.350,-1265760.350,178.980
-578594.950,-1265760.510,179.000
-578594.610,-1265760.660,179.030
-578596.650,-1265759.370,178.870
-578596.360,-1265759.490,178.910
-578595.970,-1265759.660,178.930
-578595.580,-1265759.820,178.960
-578595.170,-1265759.990,178.980
-578594.820,-1265760.140,179.010
-578594.460,-1265760.290,179.050
-578596.520,-1265759.090,178.900
-578596.210,-1265759.230,178.920
-578595.800,-1265759.400,178.950
-578595.400,-1265759.570,178.970
-578595.030,-1265759.720,179.000
-578594.700,-1265759.870,179.010
-578594.320,-1265760.030,179.050
-578596.400,-1265758.830,178.910
-578596.050,-1265758.980,178.920
-578595.650,-1265759.150,178.960
-578595.300,-1265759.290,178.980
-578594.930,-1265759.450,179.000
-578594.550,-1265759.610,179.020
-578596.540,-1265758.400,178.855
-578596.220,-1265758.540,178.920
-578595.860,-1265758.690,178.930
-578595.490,-1265758.850,178.960
-578595.110,-1265759.010,178.980
-578594.770,-1265759.150,179.000
-578594.390,-1265759.310,179.040
-578596.410,-1265758.070,178.870
-578596.090,-1265758.210,178.920
-578595.720,-1265758.360,178.950
-578595.350,-1265758.520,178.960
-578594.990,-1265758.670,178.980
-578594.630,-1265758.820,179.010
-578594.240,-1265758.980,179.050
-578596.250,-1265757.780,178.920
-578595.920,-1265757.910,178.930
-578595.560,-1265758.070,178.950
-578595.200,-1265758.220,178.970
-578594.830,-1265758.370,179.000
-578594.450,-1265758.540,179.020
-578596.450,-1265757.420,178.865
-578596.140,-1265757.550,178.920
-578595.810,-1265757.700,178.940
-578595.440,-1265757.850,178.960
-578595.080,-1265758.000,178.980
-578594.680,-1265758.170,179.010
-578594.320,-1265758.320,179.030
-578596.310,-1265757.070,178.910
-578596.010,-1265757.200,178.930
-578595.660,-1265757.350,178.960
-578595.290,-1265757.510,178.980
-578594.890,-1265757.670,179.010
-578594.530,-1265757.830,179.030
-578596.220,-1265756.820,178.910
-578595.940,-1265756.940,178.940
-578595.570,-1265757.090,178.970
-578595.180,-1265757.260,179.010
-578594.770,-1265757.430,179.040
-578594.380,-1265757.590,179.060
-578596.400,-1265756.310,178.870
-578596.070,-1265756.450,178.945
-578595.740,-1265756.590,178.980
-578595.330,-1265756.760,179.030
-578595.000,-1265756.900,179.045
-578594.620,-1265757.070,179.070
-578594.250,-1265757.220,179.090
-578596.270,-1265756.100,178.890
-578595.950,-1265756.240,178.980
-578595.590,-1265756.390,179.000
-578595.230,-1265756.540,179.040
-578594.830,-1265756.710,179.060
-578594.480,-1265756.860,179.090
-578596.120,-1265755.830,178.895
-578595.770,-1265755.980,178.990
-578595.430,-1265756.130,179.030
-578595.020,-1265756.290,179.060
-578594.670,-1265756.440,179.085
-578594.330,-1265756.590,179.110
-578595.940,-1265755.600,178.910
-578595.620,-1265755.740,178.995
-578595.230,-1265755.900,179.035
-578594.880,-1265756.050,179.070
-578594.490,-1265756.210,179.100
-578594.130,-1265756.360,179.130
-578596.070,-1265755.100,178.880
-578595.750,-1265755.230,178.980
-578595.360,-1265755.400,179.020
-578595.000,-1265755.550,179.050
-578594.640,-1265755.700,179.080
-578594.250,-1265755.860,179.110
-578595.930,-1265754.920,178.925
-578595.580,-1265755.070,178.995
-578595.230,-1265755.220,179.030
-578594.880,-1265755.370,179.050
-578594.490,-1265755.530,179.085
-578594.090,-1265755.700,179.120
-578595.750,-1265754.690,178.965
-578595.410,-1265754.840,179.010
-578595.030,-1265755.000,179.050
-578594.660,-1265755.150,179.070
-578594.260,-1265755.320,179.110
-578595.580,-1265754.450,179.000
-578595.220,-1265754.600,179.030
-578594.840,-1265754.760,179.050
-578594.440,-1265754.930,179.080
-578594.080,-1265755.080,179.120
-578595.700,-1265753.990,178.960
-578595.350,-1265754.140,179.020
-578594.960,-1265754.300,179.045
-578594.570,-1265754.470,179.070
-578594.210,-1265754.620,179.100
-578595.560,-1265753.850,178.990
-578595.190,-1265754.010,179.030
-578594.800,-1265754.170,179.050
-578594.430,-1265754.330,179.080
-578594.050,-1265754.490,179.110
-578596.040,-1265753.250,178.140
-578595.690,-1265753.390,178.940
-578595.340,-1265753.550,179.000
-578594.940,-1265753.710,179.040
-578594.580,-1265753.860,179.070
-578594.190,-1265754.030,179.100
-578595.860,-1265753.030,178.885
-578595.520,-1265753.180,178.970
-578595.150,-1265753.340,179.020
-578594.790,-1265753.490,179.050
-578594.400,-1265753.650,179.080
-578594.000,-1265753.820,179.110
-578595.650,-1265752.790,178.895
-578595.300,-1265752.940,178.990
-578594.940,-1265753.090,179.030
-578594.550,-1265753.250,179.060
-578594.160,-1265753.420,179.090
-578595.810,-1265752.470,178.880
-578595.490,-1265752.620,178.955
-578595.130,-1265752.760,179.010
-578594.760,-1265752.920,179.050
-578594.360,-1265753.090,179.075
-578593.970,-1265753.250,179.110
-578595.620,-1265752.290,178.890
-578595.300,-1265752.430,178.990
-578594.910,-1265752.590,179.025
-578594.510,-1265752.760,179.060
-578594.140,-1265752.910,179.085
-578595.700,-1265751.810,178.860
-578595.400,-1265751.940,178.955
-578595.030,-1265752.100,179.005
-578594.640,-1265752.260,179.045
-578594.250,-1265752.430,179.070
-578593.910,-1265752.570,179.110
-578595.520,-1265751.640,178.895
-578595.170,-1265751.780,179.000
-578594.790,-1265751.950,179.030
-578594.380,-1265752.120,179.055
-578594.030,-1265752.260,179.090
-578595.330,-1265751.410,178.970
-578594.950,-1265751.570,179.010
-578594.550,-1265751.740,179.040
-578594.190,-1265751.890,179.070
-578595.650,-1265751.270,178.850
-578595.470,-1265751.140,178.895
-578595.120,-1265751.280,178.995
-578594.740,-1265751.440,179.030
-578594.370,-1265751.600,179.050
-578594.010,-1265751.750,179.080
-578595.570,-1265750.690,178.865
-578595.250,-1265750.830,178.960
-578594.870,-1265750.990,179.000
-578594.500,-1265751.140,179.040
-578594.160,-1265751.290,179.070
-578595.350,-1265750.500,178.940
-578595.000,-1265750.650,179.000
-578594.640,-1265750.800,179.030
-578594.290,-1265750.950,179.060
-578593.920,-1265751.100,179.080
-578595.510,-1265750.200,178.885
-578595.200,-1265750.340,178.985
-578594.840,-1265750.490,179.000
-578594.480,-1265750.640,179.040
-578594.120,-1265750.790,179.070
-578595.340,-1265749.980,178.965
-578595.030,-1265750.110,179.000
-578594.680,-1265750.260,179.010
-578594.310,-1265750.420,179.060
-578593.940,-1265750.570,179.080
-578595.460,-1265749.600,178.930
-578595.150,-1265749.730,178.990
-578594.830,-1265749.870,179.010
-578594.460,-1265750.020,179.040
-578594.100,-1265750.170,179.070
-578595.270,-1265749.380,178.980
-578594.940,-1265749.520,179.000
-578594.590,-1265749.670,179.010
-578594.230,-1265749.810,179.060
-578593.840,-1265749.980,179.080
-578594.760,-1265749.390,179.010
-578594.390,-1265749.540,179.040
-578594.010,-1265749.700,179.070
-578595.390,-1265749.120,178.935
-578595.080,-1265749.250,178.990
-578595.160,-1265748.890,178.965
-578594.850,-1265749.030,179.000
-578594.480,-1265749.180,179.020
-578594.090,-1265749.340,179.060
-578594.930,-1265748.660,178.990
-578594.570,-1265748.810,179.010
-578594.190,-1265748.970,179.040
-578593.810,-1265749.120,179.075
-578594.980,-1265748.310,178.930
-578594.650,-1265748.450,179.010
-578594.270,-1265748.610,179.040
-578593.900,-1265748.760,179.070
-578595.110,-1265748.110,178.015
-578594.790,-1265748.250,178.940
-578594.430,-1265748.400,179.010
-578594.060,-1265748.560,179.055
-578594.130,-1265748.190,179.010
-578593.760,-1265748.350,179.060
-578594.230,-1265768.370,184.240
-578594.650,-1265769.250,179.230
-578594.290,-1265769.400,184.240
-578594.490,-1265768.930,179.260
-578594.390,-1265768.620,179.240
-578594.450,-1265767.870,179.170
-578594.080,-1265768.030,184.270
-578594.640,-1265767.360,179.140
-578594.280,-1265767.510,179.200
-578594.510,-1265767.070,179.150
-578594.130,-1265767.230,184.230
-578594.320,-1265766.720,179.165
-578594.580,-1265766.310,179.130
-578594.240,-1265766.460,179.160
-578594.400,-1265765.920,179.140
-578594.040,-1265766.070,179.200
-578594.310,-1265765.670,179.150
-578594.520,-1265765.130,179.110
-578594.120,-1265765.300,179.160
-578594.380,-1265764.850,179.115
-578593.980,-1265765.020,179.180
-578594.170,-1265764.430,179.140
-578594.450,-1265764.050,179.100
-578594.080,-1265764.210,179.140
-578594.300,-1265763.740,179.130
-578593.900,-1265763.900,179.170
-578594.110,-1265763.430,179.135
-578594.300,-1265762.940,179.090
-578593.900,-1265763.110,179.160
-578594.130,-1265762.650,179.140
-578594.360,-1265762.190,179.080
-578593.980,-1265762.350,179.145
-578594.240,-1265761.850,179.080
-578593.860,-1265762.010,179.150
-578594.080,-1265761.600,179.115
-578593.740,-1265761.750,179.150
-578593.990,-1265761.220,179.110
-578594.230,-1265760.820,179.070
-578593.880,-1265760.970,179.120
-578594.090,-1265760.450,179.080
-578593.740,-1265760.600,179.120
-578593.960,-1265760.180,179.090
-578594.200,-1265759.760,179.070
-578593.800,-1265759.930,179.110
-578594.000,-1265759.470,179.085
-578593.650,-1265759.620,179.130
-578593.880,-1265759.140,179.090
-578594.090,-1265758.690,179.065
-578593.690,-1265758.860,179.115
-578593.940,-1265758.480,179.075
-578594.130,-1265757.990,179.060
-578593.780,-1265758.140,179.090
-578594.000,-1265757.750,179.090
-578593.640,-1265757.900,179.140
-578594.120,-1265757.010,179.110
-578593.750,-1265757.170,179.150
-578593.920,-1265756.760,179.150
-578593.530,-1265756.920,179.170
-578593.720,-1265756.540,179.160
-578593.870,-1265756.020,179.150
-578593.510,-1265756.180,179.170
-578593.730,-1265755.850,179.150
-578593.910,-1265755.470,179.130
-578593.500,-1265755.640,179.170
-578593.690,-1265755.240,179.150
-578593.810,-1265754.790,179.130
-578593.430,-1265754.950,179.165
-578593.660,-1265754.650,179.150
-578593.800,-1265754.190,179.120
-578593.410,-1265754.350,179.170
-578593.620,-1265753.980,179.140
-578593.760,-1265753.580,179.130
-578593.410,-1265753.730,179.170
-578593.620,-1265753.400,179.130
-578593.770,-1265753.070,179.120
-578593.420,-1265753.220,179.150
-578593.540,-1265752.730,179.130
-578593.670,-1265752.410,179.120
-578593.300,-1265752.570,179.160
-578593.840,-1265752.030,179.100
-578593.470,-1265752.190,179.130
-578593.650,-1265751.900,179.120
-578593.300,-1265752.050,179.150
-578593.800,-1265751.440,179.090
-578593.440,-1265751.590,179.120
-578593.570,-1265751.240,179.110
-578593.770,-1265750.930,179.090
-578593.380,-1265751.100,179.120
-578593.560,-1265750.730,179.110
-578593.720,-1265750.330,179.090
-578593.350,-1265750.490,179.120
-578593.480,-1265750.130,179.110
-578593.640,-1265749.850,179.090
-578593.260,-1265750.020,179.130
-578593.740,-1265749.490,179.090
-578593.360,-1265749.650,179.120
-578593.450,-1265749.280,179.100
-578593.520,-1265748.920,179.090
-578593.160,-1265749.070,179.125
-578593.660,-1265748.720,179.080
-578593.310,-1265748.870,179.105
-578593.380,-1265748.500,179.090
-578593.960,-1265766.880,184.255
-578593.920,-1265765.830,184.210
-578593.740,-1265765.460,184.245
-578593.620,-1265765.180,184.250
-578593.810,-1265764.590,179.180
-578593.690,-1265764.370,184.230
-578593.500,-1265764.070,184.290
-578593.710,-1265763.600,179.190
-578593.510,-1265763.280,184.270
-578593.750,-1265762.800,179.175
-578593.380,-1265762.960,184.285
-578593.640,-1265762.500,179.170
-578593.250,-1265762.660,184.280
-578593.500,-1265762.170,179.190
-578593.130,-1265762.320,184.290
-578593.360,-1265761.910,184.220
-578593.630,-1265761.370,179.160
-578593.260,-1265761.520,184.250
-578593.500,-1265761.120,179.170
-578593.120,-1265761.290,184.265
-578593.330,-1265760.770,179.185
-578593.570,-1265760.340,179.150
-578593.450,-1265760.070,179.170
-578593.050,-1265760.240,184.270
-578593.250,-1265759.790,179.200
-578592.890,-1265759.940,184.285
-578593.490,-1265759.300,179.150
-578593.140,-1265759.450,179.210
-578593.320,-1265759.010,179.170
-578592.980,-1265759.160,184.260
-578593.580,-1265758.640,179.120
-578593.210,-1265758.790,179.170
-578593.420,-1265758.290,179.150
-578593.020,-1265758.460,179.310
-578593.250,-1265758.060,179.180
-578592.860,-1265758.230,184.255
-578593.450,-1265757.550,179.170
-578593.040,-1265757.730,179.270
-578592.670,-1265757.880,184.290
-578593.000,-1265757.480,179.270
-578593.170,-1265757.080,179.245
-578592.780,-1265757.240,184.230
-578593.350,-1265756.690,179.220
-578592.980,-1265756.850,179.270
-578592.570,-1265757.020,184.260
-578593.120,-1265756.340,179.245
-578592.720,-1265756.510,179.310
-578593.330,-1265756.020,179.190
-578592.940,-1265756.180,179.250
-578592.560,-1265756.340,184.240
-578593.120,-1265755.800,179.220
-578592.720,-1265755.970,179.280
-578592.360,-1265756.120,184.260
-578592.550,-1265755.720,184.220
-578593.040,-1265755.110,179.220
-578592.680,-1265755.260,179.265
-578592.310,-1265755.410,184.260
-578593.260,-1265754.820,179.185
-578592.900,-1265754.970,179.240
-578592.540,-1265755.120,181.745
-578593.040,-1265754.510,179.220
-578592.660,-1265754.670,179.260
-578592.310,-1265754.810,184.230
-578593.260,-1265754.130,179.180
-578592.890,-1265754.290,179.240
-578592.530,-1265754.440,179.270
-578592.180,-1265754.580,184.260
-578593.030,-1265753.890,179.210
-578592.670,-1265754.040,179.260
-578592.320,-1265754.190,184.190
-578593.260,-1265753.550,179.170
-578592.890,-1265753.710,179.220
-578592.520,-1265753.860,179.265
-578592.140,-1265754.020,184.240
-578593.050,-1265753.370,179.190
-578592.690,-1265753.520,179.240
-578592.300,-1265753.680,179.310
-578593.160,-1265752.880,179.170
-578592.800,-1265753.030,179.220
-578592.410,-1265753.200,179.270
-578592.060,-1265753.350,184.230
-578592.930,-1265752.720,179.190
-578592.550,-1265752.880,179.250
-578592.190,-1265753.030,184.175
-578593.110,-1265752.340,179.170
-578592.720,-1265752.500,179.220
-578592.350,-1265752.650,179.270
-578591.970,-1265752.820,184.250
-578592.910,-1265752.210,179.190
-578592.540,-1265752.370,179.235
-578592.150,-1265752.530,179.290
-578593.040,-1265751.750,179.170
-578592.690,-1265751.900,179.215
-578592.280,-1265752.070,179.265
-578591.930,-1265752.220,184.240
-578593.170,-1265751.410,179.150
-578592.810,-1265751.560,179.190
-578592.430,-1265751.720,179.240
-578592.060,-1265751.880,181.770
-578593.010,-1265751.250,179.180
-578592.620,-1265751.410,179.215
-578592.250,-1265751.570,179.260
-578591.900,-1265751.720,184.245
-578593.190,-1265750.880,179.150
-578592.810,-1265751.040,179.190
-578592.450,-1265751.190,179.235
-578592.090,-1265751.350,179.280
-578592.970,-1265750.650,179.170
-578592.610,-1265750.800,179.200
-578592.230,-1265750.950,179.250
-578591.850,-1265751.120,184.220
-578593.100,-1265750.290,179.155
-578592.730,-1265750.440,179.180
-578592.370,-1265750.590,179.230
-578591.980,-1265750.760,181.735
-578592.890,-1265750.170,179.170
-578592.530,-1265750.320,179.200
-578592.160,-1265750.480,179.250
-578591.750,-1265750.640,184.220
-578593.000,-1265749.800,179.150
-578592.620,-1265749.960,179.190
-578592.230,-1265750.120,179.240
-578591.830,-1265750.280,184.205
-578593.090,-1265749.430,179.140
-578592.710,-1265749.580,179.180
-578592.330,-1265749.740,179.220
-578591.930,-1265749.910,179.260
-578592.790,-1265749.230,179.170
-578592.410,-1265749.380,179.210
-578592.000,-1265749.550,179.250
-578591.650,-1265749.700,184.225
-578592.940,-1265749.020,179.155
-578592.550,-1265749.180,179.190
-578592.170,-1265749.340,179.240
-578591.790,-1265749.500,184.200
-578593.030,-1265748.650,179.125
-578592.640,-1265748.810,179.170
-578592.250,-1265748.980,179.230
-578591.890,-1265749.130,184.170
-578592.750,-1265748.450,179.135
-578592.360,-1265748.620,179.215
-578591.990,-1265748.770,179.270
-578591.600,-1265748.930,184.265
-578597.780,-1265769.460,178.940
-578597.460,-1265769.610,178.990
-578598.070,-1265768.990,178.890
-578597.660,-1265769.190,178.930
-578597.340,-1265769.340,178.950
-578597.010,-1265769.500,178.995
-578598.030,-1265768.860,178.895
-578597.680,-1265769.030,178.935
-578597.300,-1265769.220,178.950
-578596.950,-1265769.390,178.990
-578596.590,-1265769.560,179.030
-578597.990,-1265768.580,178.890
-578597.940,-1265768.400,178.875
-578597.650,-1265768.750,178.930
-578597.280,-1265768.930,178.950
-578596.910,-1265769.110,178.980
-578596.550,-1265769.280,179.020
-578595.850,-1265769.620,179.095
-578595.510,-1265769.780,179.170
-578597.540,-1265768.590,178.930
-578597.180,-1265768.770,178.950
-578596.860,-1265768.920,178.980
-578596.500,-1265769.090,179.020
-578596.120,-1265769.270,179.050
-578595.750,-1265769.460,179.090
-578595.420,-1265769.610,179.160
-578595.090,-1265769.770,179.190
-578594.750,-1265769.930,179.235
-578597.460,-1265768.430,178.920
-578597.130,-1265768.580,178.950
-578596.780,-1265768.750,178.980
-578596.420,-1265768.930,179.010
-578596.060,-1265769.100,179.040
-578595.750,-1265769.250,179.085
-578595.380,-1265769.430,179.150
-578595.030,-1265769.590,179.180
-578594.720,-1265769.740,179.220
-578597.760,-1265768.050,178.865
-578597.380,-1265768.230,178.930
-578597.030,-1265768.400,178.950
-578596.680,-1265768.570,178.980
-578596.320,-1265768.740,179.000
-578596.000,-1265768.900,179.030
-578595.660,-1265769.060,179.080
-578595.340,-1265769.210,179.145
-578594.990,-1265769.380,179.185
-578594.610,-1265769.570,179.235
-578597.860,-1265768.230,178.880
-578597.700,-1265767.800,178.880
-578597.310,-1265767.980,178.930
-578596.950,-1265768.160,178.950
-578596.600,-1265768.320,178.975
-578596.280,-1265768.480,178.990
-578595.940,-1265768.640,179.020
-578597.590,-1265767.540,178.900
-578597.210,-1265767.730,178.930
-578596.850,-1265767.910,178.950
-578596.520,-1265768.060,178.970
-578596.200,-1265768.220,178.990
-578595.870,-1265768.370,179.010
-578595.820,-1265768.190,179.010
-578595.680,-1265767.770,179.010
-578597.510,-1265767.380,178.910
-578597.130,-1265767.570,178.930
-578596.810,-1265767.720,178.950
-578596.480,-1265767.880,178.970
-578596.160,-1265768.030,178.990
-578596.420,-1265767.630,178.970
-578596.090,-1265767.790,178.990
-578595.730,-1265767.960,179.010
-578597.710,-1265766.790,178.860
-578597.360,-1265766.960,178.920
-578597.010,-1265767.130,178.930
-578596.680,-1265767.290,178.960
-578596.370,-1265767.440,178.980
-578596.000,-1265767.610,178.990
-578597.780,-1265766.970,178.860
-578597.420,-1265767.140,178.910
-578597.080,-1265767.310,178.930
-578596.740,-1265767.470,178.960
-578597.270,-1265766.610,178.920
-578596.960,-1265766.760,178.930
-578596.590,-1265766.940,178.960
-578596.270,-1265767.090,178.975
-578595.920,-1265767.260,178.990
-578595.600,-1265767.410,179.015
-578597.600,-1265766.390,178.860
-578597.230,-1265766.570,178.920
-578596.900,-1265766.730,178.930
-578596.570,-1265766.890,178.960
-578596.210,-1265767.060,178.980
-578595.890,-1265767.210,178.990
-578595.540,-1265767.380,179.020
-578597.650,-1265766.430,178.860
-578597.510,-1265765.840,178.900
-578597.110,-1265766.040,178.930
-578596.780,-1265766.190,178.940
-578596.430,-1265766.360,178.970
-578596.100,-1265766.520,178.980
-578595.770,-1265766.680,179.000
-578597.490,-1265766.000,178.905
-578597.120,-1265766.190,178.930
-578596.770,-1265766.350,178.940
-578596.430,-1265766.510,178.970
-578596.090,-1265766.680,178.990
-578595.760,-1265766.840,179.000
-578597.360,-1265765.410,178.910
-578596.990,-1265765.600,178.930
-578596.630,-1265765.770,178.960
-578596.300,-1265765.930,178.970
-578595.970,-1265766.080,178.985
-578595.620,-1265766.250,179.010
-578597.290,-1265765.020,178.910
-578596.930,-1265765.200,178.930
-578596.600,-1265765.360,178.960
-578596.240,-1265765.530,178.970
-578595.900,-1265765.690,179.000
-578595.570,-1265765.850,179.010
-578597.370,-1265765.310,178.905
-578596.970,-1265765.510,178.930
-578596.650,-1265765.660,178.960
-578596.320,-1265765.820,178.970
-578595.960,-1265765.990,179.000
-578595.610,-1265766.160,179.010
-578597.080,-1265764.170,178.910
-578596.710,-1265764.350,178.940
-578596.360,-1265764.520,178.960
-578596.030,-1265764.680,178.980
-578595.670,-1265764.850,179.000
-578595.310,-1265765.020,179.030
-578597.430,-1265764.250,178.850
-578597.120,-1265764.390,178.910
-578596.730,-1265764.580,178.940
-578596.370,-1265764.760,178.960
-578596.050,-1265764.910,178.980
-578595.690,-1265765.080,179.000
-578595.340,-1265765.250,179.020
-578597.240,-1265764.760,178.910
-578596.870,-1265764.950,178.930
-578596.520,-1265765.110,178.960
-578596.170,-1265765.280,178.980
-578595.840,-1265765.440,179.000
-578595.480,-1265765.610,179.010
-578597.380,-1265763.830,178.850
-578597.010,-1265764.000,178.920
-578596.660,-1265764.170,178.940
-578597.270,-1265763.440,178.860
-578596.910,-1265763.620,178.920
-578596.550,-1265763.790,178.950
-578596.180,-1265763.960,178.970
-578595.840,-1265764.130,178.980
-578595.510,-1265764.290,179.000
-578595.180,-1265764.450,179.030
-578596.310,-1265764.340,178.970
-578595.960,-1265764.510,178.980
-578595.600,-1265764.680,179.000
-578595.280,-1265764.840,179.025
-578597.120,-1265762.920,178.880
-578596.720,-1265763.110,178.920
-578596.370,-1265763.290,178.950
-578596.030,-1265763.440,178.970
-578595.720,-1265763.600,178.980
-578595.390,-1265763.750,179.010
-578597.180,-1265763.080,178.880
-578596.780,-1265763.270,178.920
-578596.430,-1265763.440,178.950
-578596.060,-1265763.620,178.970
-578595.750,-1265763.770,178.980
-578595.410,-1265763.930,179.010
-578597.010,-1265762.630,178.915
-578596.630,-1265762.820,178.940
-578596.290,-1265762.990,178.950
-578595.960,-1265763.140,178.970
-578595.640,-1265763.290,178.980
-578595.310,-1265763.450,179.010
-578596.930,-1265762.290,178.915
-578596.580,-1265762.460,178.925
-578596.240,-1265762.620,178.950
-578595.910,-1265762.780,178.970
-578595.590,-1265762.930,178.990
-578595.230,-1265763.110,179.010
-578596.860,-1265761.910,178.910
-578596.480,-1265762.100,178.940
-578596.150,-1265762.260,178.960
-578595.830,-1265762.420,178.970
-578595.480,-1265762.580,178.990
-578595.140,-1265762.750,179.015
-578596.840,-1265761.670,178.910
-578596.490,-1265761.850,178.930
-578596.150,-1265762.010,178.950
-578595.800,-1265762.180,178.970
-578595.470,-1265762.340,178.990
-578595.110,-1265762.510,179.015
-578596.770,-1265761.380,178.910
-578596.430,-1265761.550,178.935
-578596.070,-1265761.720,178.950
-578595.730,-1265761.890,178.970
-578595.380,-1265762.050,178.990
-578595.050,-1265762.210,179.020
-578596.700,-1265760.960,178.910
-578596.310,-1265761.160,178.930
-578595.960,-1265761.320,178.950
-578595.610,-1265761.490,178.980
-578595.290,-1265761.640,179.000
-578594.960,-1265761.800,179.020
-578596.940,-1265760.420,178.830
-578596.580,-1265760.590,178.910
-578596.230,-1265760.760,178.930
-578595.860,-1265760.930,178.950
-578595.540,-1265761.090,178.980
-578595.220,-1265761.240,179.000
-578594.860,-1265761.420,179.015
-578596.950,-1265760.220,178.830
-578596.610,-1265760.380,178.910
-578596.230,-1265760.570,178.935
-578595.890,-1265760.730,178.950
-578595.570,-1265760.880,178.970
-578595.210,-1265761.060,179.000
-578594.860,-1265761.220,179.010
-578596.860,-1265759.760,178.840
-578596.490,-1265759.940,178.905
-578596.140,-1265760.100,178.930
-578595.810,-1265760.260,178.950
-578595.450,-1265760.430,178.980
-578595.100,-1265760.600,179.000
-578594.780,-1265760.760,179.020
-578596.760,-1265759.440,178.860
-578596.420,-1265759.600,178.910
-578596.070,-1265759.770,178.930
-578595.710,-1265759.950,178.960
-578595.030,-1265760.280,179.000
-578594.680,-1265760.440,179.020
-578596.730,-1265758.970,178.850
-578596.370,-1265759.150,178.910
-578596.000,-1265759.330,178.925
-578595.650,-1265759.500,178.960
-578595.310,-1265759.660,178.980
-578594.960,-1265759.830,178.990
-578596.370,-1265758.910,178.910
-578596.000,-1265759.080,178.930
-578595.660,-1265759.250,178.955
-578595.310,-1265759.410,178.980
-578594.960,-1265759.590,179.000
-578594.610,-1265759.750,179.020
-578596.280,-1265758.070,178.910
-578595.910,-1265758.250,178.930
-578595.540,-1265758.420,178.950
-578595.190,-1265758.600,178.970
-578594.870,-1265758.750,178.995
-578594.540,-1265758.910,179.010
-578596.280,-1265758.530,178.920
-578595.940,-1265758.700,178.930
-578595.580,-1265758.870,178.960
-578595.230,-1265759.040,178.980
-578594.870,-1265759.220,179.000
-578594.560,-1265759.360,179.020
-578596.570,-1265757.570,178.840
-578596.200,-1265757.750,178.920
-578595.830,-1265757.930,178.940
-578595.460,-1265758.110,178.960
-578595.140,-1265758.260,178.980
-578594.800,-1265758.420,179.000
-578594.480,-1265758.580,179.020
-578596.550,-1265757.290,178.845
-578596.170,-1265757.470,178.920
-578595.790,-1265757.660,178.940
-578595.470,-1265757.810,178.960
-578595.130,-1265757.970,178.980
-578594.810,-1265758.130,179.000
-578594.480,-1265758.290,179.020
-578596.450,-1265756.840,178.870
-578596.030,-1265757.050,178.925
-578595.730,-1265757.190,178.950
-578595.390,-1265757.350,178.975
-578595.050,-1265757.510,179.010
-578594.730,-1265757.670,179.020
-578594.380,-1265757.840,179.050
-578596.380,-1265756.420,178.870
-578596.020,-1265756.600,178.950
-578595.660,-1265756.780,178.975
-578595.320,-1265756.940,179.015
-578594.990,-1265757.100,179.040
-578594.660,-1265757.250,179.050
-578594.340,-1265757.410,179.075
-578596.360,-1265756.110,178.840
-578595.990,-1265756.290,178.975
-578595.650,-1265756.450,179.000
-578595.320,-1265756.610,179.030
-578594.950,-1265756.790,179.050
-578594.620,-1265756.950,179.070
-578594.260,-1265757.120,179.090
-578596.040,-1265755.920,178.910
-578595.690,-1265756.090,179.000
-578595.330,-1265756.270,179.035
-578594.990,-1265756.430,179.060
-578594.630,-1265756.600,179.080
-578594.320,-1265756.750,179.105
-578595.990,-1265755.470,178.890
-578595.610,-1265755.660,179.000
-578595.280,-1265755.810,179.030
-578594.910,-1265755.990,179.065
-578594.580,-1265756.160,179.090
-578594.250,-1265756.310,179.120
-578595.630,-1265755.340,178.990
-578595.260,-1265755.520,179.020
-578594.930,-1265755.680,179.050
-578594.600,-1265755.840,179.080
-578594.240,-1265756.010,179.110
-578595.980,-1265755.170,178.890
-578595.960,-1265754.720,178.890
-578595.570,-1265754.910,179.000
-578595.240,-1265755.070,179.025
-578594.900,-1265755.230,179.050
-578594.550,-1265755.400,179.080
-578594.190,-1265755.570,179.110
-578595.590,-1265754.580,178.990
-578595.250,-1265754.740,179.020
-578594.910,-1265754.910,179.050
-578594.540,-1265755.080,179.080
-578594.210,-1265755.240,179.110
-578595.630,-1265754.260,178.985
-578595.270,-1265754.430,179.020
-578594.910,-1265754.600,179.050
-578594.570,-1265754.770,179.075
-578594.220,-1265754.940,179.105
-578595.610,-1265753.830,178.960
-578595.240,-1265754.000,179.020
-578594.910,-1265754.160,179.050
-578594.550,-1265754.340,179.070
-578594.190,-1265754.510,179.100
-578595.960,-1265753.340,178.150
-578595.590,-1265753.520,178.960
-578595.250,-1265753.680,179.020
-578594.890,-1265753.860,179.045
-578594.530,-1265754.030,179.070
-578594.160,-1265754.210,179.100
-578595.940,-1265752.890,178.170
-578595.610,-1265753.060,178.940
-578595.230,-1265753.240,179.010
-578594.870,-1265753.410,179.040
-578594.520,-1265753.580,179.070
-578594.180,-1265753.750,179.100
-578593.850,-1265753.900,179.120
-578595.680,-1265752.370,178.890
-578595.290,-1265752.560,178.990
-578594.950,-1265752.720,179.020
-578594.620,-1265752.890,179.050
-578594.280,-1265753.050,179.080
-578593.950,-1265753.210,179.110
-578595.660,-1265752.840,178.905
-578595.270,-1265753.030,179.000
-578594.930,-1265753.200,179.030
-578594.580,-1265753.370,179.060
-578594.240,-1265753.530,179.080
-578593.930,-1265753.670,179.120
-578595.700,-1265752.100,178.890
-578595.320,-1265752.290,178.990
-578594.990,-1265752.450,179.020
-578594.660,-1265752.600,179.050
-578594.330,-1265752.770,179.070
-578593.970,-1265752.940,179.110
-578595.680,-1265751.600,178.835
-578595.340,-1265751.760,178.965
-578595.000,-1265751.930,179.010
-578594.660,-1265752.100,179.040
-578594.310,-1265752.270,179.060
-578593.960,-1265752.430,179.090
-578593.610,-1265752.600,179.125
-578595.490,-1265751.590,178.890
-578595.140,-1265751.760,179.000
-578594.770,-1265751.940,179.030
-578594.450,-1265752.100,179.050
-578594.090,-1265752.270,179.085
-578593.750,-1265752.430,179.120
-578595.480,-1265751.050,178.910
-578595.080,-1265751.250,179.000
-578594.750,-1265751.410,179.030
-578594.390,-1265751.580,179.050
-578594.050,-1265751.750,179.080
-578593.710,-1265751.910,179.110
-578595.490,-1265750.770,178.890
-578595.130,-1265750.950,178.990
-578594.760,-1265751.130,179.025
-578594.430,-1265751.290,179.050
-578594.090,-1265751.450,179.070
-578593.730,-1265751.630,179.110
-578595.550,-1265750.410,178.885
-578595.150,-1265750.600,178.990
-578594.820,-1265750.760,179.010
-578594.480,-1265750.930,179.040
-578594.120,-1265751.100,179.070
-578593.760,-1265751.280,179.090
-578595.240,-1265750.370,178.975
-578594.880,-1265750.540,179.005
-578594.510,-1265750.720,179.040
-578594.170,-1265750.890,179.070
-578593.830,-1265751.050,179.090
-578595.230,-1265749.920,178.975
-578594.850,-1265750.100,179.000
-578594.490,-1265750.280,179.040
-578594.150,-1265750.440,179.060
-578593.800,-1265750.610,179.080
-578595.250,-1265749.600,178.990
-578594.860,-1265749.790,179.000
-578594.540,-1265749.940,179.020
-578594.170,-1265750.120,179.060
-578593.810,-1265750.300,179.080
-578593.460,-1265750.470,179.120
-578595.290,-1265749.290,178.970
-578594.920,-1265749.470,179.005
-578594.560,-1265749.640,179.020
-578594.190,-1265749.820,179.060
-578593.840,-1265749.990,179.080
-578593.500,-1265750.150,179.110
-578595.350,-1265748.970,178.920
-578594.950,-1265749.170,179.000
-578594.590,-1265749.350,179.015
-578594.220,-1265749.520,179.060
-578593.890,-1265749.680,179.070
-578593.560,-1265749.840,179.100
-578594.980,-1265748.850,178.990
-578594.610,-1265749.030,179.010
-578594.290,-1265749.180,179.050
-578593.950,-1265749.350,179.070
-578593.600,-1265749.510,179.100
-578593.280,-1265749.670,179.130
-578595.320,-1265748.200,177.970
-578594.950,-1265748.380,178.940
-578594.600,-1265748.550,179.010
-578594.260,-1265748.710,179.040
-578593.940,-1265748.870,179.070
-578593.590,-1265749.040,179.090
-578593.240,-1265749.200,179.120
-578595.030,-1265748.160,178.810
-578594.680,-1265748.330,178.990
-578594.350,-1265748.490,179.040
-578594.000,-1265748.660,179.060
-578593.640,-1265748.840,179.085
-578593.320,-1265748.990,179.110
-578594.360,-1265748.110,178.980
-578593.990,-1265748.290,179.040
-578593.670,-1265748.440,179.070
-578593.300,-1265748.620,179.100
-578593.730,-1265748.190,179.040
-578593.380,-1265748.360,179.090
