-578565.170,-1265782.870,181.680
-578565.360,-1265782.590,181.675
-578564.670,-1265783.000,181.750
-578564.860,-1265782.710,181.720
-578565.040,-1265782.460,181.695
-578565.220,-1265782.210,181.680
-578564.460,-1265782.940,181.770
-578564.660,-1265782.660,181.740
-578564.840,-1265782.400,181.710
-578565.030,-1265782.120,181.680
-578565.210,-1265781.870,181.665
-578563.990,-1265783.020,181.915
-578564.160,-1265782.760,181.860
-578564.340,-1265782.500,181.790
-578564.530,-1265782.240,181.755
-578564.720,-1265781.970,181.725
-578564.900,-1265781.700,181.710
-578563.500,-1265783.120,182.050
-578563.690,-1265782.840,181.950
-578563.880,-1265782.560,181.920
-578564.070,-1265782.300,181.855
-578564.250,-1265782.040,181.785
-578564.420,-1265781.790,181.760
-578564.610,-1265781.520,181.740
-578564.810,-1265781.240,181.710
-578564.980,-1265781.000,181.710
-578563.020,-1265783.270,182.150
-578563.210,-1265782.980,182.105
-578563.400,-1265782.720,182.060
-578563.590,-1265782.440,181.970
-578563.780,-1265782.160,181.925
-578563.980,-1265781.880,181.860
-578564.160,-1265781.620,181.810
-578564.340,-1265781.370,181.770
-578564.520,-1265781.100,181.740
-578564.700,-1265780.840,181.715
-578564.890,-1265780.560,181.700
-578565.070,-1265780.310,181.670
-578562.810,-1265783.180,182.200
-578562.990,-1265782.930,182.150
-578563.180,-1265782.650,182.075
-578563.380,-1265782.370,182.040
-578563.560,-1265782.110,181.970
-578563.750,-1265781.840,181.910
-578563.950,-1265781.550,181.865
-578564.140,-1265781.270,181.800
-578564.320,-1265781.020,181.760
-578564.500,-1265780.750,181.730
-578564.680,-1265780.490,181.720
-578562.300,-1265783.300,182.240
-578562.480,-1265783.030,182.240
-578562.680,-1265782.750,182.230
-578562.850,-1265782.500,182.160
-578563.040,-1265782.240,182.130
-578563.230,-1265781.950,182.060
-578563.430,-1265781.680,181.985
-578563.610,-1265781.410,181.965
-578563.800,-1265781.130,181.900
-578563.990,-1265780.860,181.830
-578564.190,-1265780.570,181.760
-578564.370,-1265780.310,181.750
-578564.550,-1265780.060,181.730
-578564.730,-1265779.800,181.690
-578564.910,-1265779.550,181.675
-578561.830,-1265783.400,182.240
-578562.020,-1265783.120,182.260
-578562.200,-1265782.860,182.240
-578562.390,-1265782.580,182.240
-578562.580,-1265782.320,182.220
-578562.760,-1265782.040,182.150
-578562.950,-1265781.780,182.100
-578563.130,-1265781.510,182.060
-578563.320,-1265781.240,182.010
-578563.520,-1265780.960,181.950
-578563.890,-1265780.420,181.815
-578564.080,-1265780.140,181.770
-578564.280,-1265779.860,181.750
-578564.460,-1265779.600,181.720
-578564.640,-1265779.340,181.690
-578561.580,-1265783.310,182.240
-578561.770,-1265783.020,182.240
-578561.950,-1265782.740,182.240
-578562.130,-1265782.490,182.240
-578562.310,-1265782.220,182.240
-578562.510,-1265781.950,182.220
-578562.680,-1265781.700,182.160
-578562.880,-1265781.410,182.095
-578563.060,-1265781.150,182.065
-578563.240,-1265780.890,182.010
-578563.440,-1265780.600,181.950
-578563.630,-1265780.330,181.920
-578563.810,-1265780.080,181.845
-578564.010,-1265779.780,181.790
-578564.200,-1265779.500,181.760
-578564.390,-1265779.230,181.700
-578564.580,-1265778.970,181.690
-578564.750,-1265778.720,181.680
-578564.710,-1265778.340,181.690
-578561.120,-1265783.570,182.050
-578561.330,-1265783.250,182.110
-578561.520,-1265782.960,182.215
-578561.720,-1265782.650,182.240
-578561.910,-1265782.370,182.240
-578562.090,-1265782.120,182.240
-578562.270,-1265781.850,182.240
-578562.450,-1265781.590,182.220
-578562.650,-1265781.310,182.160
-578562.820,-1265781.060,182.120
-578563.020,-1265780.770,182.060
-578563.200,-1265780.510,182.010
-578563.380,-1265780.250,181.970
-578563.580,-1265779.970,181.895
-578563.770,-1265779.690,181.850
-578563.950,-1265779.430,181.800
-578564.140,-1265779.150,181.760
-578564.340,-1265778.870,181.720
-578564.530,-1265778.600,181.695
-578560.790,-1265783.430,181.950
-578560.990,-1265783.130,182.030
-578561.180,-1265782.850,182.090
-578561.380,-1265782.540,182.170
-578561.580,-1265782.250,182.240
-578561.770,-1265781.940,182.240
-578562.130,-1265781.420,182.240
-578562.320,-1265781.160,182.225
-578562.500,-1265780.900,182.180
-578562.690,-1265780.620,182.130
-578562.870,-1265780.360,182.090
-578563.060,-1265780.080,182.040
-578563.240,-1265779.820,181.985
-578563.620,-1265779.280,181.880
-578563.810,-1265779.000,181.810
-578563.990,-1265778.740,181.790
-578564.190,-1265778.460,181.735
-578564.380,-1265778.180,181.710
-578564.580,-1265777.900,181.690
-578560.330,-1265783.580,181.825
-578560.520,-1265783.300,181.880
-578560.710,-1265783.020,181.975
-578560.900,-1265782.720,182.035
-578561.110,-1265782.410,182.105
-578561.290,-1265782.140,182.140
-578561.480,-1265781.840,182.220
-578561.690,-1265781.530,182.240
-578561.880,-1265781.240,182.240
-578562.060,-1265780.980,182.240
-578562.240,-1265780.720,182.225
-578562.430,-1265780.460,182.190
-578562.800,-1265779.920,182.070
-578562.980,-1265779.660,182.040
-578563.170,-1265779.390,181.980
-578563.350,-1265779.120,181.940
-578563.530,-1265778.860,181.885
-578563.720,-1265778.590,181.810
-578563.920,-1265778.300,181.760
-578564.100,-1265778.040,181.730
-578564.290,-1265777.770,181.700
-578564.490,-1265777.490,181.690
-578564.690,-1265777.200,181.670
-578560.080,-1265783.490,181.760
-578560.270,-1265783.210,181.815
-578560.470,-1265782.910,181.890
-578560.650,-1265782.640,181.950
-578560.840,-1265782.350,182.030
-578561.030,-1265782.050,182.085
-578561.230,-1265781.750,182.150
-578561.420,-1265781.470,182.220
-578561.620,-1265781.170,182.240
-578561.820,-1265780.870,182.240
-578562.010,-1265780.590,182.240
-578562.190,-1265780.330,182.230
-578562.370,-1265780.070,182.200
-578562.550,-1265779.810,182.130
-578562.730,-1265779.550,182.070
-578562.920,-1265779.270,182.050
-578563.100,-1265779.010,181.995
-578563.300,-1265778.730,181.935
-578563.480,-1265778.470,181.890
-578563.660,-1265778.210,181.810
-578563.850,-1265777.930,181.760
-578564.050,-1265777.660,181.745
-578564.230,-1265777.390,181.710
-578564.420,-1265777.120,181.695
-578559.860,-1265783.390,181.670
-578560.040,-1265783.110,181.770
-578560.240,-1265782.810,181.810
-578560.430,-1265782.530,181.870
-578560.630,-1265782.230,181.950
-578560.810,-1265781.950,182.030
-578560.990,-1265781.670,182.100
-578561.190,-1265781.370,182.150
-578561.390,-1265781.070,182.220
-578561.580,-1265780.780,182.230
-578561.780,-1265780.490,182.240
-578562.160,-1265779.930,182.245
-578562.350,-1265779.670,182.160
-578562.520,-1265779.410,182.130
-578562.700,-1265779.150,182.095
-578562.890,-1265778.890,182.040
-578563.080,-1265778.610,181.980
-578563.260,-1265778.350,181.930
-578563.450,-1265778.070,181.890
-578563.630,-1265777.820,181.820
-578563.810,-1265777.550,181.760
-578564.010,-1265777.270,181.745
-578564.200,-1265776.990,181.700
-578564.380,-1265776.730,181.695
-578559.360,-1265783.530,181.485
-578559.550,-1265783.240,181.580
-578559.740,-1265782.960,181.670
-578559.920,-1265782.690,181.720
-578560.110,-1265782.410,181.790
-578560.490,-1265781.830,181.930
-578560.690,-1265781.520,181.990
-578560.880,-1265781.240,182.050
-578561.060,-1265780.970,182.130
-578561.260,-1265780.660,182.205
-578561.460,-1265780.350,182.230
-578561.640,-1265780.080,182.250
-578561.830,-1265779.800,182.250
-578562.030,-1265779.510,182.240
-578562.220,-1265779.230,182.200
-578562.400,-1265778.980,182.150
-578562.590,-1265778.710,182.100
-578562.760,-1265778.460,182.050
-578562.940,-1265778.200,182.035
-578563.140,-1265777.910,181.940
-578563.320,-1265777.660,181.920
-578563.870,-1265776.860,181.765
-578564.060,-1265776.590,181.735
-578562.510,-1265778.300,182.110
-578562.700,-1265778.040,182.050
-578562.880,-1265777.770,182.000
-578563.050,-1265777.520,181.960
-578563.250,-1265777.240,181.890
-578563.430,-1265776.980,181.850
-578563.620,-1265776.700,181.810
-578563.810,-1265776.430,181.780
-578563.990,-1265776.170,181.760
-578564.180,-1265775.900,181.700
-578558.890,-1265783.740,181.375
-578559.090,-1265783.430,181.425
-578559.290,-1265783.130,181.480
-578559.490,-1265782.820,181.580
-578559.670,-1265782.540,181.645
-578559.860,-1265782.260,181.715
-578560.040,-1265781.990,181.770
-578560.230,-1265781.700,181.825
-578560.420,-1265781.400,181.925
-578560.610,-1265781.130,181.990
-578560.810,-1265780.820,182.070
-578560.990,-1265780.540,182.130
-578561.180,-1265780.260,182.170
-578561.380,-1265779.960,182.225
-578561.580,-1265779.660,182.250
-578561.750,-1265779.400,182.250
-578561.950,-1265779.120,182.240
-578562.140,-1265778.830,182.195
-578562.340,-1265778.550,182.130
-578558.600,-1265783.630,181.290
-578558.800,-1265783.330,181.370
-578558.990,-1265783.040,181.420
-578559.180,-1265782.740,181.495
-578559.380,-1265782.440,181.560
-578559.590,-1265782.130,181.630
-578559.770,-1265781.860,181.700
-578559.950,-1265781.570,181.770
-578560.140,-1265781.290,181.845
-578560.320,-1265781.010,181.910
-578560.520,-1265780.710,181.975
-578560.710,-1265780.430,182.050
-578560.900,-1265780.130,182.120
-578561.090,-1265779.850,182.165
-578561.270,-1265779.570,182.230
-578561.470,-1265779.270,182.250
-578561.850,-1265778.720,182.230
-578562.040,-1265778.440,182.220
-578562.230,-1265778.160,182.185
-578562.430,-1265777.880,182.110
-578562.610,-1265777.610,182.050
-578562.790,-1265777.360,182.035
-578562.970,-1265777.100,181.970
-578563.150,-1265776.840,181.940
-578563.340,-1265776.560,181.870
-578563.520,-1265776.300,181.800
-578563.720,-1265776.020,181.775
-578563.900,-1265775.760,181.770
-578564.080,-1265775.500,181.730
-578558.400,-1265783.580,181.250
-578558.580,-1265783.310,181.290
-578558.790,-1265783.000,181.375
-578558.990,-1265782.700,181.460
-578559.170,-1265782.420,181.525
-578559.370,-1265782.110,181.570
-578559.570,-1265781.810,181.660
-578559.770,-1265781.500,181.710
-578559.950,-1265781.230,181.785
-578560.140,-1265780.940,181.860
-578560.330,-1265780.660,181.920
-578560.510,-1265780.380,181.975
-578560.710,-1265780.080,182.070
-578560.890,-1265779.800,182.120
-578561.090,-1265779.500,182.200
-578561.270,-1265779.230,182.230
-578561.460,-1265778.940,182.235
-578561.650,-1265778.660,182.245
-578561.850,-1265778.380,182.230
-578562.030,-1265778.110,182.210
-578562.220,-1265777.840,182.170
-578562.410,-1265777.560,182.100
-578562.610,-1265777.270,182.045
-578562.790,-1265777.010,181.980
-578562.970,-1265776.760,181.970
-578563.150,-1265776.490,181.895
-578563.330,-1265776.240,181.840
-578563.520,-1265775.960,181.790
-578563.700,-1265775.690,181.780
-578563.900,-1265775.420,181.740
-578564.070,-1265775.160,181.705
-578562.450,-1265776.830,182.065
-578562.640,-1265776.560,182.020
-578562.820,-1265776.300,181.960
-578563.000,-1265776.030,181.935
-578563.180,-1265775.780,181.880
-578563.360,-1265775.520,181.820
-578563.560,-1265775.230,181.780
-578563.930,-1265774.690,181.730
-578564.110,-1265774.430,181.720
-578564.280,-1265774.190,181.670
-578557.870,-1265783.710,181.040
-578558.050,-1265783.430,181.110
-578558.250,-1265783.130,181.190
-578558.440,-1265782.850,181.270
-578558.620,-1265782.560,181.340
-578558.820,-1265782.260,181.400
-578559.020,-1265781.960,181.460
-578559.200,-1265781.680,181.530
-578559.410,-1265781.370,181.605
-578559.610,-1265781.070,181.680
-578559.800,-1265780.770,181.750
-578559.990,-1265780.490,181.810
-578560.170,-1265780.210,181.880
-578560.350,-1265779.940,181.955
-578560.540,-1265779.650,182.030
-578560.740,-1265779.350,182.075
-578560.920,-1265779.070,182.140
-578561.120,-1265778.770,182.195
-578561.310,-1265778.480,182.230
-578561.490,-1265778.220,182.230
-578561.680,-1265777.930,182.230
-578561.880,-1265777.650,182.210
-578562.250,-1265777.120,182.130
-578557.610,-1265783.610,181.030
-578557.800,-1265783.330,181.080
-578558.000,-1265783.030,181.120
-578558.180,-1265782.740,181.190
-578558.390,-1265782.440,181.260
-578558.570,-1265782.160,181.330
-578558.750,-1265781.880,181.400
-578558.960,-1265781.570,181.460
-578559.150,-1265781.270,181.535
-578559.340,-1265780.990,181.590
-578559.540,-1265780.690,181.680
-578559.730,-1265780.390,181.740
-578560.120,-1265779.800,181.895
-578560.300,-1265779.530,181.960
-578560.490,-1265779.240,182.045
-578560.670,-1265778.960,182.090
-578560.870,-1265778.670,182.150
-578561.050,-1265778.380,182.195
-578561.260,-1265778.080,182.230
-578561.430,-1265777.810,182.240
-578561.610,-1265777.550,182.230
-578561.810,-1265777.260,182.220
-578562.010,-1265776.980,182.160
-578562.180,-1265776.730,182.120
-578562.380,-1265776.440,182.060
-578562.570,-1265776.160,182.020
-578562.770,-1265775.880,181.960
-578562.950,-1265775.620,181.920
-578563.130,-1265775.360,181.875
-578563.300,-1265775.100,181.810
-578563.480,-1265774.850,181.800
-578563.680,-1265774.570,181.755
-578563.860,-1265774.300,181.735
-578557.310,-1265783.460,180.990
-578557.500,-1265783.170,181.030
-578557.680,-1265782.890,181.050
-578557.870,-1265782.610,181.110
-578558.070,-1265782.300,181.160
-578558.250,-1265782.020,181.240
-578558.450,-1265781.720,181.300
-578558.640,-1265781.440,181.390
-578558.820,-1265781.160,181.440
-578559.020,-1265780.860,181.500
-578559.220,-1265780.560,181.580
-578559.400,-1265780.270,181.630
-578559.600,-1265779.980,181.700
-578559.800,-1265779.670,181.770
-578560.000,-1265779.370,181.870
-578560.180,-1265779.090,181.940
-578560.370,-1265778.810,182.020
-578560.550,-1265778.530,182.075
-578560.730,-1265778.260,182.130
-578560.930,-1265777.950,182.190
-578561.120,-1265777.680,182.220
-578561.310,-1265777.370,182.240
-578561.500,-1265777.110,182.240
-578561.680,-1265776.850,182.220
-578561.870,-1265776.570,182.210
-578562.060,-1265776.290,182.135
-578562.240,-1265776.030,182.115
-578562.440,-1265775.750,182.055
-578562.630,-1265775.470,181.985
-578562.830,-1265775.180,181.940
-578563.000,-1265774.930,181.900
-578563.180,-1265774.670,181.840
-578563.360,-1265774.410,181.805
-578563.540,-1265774.150,181.760
-578563.740,-1265773.870,181.725
-578563.920,-1265773.610,181.710
-578564.110,-1265773.340,181.630
-578557.100,-1265783.400,180.980
-578557.300,-1265783.090,180.990
-578557.490,-1265782.810,181.030
-578557.680,-1265782.520,181.065
-578557.860,-1265782.240,181.120
-578558.040,-1265781.960,181.180
-578558.250,-1265781.660,181.255
-578558.430,-1265781.380,181.300
-578558.630,-1265781.080,181.390
-578558.810,-1265780.790,181.450
-578559.000,-1265780.520,181.515
-578559.200,-1265780.210,181.580
-578559.400,-1265779.910,181.650
-578559.580,-1265779.630,181.740
-578559.780,-1265779.330,181.790
-578559.970,-1265779.030,181.880
-578560.180,-1265778.720,181.960
-578560.360,-1265778.450,182.030
-578560.540,-1265778.170,182.080
-578560.730,-1265777.880,182.150
-578560.910,-1265777.610,182.200
-578561.110,-1265777.310,182.220
-578561.290,-1265777.020,182.230
-578561.490,-1265776.740,182.240
-578561.660,-1265776.490,182.210
-578561.850,-1265776.220,182.190
-578562.040,-1265775.940,182.130
-578562.230,-1265775.670,182.080
-578562.420,-1265775.400,182.045
-578562.610,-1265775.120,181.980
-578562.800,-1265774.850,181.940
-578563.000,-1265774.560,181.885
-578563.180,-1265774.300,181.840
-578563.350,-1265774.050,181.780
-578563.540,-1265773.780,181.740
-578563.720,-1265773.520,181.720
-578563.910,-1265773.250,181.680
-578564.090,-1265772.990,180.285
-578557.170,-1265782.690,180.975
-578557.370,-1265782.390,181.030
-578557.560,-1265782.100,181.045
-578557.740,-1265781.820,181.110
-578557.920,-1265781.550,181.160
-578558.110,-1265781.260,181.205
-578558.310,-1265780.960,181.285
-578558.690,-1265780.380,181.460
-578558.880,-1265780.090,181.490
-578559.060,-1265779.820,181.560
-578559.260,-1265779.510,181.610
-578559.460,-1265779.210,181.695
-578560.040,-1265778.320,181.910
-578560.420,-1265777.740,182.050
-578560.790,-1265777.190,182.190
-578560.970,-1265776.910,182.200
-578561.170,-1265776.600,182.240
-578561.350,-1265776.340,182.240
-578561.550,-1265776.060,182.225
-578561.730,-1265775.800,182.215
-578561.900,-1265775.550,182.170
-578562.100,-1265775.260,182.130
-578562.290,-1265774.980,182.070
-578562.470,-1265774.720,182.015
-578562.670,-1265774.440,181.955
-578562.860,-1265774.150,181.895
-578563.050,-1265773.880,181.850
-578563.230,-1265773.620,181.820
-578563.410,-1265773.350,181.735
-578563.590,-1265773.100,181.675
-578559.770,-1265778.210,181.815
-578559.970,-1265777.900,181.910
-578560.170,-1265777.600,181.975
-578560.370,-1265777.300,182.060
-578560.550,-1265777.020,182.150
-578560.740,-1265776.740,182.180
-578560.920,-1265776.470,182.215
-578561.100,-1265776.190,182.230
-578561.300,-1265775.900,182.220
-578561.480,-1265775.630,182.215
-578561.670,-1265775.350,182.210
-578561.850,-1265775.100,182.160
-578562.030,-1265774.830,182.120
-578562.220,-1265774.560,182.060
-578562.420,-1265774.270,181.990
-578562.600,-1265774.020,181.950
-578562.790,-1265773.740,181.880
-578562.980,-1265773.450,181.820
-578563.180,-1265773.170,181.725
-578563.350,-1265772.920,181.610
-578557.100,-1265782.260,180.980
-578557.300,-1265781.970,181.010
-578557.500,-1265781.660,181.050
-578557.690,-1265781.380,181.105
-578557.870,-1265781.100,181.160
-578558.050,-1265780.820,181.235
-578558.240,-1265780.540,181.300
-578558.440,-1265780.240,181.380
-578558.620,-1265779.950,181.445
-578558.820,-1265779.650,181.495
-578559.000,-1265779.380,181.540
-578559.190,-1265779.090,181.610
-578559.390,-1265778.790,181.700
-578559.590,-1265778.490,181.760
-578562.550,-1265773.620,181.945
-578562.730,-1265773.360,181.870
-578562.930,-1265773.080,181.740
-578557.040,-1265781.900,180.970
-578557.240,-1265781.600,181.010
-578557.440,-1265781.290,181.040
-578557.640,-1265780.990,181.100
-578557.820,-1265780.710,181.160
-578558.010,-1265780.430,181.220
-578558.380,-1265779.870,181.360
-578558.580,-1265779.560,181.420
-578558.760,-1265779.280,181.490
-578558.960,-1265778.980,181.535
-578559.150,-1265778.700,181.615
-578559.330,-1265778.420,181.670
-578559.530,-1265778.120,181.720
-578559.730,-1265777.820,181.810
-578559.910,-1265777.540,181.880
-578560.110,-1265777.230,181.990
-578560.310,-1265776.930,182.055
-578560.510,-1265776.630,182.130
-578560.690,-1265776.340,182.190
-578560.870,-1265776.070,182.215
-578561.060,-1265775.790,182.235
-578561.240,-1265775.520,182.230
-578561.430,-1265775.240,182.230
-578561.610,-1265774.980,182.225
-578561.800,-1265774.700,182.160
-578561.990,-1265774.440,182.130
-578562.160,-1265774.180,182.060
-578562.360,-1265773.900,182.000
-578556.980,-1265781.470,180.970
-578557.170,-1265781.190,181.010
-578557.370,-1265780.890,181.040
-578557.560,-1265780.590,181.100
-578557.770,-1265780.280,181.160
-578557.950,-1265780.000,181.215
-578558.130,-1265779.730,181.280
-578558.320,-1265779.440,181.370
-578558.500,-1265779.160,181.420
-578558.700,-1265778.860,181.470
-578558.890,-1265778.580,181.530
-578559.080,-1265778.280,181.610
-578559.270,-1265778.000,181.660
-578559.460,-1265777.710,181.720
-578559.650,-1265777.420,181.810
-578560.040,-1265776.830,181.970
-578560.230,-1265776.530,182.080
-578560.430,-1265776.230,182.115
-578560.630,-1265775.930,182.180
-578560.820,-1265775.640,182.225
-578560.990,-1265775.370,182.250
-578561.180,-1265775.100,182.235
-578561.360,-1265774.840,182.230
-578561.550,-1265774.560,182.230
-578561.730,-1265774.300,182.170
-578561.920,-1265774.020,182.155
-578562.100,-1265773.760,182.060
-578562.280,-1265773.500,181.970
-578562.480,-1265773.220,181.870
-578556.870,-1265781.080,180.955
-578557.070,-1265780.770,181.000
-578557.450,-1265780.190,181.080
-578557.650,-1265779.880,181.160
-578557.850,-1265779.590,181.205
-578558.030,-1265779.300,181.260
-578558.220,-1265779.020,181.340
-578558.400,-1265778.740,181.410
-578558.590,-1265778.460,181.470
-578558.790,-1265778.160,181.530
-578558.970,-1265777.880,181.590
-578559.170,-1265777.580,181.630
-578559.350,-1265777.290,181.695
-578559.730,-1265776.710,181.830
-578560.110,-1265776.140,182.000
-578560.510,-1265775.530,182.150
-578560.710,-1265775.230,182.230
-578560.890,-1265774.950,182.235
-578561.080,-1265774.670,182.235
-578561.250,-1265774.420,182.250
-578561.430,-1265774.150,182.260
-578561.810,-1265773.620,182.120
-578562.180,-1265773.070,181.880
-578556.760,-1265780.630,180.935
-578556.960,-1265780.320,180.980
-578557.170,-1265780.020,181.045
-578557.350,-1265779.740,181.070
-578557.550,-1265779.440,181.130
-578557.750,-1265779.130,181.180
-578557.950,-1265778.830,181.260
-578558.310,-1265778.270,181.390
-578558.500,-1265777.990,181.480
-578558.680,-1265777.710,181.510
-578558.880,-1265777.410,181.580
-578559.060,-1265777.130,181.630
-578559.260,-1265776.830,181.695
-578559.440,-1265776.550,181.765
-578559.630,-1265776.270,181.825
-578559.820,-1265775.970,181.880
-578560.020,-1265775.670,181.985
-578560.210,-1265775.380,182.060
-578560.400,-1265775.090,182.150
-578560.610,-1265774.780,182.210
-578560.810,-1265774.470,182.250
-578560.980,-1265774.210,182.260
-578561.160,-1265773.950,182.255
-578561.350,-1265773.680,182.260
-578561.520,-1265773.430,182.140
-578561.720,-1265773.140,181.990
-578556.740,-1265780.260,180.940
-578556.930,-1265779.970,180.990
-578557.120,-1265779.670,181.065
-578557.320,-1265779.370,181.070
-578557.510,-1265779.080,181.140
-578557.710,-1265778.780,181.180
-578557.910,-1265778.480,181.260
-578558.110,-1265778.180,181.320
-578558.290,-1265777.890,181.410
-578558.480,-1265777.610,181.450
-578558.660,-1265777.340,181.510
-578558.840,-1265777.060,181.565
-578559.040,-1265776.760,181.630
-578559.220,-1265776.470,181.690
-578559.420,-1265776.170,181.765
-578559.610,-1265775.900,181.825
-578559.790,-1265775.610,181.925
-578559.990,-1265775.310,181.985
-578560.190,-1265775.010,182.060
-578560.370,-1265774.730,182.150
-578560.570,-1265774.430,182.215
-578560.770,-1265774.120,182.260
-578560.960,-1265773.830,182.255
-578561.140,-1265773.560,182.250
-578561.320,-1265773.300,182.160
-578561.490,-1265773.070,182.010
-578559.930,-1265774.920,181.980
-578560.130,-1265774.620,182.060
-578560.320,-1265774.320,182.150
-578560.700,-1265773.730,182.240
-578560.900,-1265773.440,182.190
-578561.090,-1265773.160,182.155
-578556.700,-1265779.840,180.975
-578556.880,-1265779.570,180.990
-578557.070,-1265779.280,181.050
-578557.460,-1265778.680,181.130
-578557.650,-1265778.390,181.185
-578557.850,-1265778.090,181.255
-578558.040,-1265777.800,181.320
-578558.240,-1265777.490,181.410
-578558.430,-1265777.210,181.450
-578558.610,-1265776.930,181.510
-578558.790,-1265776.650,181.575
-578558.980,-1265776.370,181.640
-578559.180,-1265776.070,181.700
-578559.360,-1265775.790,181.785
-578559.560,-1265775.480,181.855
-578559.740,-1265775.200,181.920
-578558.860,-1265775.930,181.645
-578559.040,-1265775.660,181.700
-578559.240,-1265775.350,181.765
-578559.420,-1265775.060,181.830
-578559.620,-1265774.770,181.925
-578559.800,-1265774.490,181.980
-578559.990,-1265774.210,182.060
-578560.190,-1265773.910,182.120
-578560.380,-1265773.610,182.160
-578560.570,-1265773.320,182.130
-578556.760,-1265779.120,180.980
-578556.950,-1265778.840,180.990
-578557.130,-1265778.570,181.055
-578557.330,-1265778.260,181.120
-578557.530,-1265777.960,181.165
-578557.710,-1265777.670,181.230
-578557.910,-1265777.380,181.320
-578558.110,-1265777.070,181.390
-578558.310,-1265776.770,181.420
-578558.680,-1265776.210,181.590
-578558.050,-1265776.670,181.385
-578558.250,-1265776.370,181.410
-578558.450,-1265776.060,181.510
-578558.630,-1265775.790,181.585
-578558.810,-1265775.510,181.640
-578559.000,-1265775.220,181.700
-578559.180,-1265774.950,181.770
-578559.380,-1265774.640,181.845
-578559.570,-1265774.360,181.910
-578559.760,-1265774.070,181.985
-578559.940,-1265773.780,181.990
-578560.130,-1265773.500,182.030
-578560.320,-1265773.210,182.000
-578556.710,-1265778.710,180.970
-578556.900,-1265778.420,181.030
-578557.090,-1265778.140,181.040
-578557.270,-1265777.850,181.110
-578557.470,-1265777.560,181.150
-578557.670,-1265777.250,181.230
-578557.860,-1265776.960,181.300
-578556.650,-1265778.300,180.970
-578556.830,-1265778.020,181.035
-578557.030,-1265777.710,181.040
-578557.220,-1265777.430,181.120
-578557.400,-1265777.150,181.145
-578557.600,-1265776.850,181.240
-578557.800,-1265776.540,181.310
-578557.980,-1265776.260,181.340
-578558.180,-1265775.960,181.415
-578558.380,-1265775.660,181.510
-578558.570,-1265775.360,181.575
-578558.760,-1265775.080,181.660
-578558.940,-1265774.800,181.690
-578559.120,-1265774.520,181.775
-578559.310,-1265774.240,181.860
-578559.510,-1265773.930,181.885
-578559.690,-1265773.660,181.910
-578559.890,-1265773.350,181.880
-578556.610,-1265777.880,180.980
-578556.800,-1265777.580,181.030
-578556.990,-1265777.300,181.040
-578557.190,-1265777.000,181.115
-578557.370,-1265776.720,181.180
-578557.550,-1265776.440,181.220
-578557.750,-1265776.140,181.310
-578557.950,-1265775.830,181.360
-578558.330,-1265775.250,181.510
-578558.530,-1265774.950,181.590
-578558.730,-1265774.650,181.640
-578558.910,-1265774.370,181.720
-578559.100,-1265774.080,181.785
-578559.280,-1265773.810,181.805
-578559.460,-1265773.540,181.815
-578556.570,-1265777.450,180.980
-578556.760,-1265777.180,181.030
-578556.950,-1265776.880,181.050
-578557.140,-1265776.590,181.110
-578557.340,-1265776.290,181.170
-578557.520,-1265776.010,181.220
-578557.710,-1265775.730,181.305
-578557.900,-1265775.430,181.390
-578558.100,-1265775.130,181.440
-578558.290,-1265774.840,181.510
-578558.490,-1265774.530,181.590
-578558.680,-1265774.240,181.625
-578558.880,-1265773.940,181.680
-578559.060,-1265773.650,181.715
-578559.240,-1265773.380,181.680
-578556.360,-1265777.280,180.955
-578556.550,-1265777.000,180.980
-578556.740,-1265776.710,181.030
-578556.920,-1265776.440,181.055
-578557.110,-1265776.140,181.120
-578557.300,-1265775.850,181.180
-578557.500,-1265775.550,181.220
-578557.680,-1265775.270,181.310
-578557.870,-1265774.990,181.390
-578558.060,-1265774.690,181.430
-578558.260,-1265774.380,181.520
-578558.450,-1265774.100,181.580
-578558.640,-1265773.800,181.610
-578558.840,-1265773.500,181.600
-578556.340,-1265776.850,180.950
-578556.530,-1265776.570,180.980
-578556.710,-1265776.290,181.030
-578556.890,-1265776.010,181.060
-578557.080,-1265775.730,181.115
-578557.280,-1265775.420,181.195
-578557.460,-1265775.150,181.235
-578557.660,-1265774.840,181.310
-578557.840,-1265774.560,181.390
-578558.020,-1265774.280,181.440
-578558.220,-1265773.980,181.500
-578558.420,-1265773.670,181.480
-578556.290,-1265776.420,180.950
-578556.490,-1265776.110,180.990
-578556.670,-1265775.840,181.020
-578556.860,-1265775.550,181.060
-578557.040,-1265775.270,181.110
-578557.220,-1265774.990,181.160
-578557.430,-1265774.690,181.250
-578557.610,-1265774.400,181.320
-578557.800,-1265774.110,181.390
-578557.990,-1265773.830,181.390
-578558.170,-1265773.540,181.325
-578556.280,-1265776.050,180.940
-578556.670,-1265775.450,181.030
-578556.860,-1265775.160,181.070
-578557.040,-1265774.890,181.120
-578557.220,-1265774.600,181.210
-578557.600,-1265774.030,181.315
-578557.790,-1265773.740,181.280
-578557.980,-1265773.450,181.220
-578556.180,-1265775.590,180.945
-578556.380,-1265775.280,181.000
-578556.580,-1265774.970,181.030
-578556.780,-1265774.670,181.080
-578556.960,-1265774.390,181.110
-578557.150,-1265774.110,181.130
-578557.330,-1265773.830,181.140
-578556.190,-1265775.190,180.945
-578556.380,-1265774.910,181.015
-578556.570,-1265774.610,181.025
-578556.770,-1265774.310,181.040
-578556.970,-1265774.000,181.030
-578557.150,-1265773.720,181.025
-578556.160,-1265774.770,180.950
-578556.360,-1265774.460,181.020
-578556.540,-1265774.180,181.010
-578556.740,-1265773.880,180.935
-578556.930,-1265773.590,178.595
-578556.100,-1265773.860,180.860
-578556.080,-1265774.340,180.940
-578556.480,-1265773.730,180.845
-578561.030,-1265779.550,182.155
-578560.740,-1265779.680,182.095
-578560.450,-1265779.820,181.990
-578560.150,-1265779.960,181.880
-578564.290,-1265777.590,181.700
-578563.960,-1265777.750,181.760
-578563.600,-1265777.920,181.820
-578563.250,-1265778.090,181.945
-578562.920,-1265778.250,182.030
-578562.560,-1265778.430,182.110
-578562.200,-1265778.600,182.200
-578561.860,-1265778.770,182.235
-578561.530,-1265778.930,182.250
-578561.250,-1265779.060,182.235
-578560.970,-1265779.190,182.155
-578560.670,-1265779.330,182.070
-578560.360,-1265779.470,181.990
-578560.080,-1265779.610,181.885
-578559.760,-1265779.760,181.755
-578564.590,-1265777.180,181.670
-578564.260,-1265777.340,181.705
-578563.910,-1265777.510,181.730
-578563.550,-1265777.690,181.820
-578563.230,-1265777.840,181.935
-578562.870,-1265778.020,182.020
-578562.510,-1265778.190,182.095
-578562.160,-1265778.360,182.185
-578561.840,-1265778.520,182.230
-578561.510,-1265778.680,182.240
-578561.220,-1265778.810,182.230
-578560.940,-1265778.940,182.170
-578560.620,-1265779.090,182.070
-578560.340,-1265779.220,182.000
-578560.040,-1265779.370,181.890
-578559.740,-1265779.500,181.765
-578563.830,-1265777.230,181.770
-578563.130,-1265777.570,181.950
-578562.770,-1265777.740,182.040
-578562.420,-1265777.910,182.110
-578562.090,-1265778.070,182.200
-578561.770,-1265778.230,182.230
-578561.440,-1265778.390,182.230
-578561.160,-1265778.510,182.220
-578560.850,-1265778.660,182.150
-578560.560,-1265778.790,182.070
-578560.260,-1265778.940,181.960
-578559.970,-1265779.070,181.880
-578559.680,-1265779.210,181.770
-578563.370,-1265777.000,181.880
-578563.010,-1265777.170,181.965
-578562.650,-1265777.350,182.040
-578562.310,-1265777.510,182.115
-578561.990,-1265777.660,182.210
-578561.660,-1265777.820,182.230
-578561.350,-1265777.970,182.235
-578561.050,-1265778.120,182.220
-578560.750,-1265778.260,182.145
-578560.440,-1265778.400,182.050
-578560.160,-1265778.530,181.960
-578562.240,-1265777.120,182.130
-578561.920,-1265777.270,182.220
-578561.580,-1265777.440,182.240
-578561.240,-1265777.600,182.230
-578560.960,-1265777.730,182.190
-578560.670,-1265777.870,182.120
-578560.370,-1265778.010,182.020
-578560.080,-1265778.140,181.950
-578559.770,-1265778.290,181.800
-578561.570,-1265777.240,182.235
-578561.260,-1265777.390,182.240
-578560.950,-1265777.530,182.215
-578560.660,-1265777.670,182.130
-578560.380,-1265777.810,182.050
-578560.070,-1265777.950,181.955
-578559.760,-1265778.100,181.820
-578560.270,-1265777.350,182.020
-578559.680,-1265777.630,181.800
-578560.910,-1265780.520,182.120
-578560.630,-1265780.650,182.020
-578560.350,-1265780.780,181.925
-578560.060,-1265780.920,181.850
-578564.890,-1265778.410,181.650
-578564.540,-1265778.580,181.690
-578564.210,-1265778.740,181.720
-578563.850,-1265778.910,181.800
-578563.520,-1265779.070,181.900
-578563.200,-1265779.230,181.980
-578562.830,-1265779.400,182.060
-578562.490,-1265779.570,182.130
-578562.150,-1265779.730,182.230
-578561.790,-1265779.910,182.250
-578561.470,-1265780.060,182.250
-578561.170,-1265780.200,182.200
-578560.880,-1265780.340,182.100
-578560.590,-1265780.480,182.000
-578560.310,-1265780.610,181.925
-578560.020,-1265780.740,181.850
-578564.460,-1265778.280,181.700
-578564.110,-1265778.450,181.750
-578563.780,-1265778.610,181.810
-578563.440,-1265778.780,181.905
-578563.090,-1265778.940,181.995
-578562.740,-1265779.110,182.070
-578562.400,-1265779.280,182.150
-578562.060,-1265779.450,182.245
-578561.700,-1265779.620,182.250
-578561.380,-1265779.770,182.235
-578561.100,-1265779.910,182.160
-578560.810,-1265780.040,182.105
-578560.230,-1265780.310,181.890
-578559.920,-1265780.460,181.810
-578564.740,-1265777.750,181.665
-578564.370,-1265777.930,181.700
-578564.040,-1265778.100,181.745
-578563.710,-1265778.250,181.810
-578563.350,-1265778.430,181.930
-578563.000,-1265778.600,182.000
-578562.670,-1265778.760,182.100
-578562.320,-1265778.930,182.160
-578561.950,-1265779.110,182.235
-578561.600,-1265779.270,182.250
-578561.310,-1265779.410,182.240
-578564.480,-1265779.620,181.730
-578564.140,-1265779.790,181.770
-578563.800,-1265779.960,181.845
-578563.460,-1265780.120,181.950
-578563.100,-1265780.290,182.040
-578562.780,-1265780.450,182.105
-578562.450,-1265780.610,182.195
-578562.090,-1265780.780,182.240
-578561.760,-1265780.940,182.240
-578561.470,-1265781.080,182.230
-578561.150,-1265781.230,182.135
-578560.850,-1265781.370,182.045
-578560.540,-1265781.520,181.950
-578560.250,-1265781.650,181.870
-578559.970,-1265781.790,181.760
-578564.710,-1265779.090,181.690
-578564.370,-1265779.260,181.710
-578564.010,-1265779.430,181.775
-578563.330,-1265779.760,181.965
-578563.000,-1265779.920,182.040
-578562.670,-1265780.080,182.110
-578562.310,-1265780.250,182.200
-578561.950,-1265780.430,182.250
-578561.650,-1265780.570,182.245
-578561.340,-1265780.720,182.220
-578561.020,-1265780.870,182.120
-578560.720,-1265781.010,182.020
-578560.430,-1265781.150,181.930
-578560.140,-1265781.280,181.850
-578559.860,-1265781.410,181.765
-578564.600,-1265778.740,181.690
-578564.250,-1265778.910,181.725
-578563.910,-1265779.070,181.790
-578563.560,-1265779.240,181.880
-578563.240,-1265779.400,181.960
-578562.900,-1265779.570,182.040
-578562.550,-1265779.730,182.130
-578562.200,-1265779.900,182.205
-578561.860,-1265780.070,182.250
-578561.530,-1265780.230,182.245
-578561.230,-1265780.360,182.200
-578564.860,-1265779.880,181.670
-578564.530,-1265780.050,181.730
-578564.200,-1265780.200,181.740
-578563.870,-1265780.370,181.825
-578563.540,-1265780.520,181.925
-578563.190,-1265780.700,182.010
-578562.860,-1265780.860,182.080
-578562.500,-1265781.030,182.190
-578562.180,-1265781.180,182.240
-578561.840,-1265781.350,182.240
-578561.540,-1265781.490,182.230
-578561.230,-1265781.640,182.165
-578560.930,-1265781.780,182.055
-578560.630,-1265781.920,181.950
-578560.010,-1265782.210,181.760
-578564.860,-1265779.660,181.670
-578564.530,-1265779.830,181.710
-578564.190,-1265779.990,181.765
-578563.860,-1265780.150,181.840
-578563.510,-1265780.320,181.950
-578563.170,-1265780.480,182.030
-578562.810,-1265780.660,182.105
-578562.500,-1265780.810,182.185
-578562.160,-1265780.970,182.240
-578561.810,-1265781.140,182.240
-578561.510,-1265781.280,182.225
-578561.220,-1265781.420,182.140
-578560.910,-1265781.560,182.065
-578560.610,-1265781.710,181.955
-578560.290,-1265781.860,181.855
-578560.010,-1265781.990,181.765
-578565.120,-1265780.470,181.670
-578564.750,-1265780.650,181.710
-578564.390,-1265780.830,181.745
-578564.070,-1265780.980,181.805
-578563.730,-1265781.140,181.905
-578563.400,-1265781.300,181.990
-578563.080,-1265781.450,182.060
-578562.720,-1265781.630,182.145
-578562.380,-1265781.800,182.230
-578562.040,-1265781.960,182.250
-578561.740,-1265782.100,182.240
-578561.440,-1265782.240,182.210
-578561.160,-1265782.380,182.140
-578560.840,-1265782.530,182.030
-578560.540,-1265782.670,181.940
-578560.240,-1265782.810,181.810
-578565.030,-1265780.240,181.670
-578564.650,-1265780.430,181.720
-578564.310,-1265780.590,181.755
-578564.000,-1265780.740,181.810
-578563.660,-1265780.900,181.920
-578563.330,-1265781.070,182.000
-578562.970,-1265781.240,182.095
-578562.650,-1265781.400,182.170
-578562.290,-1265781.570,182.240
-578561.670,-1265781.870,182.240
-578561.360,-1265782.010,182.210
-578561.050,-1265782.160,182.080
-578560.770,-1265782.290,182.015
-578560.450,-1265782.440,181.905
-578560.150,-1265782.580,181.775
-578563.130,-1265781.860,182.060
-578562.790,-1265782.030,182.140
-578562.460,-1265782.190,182.220
-578562.120,-1265782.350,182.240
-578561.800,-1265782.500,182.240
-578561.500,-1265782.650,182.215
-578561.220,-1265782.780,182.110
-578560.920,-1265782.920,182.030
-578560.610,-1265783.060,181.925
-578560.310,-1265783.210,181.825
-578564.810,-1265780.960,181.710
-578564.460,-1265781.120,181.740
-578564.110,-1265781.290,181.805
-578563.770,-1265781.460,181.910
-578563.440,-1265781.610,181.990
-578563.120,-1265781.770,182.060
-578562.790,-1265781.930,182.150
-578562.430,-1265782.110,182.230
-578562.100,-1265782.270,182.240
-578561.770,-1265782.420,182.240
-578561.490,-1265782.560,182.210
-578561.210,-1265782.690,182.115
-578560.900,-1265782.830,182.030
-578560.590,-1265782.980,181.950
-578560.310,-1265783.110,181.850
-578564.970,-1265781.470,181.690
-578564.630,-1265781.630,181.720
-578564.290,-1265781.800,181.790
-578563.930,-1265781.970,181.880
-578563.580,-1265782.140,181.975
-578563.240,-1265782.300,182.060
-578562.910,-1265782.460,182.150
-578562.590,-1265782.620,182.230
-578562.250,-1265782.780,182.240
-578561.930,-1265782.940,182.240
-578561.640,-1265783.070,182.240
-578561.330,-1265783.220,182.140
-578561.040,-1265783.360,182.040
-578560.760,-1265783.490,181.985
-578564.840,-1265781.040,181.710
-578564.490,-1265781.200,181.740
-578564.140,-1265781.370,181.800
-578563.780,-1265781.550,181.895
-578563.450,-1265781.710,181.980
-578564.130,-1265782.520,181.840
-578563.770,-1265782.690,181.930
-578563.420,-1265782.860,182.030
-578563.060,-1265783.030,182.130
-578562.720,-1265783.190,182.220
-578562.400,-1265783.350,182.250
-578564.990,-1265781.610,181.700
-578564.640,-1265781.780,181.740
-578564.300,-1265781.940,181.795
-578563.950,-1265782.120,181.870
-578563.600,-1265782.280,181.975
-578563.240,-1265782.460,182.060
-578562.900,-1265782.620,182.150
-578562.580,-1265782.770,182.235
-578562.250,-1265782.940,182.240
-578561.930,-1265783.090,182.240
-578561.630,-1265783.230,182.230
-578561.340,-1265783.370,182.125
-578561.040,-1265783.510,182.035
-578565.160,-1265781.980,181.670
-578564.800,-1265782.150,181.710
-578564.460,-1265782.320,181.750
-578564.100,-1265782.490,181.850
-578563.770,-1265782.650,181.930
-578563.410,-1265782.830,182.030
-578563.050,-1265783.000,182.130
-578562.700,-1265783.170,182.225
-578562.380,-1265783.330,182.250
-578565.180,-1265782.000,181.680
-578564.810,-1265782.180,181.710
-578564.460,-1265782.350,181.755
-578565.260,-1265782.360,181.675
-578564.920,-1265782.530,181.700
-578564.580,-1265782.690,181.755
-578564.220,-1265782.870,181.840
-578563.870,-1265783.040,181.950
-578565.360,-1265782.540,181.670
-578565.000,-1265782.720,181.680
-578564.660,-1265782.880,181.750
-578564.330,-1265783.040,181.830
-578557.430,-1265777.610,181.150
-578557.140,-1265777.750,181.090
-578556.860,-1265777.880,181.040
-578556.540,-1265778.030,180.970
-578558.050,-1265777.570,181.320
-578557.750,-1265777.720,181.245
-578557.450,-1265777.860,181.140
-578557.150,-1265778.000,181.110
-578556.860,-1265778.130,181.035
-578556.570,-1265778.270,180.970
-578559.260,-1265777.470,181.690
-578558.950,-1265777.610,181.590
-578558.660,-1265777.750,181.520
-578558.370,-1265777.890,181.425
-578558.090,-1265778.020,181.340
-578557.790,-1265778.160,181.250
-578557.480,-1265778.300,181.140
-578557.200,-1265778.440,181.080
-578556.890,-1265778.580,181.035
-578556.600,-1265778.720,180.970
-578559.360,-1265777.780,181.690
-578559.050,-1265777.920,181.610
-578558.750,-1265778.070,181.520
-578558.450,-1265778.200,181.420
-578558.170,-1265778.330,181.325
-578557.880,-1265778.470,181.255
-578557.590,-1265778.610,181.140
-578557.290,-1265778.750,181.095
-578557.000,-1265778.890,181.040
-578556.680,-1265779.040,180.970
-578559.470,-1265778.230,181.720
-578559.160,-1265778.380,181.630
-578558.850,-1265778.520,181.530
-578558.250,-1265778.810,181.355
-578557.970,-1265778.940,181.260
-578557.680,-1265779.080,181.165
-578557.390,-1265779.210,181.115
-578557.080,-1265779.360,181.040
-578556.790,-1265779.490,180.980
-578556.480,-1265779.640,180.930
-578556.790,-1265779.690,180.975
-578556.490,-1265779.830,180.930
-578559.460,-1265778.430,181.720
-578559.170,-1265778.570,181.620
-578558.870,-1265778.710,181.520
-578558.550,-1265778.860,181.425
-578558.250,-1265779.010,181.340
-578557.960,-1265779.140,181.260
-578557.670,-1265779.280,181.160
-578557.380,-1265779.410,181.080
-578557.100,-1265779.550,181.050
-578559.560,-1265778.820,181.760
-578558.960,-1265779.100,181.550
-578558.650,-1265779.250,181.480
-578558.350,-1265779.390,181.380
-578558.030,-1265779.540,181.260
-578557.740,-1265779.670,181.185
-578557.470,-1265779.800,181.105
-578557.170,-1265779.940,181.065
-578556.880,-1265780.080,180.990
-578559.380,-1265779.350,181.675
-578559.060,-1265779.500,181.565
-578558.770,-1265779.640,181.490
-578558.470,-1265779.780,181.380
-578558.160,-1265779.930,181.280
-578557.840,-1265780.080,181.190
-578557.560,-1265780.210,181.100
-578557.270,-1265780.340,181.045
-578556.720,-1265780.600,180.930
-578559.460,-1265779.640,181.685
-578559.150,-1265779.780,181.580
-578558.840,-1265779.930,181.510
-578558.550,-1265780.070,181.400
-578558.250,-1265780.210,181.300
-578557.930,-1265780.360,181.210
-578557.620,-1265780.510,181.100
-578557.340,-1265780.640,181.040
-578557.050,-1265780.780,181.000
-578556.780,-1265780.900,180.940
-578559.470,-1265779.890,181.680
-578559.200,-1265780.020,181.590
-578558.880,-1265780.170,181.490
-578558.570,-1265780.320,181.400
-578558.290,-1265780.450,181.310
-578557.970,-1265780.600,181.180
-578557.660,-1265780.740,181.100
-578557.370,-1265780.890,181.040
-578557.070,-1265781.030,180.995
-578556.800,-1265781.150,180.950
-578559.550,-1265780.240,181.685
-578559.260,-1265780.370,181.585
-578558.980,-1265780.510,181.510
-578558.670,-1265780.650,181.420
-578558.360,-1265780.800,181.330
-578558.070,-1265780.930,181.220
-578557.770,-1265781.080,181.140
-578557.450,-1265781.230,181.055
-578557.140,-1265781.370,181.000
-578556.870,-1265781.500,180.955
-578559.640,-1265780.590,181.700
-578559.330,-1265780.730,181.590
-578559.040,-1265780.870,181.515
-578558.760,-1265781.000,181.430
-578558.440,-1265781.150,181.330
-578558.140,-1265781.300,181.220
-578557.850,-1265781.430,181.135
-578557.540,-1265781.580,181.060
-578557.230,-1265781.720,180.985
-578556.930,-1265781.860,180.955
-578559.710,-1265780.890,181.725
-578559.430,-1265781.020,181.635
-578559.110,-1265781.170,181.540
-578558.830,-1265781.300,181.435
-578558.550,-1265781.440,181.370
-578558.230,-1265781.580,181.260
-578557.920,-1265781.730,181.145
-578557.640,-1265781.860,181.090
-578557.330,-1265782.010,181.040
-578557.020,-1265782.150,180.970
-578559.770,-1265781.050,181.755
-578559.460,-1265781.200,181.660
-578559.170,-1265781.330,181.550
-578558.860,-1265781.480,181.460
-578558.580,-1265781.610,181.345
-578558.290,-1265781.750,181.260
-578557.980,-1265781.890,181.165
-578557.680,-1265782.030,181.090
-578557.380,-1265782.170,181.030
-578557.070,-1265782.320,180.970
-578559.570,-1265781.550,181.670
-578559.270,-1265781.690,181.575
-578558.980,-1265781.830,181.480
-578558.670,-1265781.980,181.380
-578558.380,-1265782.110,181.280
-578558.100,-1265782.240,181.190
-578557.790,-1265782.390,181.090
-578557.470,-1265782.540,181.035
-578557.190,-1265782.670,180.980
-578559.680,-1265781.920,181.670
-578559.390,-1265782.060,181.580
-578559.100,-1265782.190,181.490
-578558.800,-1265782.330,181.395
-578558.480,-1265782.480,181.285
-578558.210,-1265782.610,181.220
-578557.910,-1265782.750,181.090
-578557.600,-1265782.890,181.040
-578557.300,-1265783.040,181.005
-578557.030,-1265783.160,180.980
-578559.720,-1265782.130,181.670
-578559.440,-1265782.260,181.580
-578559.150,-1265782.400,181.500
-578558.840,-1265782.540,181.400
-578558.550,-1265782.680,181.290
-578558.250,-1265782.820,181.210
-578557.960,-1265782.950,181.120
-578557.670,-1265783.090,181.060
-578557.360,-1265783.240,181.020
-578557.080,-1265783.360,180.980
-578559.730,-1265782.340,181.670
-578559.440,-1265782.480,181.580
-578559.160,-1265782.610,181.500
-578558.870,-1265782.740,181.410
-578558.560,-1265782.890,181.290
-578558.270,-1265783.020,181.210
-578557.960,-1265783.170,181.110
-578557.680,-1265783.300,181.045
-578557.390,-1265783.440,181.020
-578557.110,-1265783.570,180.980
-578559.840,-1265782.730,181.680
-578559.560,-1265782.860,181.610
-578559.270,-1265782.990,181.520
-578558.980,-1265783.130,181.420
-578558.690,-1265783.270,181.350
-578558.380,-1265783.410,181.260
-578558.100,-1265783.540,181.165
-578557.790,-1265783.690,181.040
-578557.500,-1265783.830,181.020
-578559.930,-1265782.950,181.705
-578559.620,-1265783.100,181.610
-578559.340,-1265783.230,181.510
-578559.050,-1265783.370,181.435
-578558.760,-1265783.500,181.360
-578558.480,-1265783.640,181.290
-578559.990,-1265783.260,181.740
-578559.680,-1265783.400,181.610
-578559.380,-1265783.550,181.505
-578559.090,-1265783.680,181.440
-578558.820,-1265783.810,181.370
-578560.010,-1265783.350,181.720
-578559.710,-1265783.490,181.610
-578559.410,-1265783.620,181.530
-578559.110,-1265783.760,181.435
-578564.060,-1265776.660,181.730
-578563.720,-1265776.830,181.790
-578564.300,-1265776.110,181.690
-578563.980,-1265776.270,181.750
-578563.620,-1265776.450,181.800
-578563.250,-1265776.620,181.895
-578562.900,-1265776.800,181.970
-578562.580,-1265776.950,182.055
-578564.310,-1265775.910,181.680
-578563.960,-1265776.080,181.750
-578563.610,-1265776.250,181.795
-578563.240,-1265776.430,181.860
-578562.910,-1265776.590,181.960
-578562.590,-1265776.750,182.045
-578562.250,-1265776.910,182.115
-578564.200,-1265775.460,181.710
-578561.720,-1265776.300,182.215
-578561.360,-1265776.480,182.240
-578561.070,-1265776.610,182.245
-578560.780,-1265776.750,182.200
-578560.470,-1265776.900,182.120
-578560.160,-1265777.040,182.000
-578559.880,-1265777.180,181.890
-578559.570,-1265777.320,181.790
-578563.840,-1265775.630,181.770
-578563.490,-1265775.800,181.800
-578563.160,-1265775.960,181.890
-578562.820,-1265776.130,181.955
-578562.500,-1265776.280,182.050
-578562.170,-1265776.440,182.120
-578561.810,-1265776.620,182.240
-578561.480,-1265776.770,182.240
-578561.150,-1265776.930,182.240
-578560.860,-1265777.070,182.195
-578560.580,-1265777.200,182.125
-578563.730,-1265775.330,181.750
-578563.400,-1265775.490,181.810
-578563.070,-1265775.640,181.885
-578562.740,-1265775.810,181.960
-578562.410,-1265775.970,182.050
-578562.050,-1265776.140,182.130
-578564.080,-1265775.160,181.705
-578564.030,-1265774.720,181.725
-578563.700,-1265774.880,181.755
-578563.370,-1265775.040,181.795
-578563.040,-1265775.200,181.890
-578562.710,-1265775.360,181.970
-578562.340,-1265775.540,182.060
-578562.020,-1265775.690,182.130
-578561.660,-1265775.870,182.220
-578561.330,-1265776.030,182.240
-578561.030,-1265776.170,182.230
-578560.730,-1265776.310,182.200
-578560.420,-1265776.460,182.115
-578560.130,-1265776.590,182.010
-578559.820,-1265776.740,181.880
-578559.510,-1265776.890,181.780
-578564.020,-1265774.470,181.720
-578563.690,-1265774.630,181.760
-578563.370,-1265774.780,181.810
-578563.030,-1265774.950,181.880
-578562.680,-1265775.120,181.950
-578562.350,-1265775.280,182.050
-578561.990,-1265775.450,182.130
-578561.670,-1265775.610,182.215
-578561.330,-1265775.770,182.240
-578561.000,-1265775.930,182.240
-578560.700,-1265776.070,182.200
-578560.410,-1265776.210,182.120
-578560.100,-1265776.360,181.990
-578559.790,-1265776.500,181.880
-578559.490,-1265776.640,181.780
-578563.990,-1265774.070,181.720
-578563.640,-1265774.250,181.760
-578563.310,-1265774.400,181.805
-578562.960,-1265774.580,181.895
-578562.620,-1265774.740,181.970
-578562.270,-1265774.910,182.060
-578561.940,-1265775.070,182.160
-578561.600,-1265775.230,182.220
-578561.250,-1265775.400,182.250
-578560.930,-1265775.560,182.230
-578560.640,-1265775.690,182.180
-578560.330,-1265775.840,182.080
-578560.030,-1265775.980,181.990
-578559.710,-1265776.130,181.870
-578559.440,-1265776.260,181.790
-578563.940,-1265773.640,181.715
-578563.610,-1265773.800,181.725
-578563.260,-1265773.970,181.790
-578562.920,-1265774.130,181.880
-578562.250,-1265774.460,182.050
-578561.910,-1265774.630,182.130
-578561.550,-1265774.800,182.225
-578561.200,-1265774.970,182.235
-578560.900,-1265775.110,182.230
-578560.590,-1265775.260,182.180
-578560.280,-1265775.400,182.070
-578559.980,-1265775.550,181.975
-578559.680,-1265775.680,181.865
-578559.400,-1265775.820,181.780
-578564.230,-1265773.130,181.485
-578563.890,-1265773.300,181.680
-578563.540,-1265773.470,181.740
-578563.210,-1265773.630,181.820
-578562.850,-1265773.810,181.880
-578562.510,-1265773.970,181.960
-578562.190,-1265774.130,182.060
-578561.820,-1265774.300,182.155
-578561.470,-1265774.480,182.230
-578561.140,-1265774.640,182.250
-578560.820,-1265774.790,182.235
-578560.520,-1265774.930,182.160
-578560.210,-1265775.080,182.070
-578559.920,-1265775.210,181.970
-578559.640,-1265775.340,181.870
-578559.350,-1265775.480,181.780
-578559.530,-1265774.600,181.880
-578559.230,-1265774.740,181.785
-578563.850,-1265773.030,181.610
-578563.530,-1265773.190,181.710
-578563.150,-1265773.370,181.785
-578562.830,-1265773.530,181.860
-578562.500,-1265773.690,181.950
-578562.140,-1265773.860,182.060
-578561.780,-1265774.040,182.165
-578561.460,-1265774.200,182.260
-578561.100,-1265774.370,182.260
-578560.780,-1265774.520,182.235
-578560.480,-1265774.660,182.155
-578560.190,-1265774.800,182.070
-578559.900,-1265774.940,181.980
-578559.620,-1265775.070,181.870
-578559.340,-1265775.200,181.790
-578563.090,-1265772.900,181.670
-578562.760,-1265773.050,181.750
-578562.380,-1265773.240,181.885
-578561.710,-1265773.560,182.160
-578561.340,-1265773.740,182.260
-578561.000,-1265773.910,182.260
-578560.680,-1265774.060,182.255
-578560.390,-1265774.200,182.150
-578560.120,-1265774.320,182.075
-578559.820,-1265774.460,181.980
-578561.630,-1265773.170,182.050
-578561.270,-1265773.350,182.175
-578560.920,-1265773.520,182.235
-578560.630,-1265773.650,182.215
-578560.340,-1265773.790,182.150
-578560.060,-1265773.920,182.060
-578559.780,-1265774.060,181.990
-578559.460,-1265774.200,181.870
-578559.180,-1265774.340,181.800
-578559.440,-1265773.550,181.810
-578559.140,-1265773.680,181.730
-578560.890,-1265773.190,182.155
-578560.610,-1265773.330,182.130
-578560.320,-1265773.460,182.100
-578560.040,-1265773.600,182.005
-578559.730,-1265773.750,181.970
-578559.440,-1265773.880,181.870
-578559.130,-1265774.020,181.790
-578559.740,-1265773.400,181.875
-578560.020,-1265773.270,181.890
-578557.860,-1265776.180,181.310
-578557.580,-1265776.310,181.240
-578557.260,-1265776.460,181.130
-578556.950,-1265776.610,181.060
-578556.670,-1265776.740,181.030
-578556.360,-1265776.890,180.950
-578559.060,-1265775.620,181.700
-578558.750,-1265775.760,181.605
-578558.460,-1265775.900,181.510
-578558.150,-1265776.040,181.410
-578559.110,-1265775.950,181.690
-578558.820,-1265776.090,181.590
-578558.510,-1265776.230,181.510
-578558.230,-1265776.370,181.410
-578557.910,-1265776.520,181.310
-578557.630,-1265776.650,181.220
-578557.350,-1265776.790,181.170
-578557.030,-1265776.930,181.060
-578556.720,-1265777.080,181.030
-578556.440,-1265777.210,180.975
-578559.200,-1265776.780,181.690
-578558.910,-1265776.910,181.600
-578559.140,-1265776.400,181.680
-578558.860,-1265776.530,181.600
-578558.570,-1265776.670,181.510
-578558.260,-1265776.810,181.420
-578557.970,-1265776.950,181.320
-578557.660,-1265777.100,181.235
-578557.370,-1265777.230,181.150
-578557.080,-1265777.370,181.060
-578556.780,-1265777.510,181.030
-578556.460,-1265777.660,180.970
-578558.920,-1265777.160,181.590
-578558.630,-1265777.300,181.510
-578558.340,-1265777.440,181.410
-578558.630,-1265777.050,181.510
-578558.340,-1265777.180,181.440
-578558.030,-1265777.330,181.320
-578557.740,-1265777.460,181.250
-578559.200,-1265777.030,181.670
-578556.770,-1265775.470,181.060
-578556.460,-1265775.620,181.005
-578556.180,-1265775.750,180.940
-578558.870,-1265774.480,181.710
-578558.580,-1265774.620,181.610
-578558.300,-1265774.750,181.520
-578557.980,-1265774.900,181.400
-578557.670,-1265775.050,181.310
-578557.390,-1265775.180,181.220
-578557.080,-1265775.330,181.120
-578559.020,-1265775.350,181.695
-578558.730,-1265775.490,181.610
-578558.430,-1265775.630,181.510
-578558.140,-1265775.770,181.410
-578557.850,-1265775.900,181.320
-578557.540,-1265776.050,181.250
-578557.220,-1265776.200,181.125
-578556.940,-1265776.330,181.065
-578556.630,-1265776.480,181.030
-578556.320,-1265776.620,180.980
-578558.940,-1265774.880,181.685
-578558.620,-1265775.030,181.590
-578558.350,-1265775.160,181.520
-578558.060,-1265775.290,181.400
-578557.740,-1265775.440,181.310
-578557.440,-1265775.590,181.220
-578557.150,-1265775.720,181.120
-578556.840,-1265775.870,181.040
-578556.530,-1265776.010,181.000
-578556.230,-1265776.150,180.935
-578558.840,-1265774.160,181.720
-578558.560,-1265774.300,181.605
-578558.240,-1265774.440,181.530
-578557.930,-1265774.590,181.410
-578557.650,-1265774.720,181.310
-578557.340,-1265774.870,181.215
-578557.030,-1265775.020,181.120
-578556.720,-1265775.160,181.040
-578556.440,-1265775.290,181.010
-578556.150,-1265775.430,180.945
-578558.860,-1265773.820,181.675
-578558.550,-1265773.960,181.600
-578558.240,-1265774.110,181.525
-578557.960,-1265774.240,181.430
-578557.640,-1265774.390,181.320
-578557.330,-1265774.540,181.220
-578557.020,-1265774.680,181.120
-578556.740,-1265774.820,181.080
-578556.450,-1265774.950,181.020
-578556.160,-1265775.090,180.965
-578556.400,-1265774.500,181.020
-578556.100,-1265774.640,180.950
-578557.860,-1265773.520,181.225
-578557.540,-1265773.670,181.205
-578557.260,-1265773.800,181.110
-578556.970,-1265773.940,181.030
-578556.680,-1265774.080,181.020
-578556.410,-1265774.200,181.020
-578556.090,-1265774.350,180.940
-578558.460,-1265773.530,181.420
-578558.180,-1265773.660,181.390
-578557.870,-1265773.810,181.330
-578557.560,-1265773.950,181.260
-578557.250,-1265774.100,181.180
-578556.970,-1265774.230,181.090
-578556.670,-1265774.370,181.035
-578556.330,-1265773.770,180.850
-578556.060,-1265773.900,180.885
