-443743.24,-1172333.82,353.13
-443743.35,-1172333.54,353.13
-443743.47,-1172333.24,353.17
-443744.19,-1172332.69,353.01
-443743.46,-1172334.53,353.14
-443743.94,-1172333.33,353.10
-443744.07,-1172333.01,353.08
-443743.60,-1172335.28,353.16
-443743.72,-1172334.97,353.14
-443744.31,-1172333.47,353.10
-443744.44,-1172333.16,353.02
-443744.55,-1172332.88,353.06
-443743.96,-1172335.22,353.13
-443744.08,-1172334.92,353.05
-443744.31,-1172334.34,353.07
-443744.66,-1172333.45,353.00
-443744.78,-1172333.16,353.06
-443744.90,-1172332.85,353.00
-443744.14,-1172335.54,353.11
-443744.27,-1172335.22,353.10
-443744.40,-1172334.91,353.08
-443744.51,-1172334.62,353.07
-443744.63,-1172334.32,353.04
-443745.21,-1172332.85,352.97
-443743.54,-1172338.05,353.22
-443743.66,-1172337.74,353.20
-443743.78,-1172337.43,353.18
-443743.91,-1172337.12,353.15
-443744.03,-1172336.81,353.15
-443744.62,-1172335.33,353.07
-443744.74,-1172335.01,353.06
-443744.86,-1172334.71,353.02
-443744.99,-1172334.41,352.97
-443745.10,-1172334.11,353.00
-443744.15,-1172337.69,353.10
-443744.28,-1172337.38,353.10
-443744.87,-1172335.87,353.07
-443745.00,-1172335.57,353.06
-443745.12,-1172335.25,353.04
-443745.25,-1172334.93,353.06
-443745.11,-1172337.56,353.05
-443745.81,-1172335.80,352.96
-443745.92,-1172335.51,352.96
-443746.16,-1172334.91,352.90
-443745.40,-1172337.91,353.01
-443745.53,-1172337.59,353.03
-443746.22,-1172335.83,352.96
-443746.19,-1172337.81,353.00
-443746.45,-1172337.92,352.96
-443746.58,-1172337.60,352.93
-443746.70,-1172337.29,352.89
-443746.82,-1172336.99,352.88
-443747.07,-1172336.37,352.87
-443747.04,-1172337.55,352.87
-443747.17,-1172337.23,352.84
-443747.40,-1172336.64,352.82
-443747.52,-1172336.34,352.79
-443747.64,-1172336.04,352.76
-443747.76,-1172335.73,352.75
-443747.58,-1172337.35,352.80
-443747.70,-1172337.05,352.79
-443747.82,-1172336.77,352.75
-443748.18,-1172335.85,352.77
-443747.62,-1172338.22,352.79
-443747.73,-1172337.93,352.80
-443747.85,-1172337.64,352.76
-443748.11,-1172337.94,352.76
-443748.41,-1172338.26,352.67
-443748.53,-1172337.97,352.72
-443748.64,-1172337.68,352.69
-443749.64,-1172336.26,352.62
-443748.93,-1172338.06,352.67
-443749.05,-1172337.75,352.67
-443749.52,-1172336.57,352.61
-443749.56,-1172337.41,352.62
-443749.69,-1172337.10,352.59
-443749.81,-1172336.78,352.53
-443749.93,-1172336.48,352.54
-443749.85,-1172337.70,352.61
-443749.97,-1172337.39,352.60
-443749.64,-1172337.43,352.65
-443748.88,-1172338.07,352.73
-443748.64,-1172338.27,352.73
-443749.80,-1172336.27,352.61
-443749.58,-1172336.46,352.59
-443749.33,-1172336.67,352.62
-443747.88,-1172337.90,352.78
-443747.64,-1172338.10,352.81
-443749.96,-1172336.49,352.56
-443749.71,-1172336.71,352.59
-443748.49,-1172337.73,352.75
-443748.25,-1172337.94,352.77
-443747.78,-1172338.33,352.80
-443747.66,-1172337.58,352.82
-443747.90,-1172336.97,352.80
-443747.65,-1172337.18,352.78
-443747.40,-1172337.39,352.82
-443746.70,-1172337.99,352.97
-443748.81,-1172335.66,352.72
-443747.59,-1172336.69,352.77
-443747.32,-1172336.91,352.82
-443746.85,-1172337.32,352.92
-443746.59,-1172337.53,352.97
-443746.33,-1172337.75,352.99
-443748.21,-1172335.83,352.78
-443747.72,-1172336.25,352.82
-443747.48,-1172336.45,352.82
-443747.21,-1172336.68,352.84
-443746.97,-1172336.87,352.91
-443746.50,-1172337.28,352.97
-443747.89,-1172335.59,352.76
-443747.65,-1172335.79,352.80
-443747.40,-1172336.00,352.84
-443747.16,-1172336.20,352.87
-443746.92,-1172336.40,352.92
-443745.71,-1172337.43,353.04
-443745.47,-1172337.63,353.03
-443745.23,-1172337.84,353.09
-443745.29,-1172337.33,353.06
-443746.20,-1172335.96,352.97
-443744.21,-1172337.64,353.14
-443743.98,-1172337.83,353.16
-443743.74,-1172338.03,353.21
-443743.49,-1172338.25,353.22
-443746.05,-1172335.70,352.99
-443745.79,-1172335.92,353.00
-443744.09,-1172337.36,353.15
-443743.83,-1172337.57,353.19
-443743.59,-1172337.77,353.23
-443746.20,-1172335.03,352.90
-443744.23,-1172336.69,353.16
-443743.74,-1172337.11,353.20
-443746.03,-1172334.68,352.98
-443745.28,-1172335.31,353.03
-443745.03,-1172335.52,353.07
-443744.78,-1172335.73,353.09
-443745.13,-1172334.89,353.04
-443744.89,-1172335.09,353.07
-443744.65,-1172335.30,353.09
-443744.43,-1172335.49,353.10
-443745.35,-1172334.33,353.02
-443745.11,-1172334.53,353.02
-443744.86,-1172334.73,353.07
-443744.60,-1172334.96,353.08
-443744.38,-1172335.14,353.10
-443744.13,-1172335.36,353.08
-443745.59,-1172334.12,352.98
-443745.47,-1172333.80,352.96
-443745.22,-1172334.00,353.02
-443744.97,-1172334.22,352.96
-443744.73,-1172334.42,353.05
-443744.49,-1172334.62,353.09
-443744.25,-1172334.83,353.03
-443744.00,-1172335.04,353.13
-443743.74,-1172335.25,353.17
-443744.44,-1172334.23,353.08
-443743.68,-1172334.87,353.18
-443745.56,-1172332.77,352.98
-443745.31,-1172332.98,353.01
-443745.34,-1172332.63,353.01
-443745.09,-1172332.85,353.03
-443744.85,-1172333.04,353.05
-443744.50,-1172332.88,353.08
-443744.25,-1172333.10,353.10
-443744.01,-1172333.29,353.11
-443743.76,-1172333.50,353.16
-443743.28,-1172333.91,353.19
-443744.20,-1172332.74,353.09
-443743.96,-1172332.94,353.12
-443743.72,-1172333.14,353.15
-443743.47,-1172333.36,353.17
-443743.23,-1172333.56,353.18
-443743.01,-1172333.75,353.22
-443744.01,-1172332.98,353.07
-443743.64,-1172334.96,353.12
-443744.66,-1172334.55,353.00
-443744.24,-1172335.56,353.10
-443745.02,-1172334.57,353.01
-443743.90,-1172337.27,353.16
-443743.76,-1172337.62,353.18
-443743.63,-1172337.93,353.20
-443746.22,-1172335.87,352.90
-443745.53,-1172337.53,353.07
-443747.23,-1172336.22,352.82
-443747.10,-1172336.53,352.85
-443746.95,-1172336.89,352.86
-443748.16,-1172335.75,352.74
-443747.68,-1172335.71,352.75
-443747.55,-1172336.03,352.80
-443747.41,-1172336.38,352.80
-443747.27,-1172336.71,352.83
-443747.14,-1172337.02,352.89
-443746.99,-1172337.37,352.94
-443746.84,-1172337.73,352.94
-443747.94,-1172336.92,352.79
-443747.66,-1172337.58,352.86
-443747.59,-1172337.12,352.76
-443747.45,-1172337.45,352.79
-443748.60,-1172337.70,352.77
-443749.56,-1172336.50,352.56
-443748.88,-1172338.14,352.66
-443749.86,-1172337.71,352.59
-443749.28,-1172338.15,352.70
-443749.77,-1172337.70,352.59
-443748.69,-1172338.23,352.71
-443749.51,-1172337.49,352.60
-443749.79,-1172337.23,352.59
-443748.30,-1172338.23,352.76
-443748.56,-1172338.00,352.71
-443748.82,-1172337.75,352.68
-443749.29,-1172336.66,352.60
-443749.56,-1172336.42,352.60
-443749.84,-1172336.17,352.56
-443747.73,-1172338.08,352.78
-443747.99,-1172337.85,352.74
-443747.72,-1172337.58,352.79
-443746.62,-1172337.99,352.93
-443746.89,-1172337.74,352.90
-443747.16,-1172337.50,352.88
-443747.41,-1172337.28,352.81
-443747.68,-1172337.03,352.77
-443747.95,-1172336.78,352.70
-443746.19,-1172338.06,352.96
-443746.47,-1172337.81,352.94
-443746.74,-1172337.56,352.90
-443747.28,-1172337.07,352.80
-443747.55,-1172336.81,352.75
-443747.82,-1172336.57,352.73
-443747.07,-1172336.65,352.83
-443747.34,-1172336.41,352.82
-443747.63,-1172336.15,352.77
-443747.90,-1172335.90,352.73
-443745.49,-1172337.72,353.03
-443746.81,-1172336.52,352.88
-443747.09,-1172336.26,352.84
-443747.34,-1172336.03,352.81
-443747.61,-1172335.78,352.77
-443745.23,-1172337.45,353.03
-443746.35,-1172336.17,352.94
-443743.68,-1172338.03,353.19
-443743.96,-1172337.78,353.14
-443744.22,-1172337.54,353.10
-443746.12,-1172335.81,352.94
-443743.57,-1172337.80,353.22
-443743.85,-1172337.55,353.15
-443744.11,-1172337.31,353.11
-443745.75,-1172335.81,352.96
-443746.00,-1172335.58,352.93
-443743.69,-1172337.17,353.16
-443744.21,-1172336.70,353.11
-443746.12,-1172334.96,352.93
-443744.07,-1172336.59,353.15
-443745.94,-1172334.89,352.95
-443744.48,-1172335.66,353.09
-443744.75,-1172335.42,353.05
-443745.01,-1172335.18,353.03
-443745.26,-1172334.95,353.00
-443744.43,-1172335.46,353.08
-443744.69,-1172335.22,353.04
-443744.97,-1172334.96,353.01
-443745.23,-1172334.73,352.99
-443744.05,-1172335.35,353.11
-443744.33,-1172335.10,353.08
-443744.59,-1172334.86,353.03
-443744.87,-1172334.61,353.00
-443745.14,-1172334.36,353.00
-443745.42,-1172334.11,352.97
-443745.69,-1172333.86,352.94
-443743.93,-1172335.23,353.12
-443744.19,-1172334.99,353.10
-443744.45,-1172334.76,353.05
-443744.71,-1172334.51,353.03
-443744.97,-1172334.28,352.99
-443745.24,-1172334.03,352.97
-443745.52,-1172333.78,352.94
-443743.61,-1172334.80,353.13
-443743.46,-1172334.46,353.18
-443744.79,-1172333.25,353.01
-443745.05,-1172333.01,353.01
-443745.34,-1172332.74,352.98
-443743.37,-1172333.91,353.17
-443743.90,-1172333.43,353.11
-443744.16,-1172333.19,353.08
-443744.43,-1172332.94,353.05
-443743.28,-1172333.66,353.16
-443743.56,-1172333.40,353.14
-443743.81,-1172333.17,353.11
-443744.08,-1172332.93,353.08
-443744.33,-1172332.69,353.06
-443743.31,-1172333.91,353.25
-443744.06,-1172332.85,353.09
-443743.80,-1172333.55,353.06
-443743.42,-1172334.61,353.18
-443744.49,-1172333.06,353.10
-443744.34,-1172334.21,353.08
-443744.07,-1172334.94,353.11
-443745.46,-1172332.78,352.99
-443744.94,-1172334.20,353.01
-443744.82,-1172334.54,353.03
-443744.55,-1172335.27,353.09
-443744.05,-1172336.65,353.17
-443743.80,-1172337.33,353.21
-443743.54,-1172338.03,353.21
-443745.35,-1172334.02,352.95
-443744.34,-1172336.78,353.12
-443744.22,-1172337.12,353.11
-443743.96,-1172337.82,353.15
-443743.83,-1172338.18,353.18
-443745.77,-1172334.17,352.93
-443746.07,-1172335.82,352.99
-443745.43,-1172337.55,353.07
-443746.96,-1172336.48,352.88
-443746.45,-1172337.86,352.96
-443747.81,-1172335.79,352.78
-443747.68,-1172336.12,352.78
-443747.29,-1172337.19,352.87
-443747.66,-1172337.01,352.79
-443747.53,-1172337.37,352.81
-443747.86,-1172337.62,352.82
-443747.74,-1172337.96,352.79
-443748.70,-1172335.86,352.73
-443747.94,-1172337.95,352.78
-443747.82,-1172338.29,352.71
-443748.45,-1172337.87,352.73
-443748.61,-1172337.96,352.68
-443749.58,-1172336.41,352.61
-443749.46,-1172336.75,352.61
-443748.94,-1172338.16,352.73
-443749.77,-1172336.48,352.58
-443749.65,-1172336.80,352.55
-443749.91,-1172337.63,352.64
-443743.13,-1172333.48,353.21
-443743.42,-1172333.23,353.17
-443743.70,-1172332.99,353.16
-443743.99,-1172332.76,353.11
-443744.29,-1172332.50,353.01
-443743.98,-1172333.33,353.13
-443744.26,-1172333.09,353.11
-443744.55,-1172332.85,353.08
-443744.53,-1172333.37,353.07
-443744.82,-1172333.13,353.03
-443745.11,-1172332.89,353.03
-443745.39,-1172332.64,353.01
-443743.66,-1172334.75,353.20
-443743.72,-1172335.29,353.18
-443744.00,-1172335.05,353.11
-443744.29,-1172334.81,353.08
-443744.59,-1172334.56,353.05
-443744.87,-1172334.33,353.03
-443745.16,-1172334.08,353.01
-443745.45,-1172333.84,352.98
-443744.00,-1172335.49,353.18
-443744.30,-1172335.24,353.14
-443744.57,-1172335.01,353.10
-443744.86,-1172334.77,353.08
-443745.15,-1172334.53,353.05
-443745.43,-1172334.29,353.03
-443745.70,-1172334.06,353.01
-443744.52,-1172335.48,353.12
-443744.80,-1172335.24,353.08
-443745.08,-1172335.00,353.02
-443745.93,-1172334.29,352.97
-443744.83,-1172335.81,353.10
-443745.95,-1172334.87,353.00
-443743.68,-1172337.37,353.19
-443743.96,-1172337.13,353.17
-443744.25,-1172336.89,353.14
-443745.66,-1172335.70,353.01
-443745.96,-1172335.45,352.97
-443743.43,-1172338.08,353.25
-443743.71,-1172337.86,353.23
-443743.99,-1172337.62,353.20
-443744.30,-1172337.36,353.16
-443746.02,-1172335.91,353.00
-443743.75,-1172338.24,353.22
-443744.05,-1172337.99,353.18
-443746.34,-1172336.06,352.97
-443745.13,-1172337.59,353.10
-443745.45,-1172337.76,353.05
-443745.74,-1172337.51,353.01
-443747.15,-1172336.33,352.84
-443747.73,-1172335.84,352.77
-443748.00,-1172335.62,352.77
-443746.80,-1172337.07,352.92
-443747.37,-1172336.60,352.86
-443747.66,-1172336.35,352.81
-443746.38,-1172337.85,352.97
-443746.68,-1172337.61,352.95
-443746.98,-1172337.35,352.91
-443747.28,-1172337.10,352.83
-443747.54,-1172336.88,352.81
-443748.71,-1172335.90,352.76
-443747.66,-1172338.03,352.81
-443747.98,-1172337.78,352.77
-443749.42,-1172336.56,352.63
-443749.71,-1172336.32,352.60
-443748.30,-1172338.15,352.76
-443748.57,-1172337.92,352.73
-443748.87,-1172337.67,352.71
-443749.72,-1172336.96,352.62
-443748.91,-1172338.10,352.72
-443749.18,-1172337.88,352.70
-443749.47,-1172337.64,352.64
-443749.77,-1172337.39,352.61
