-443830.30,-1172330.48,371.03
-443830.85,-1172330.52,371.01
-443830.59,-1172330.20,371.13
-443831.82,-1172330.16,371.14
-443831.99,-1172330.46,371.03
-443832.06,-1172330.13,371.14
-443832.19,-1172330.47,371.02
-443832.33,-1172330.13,371.14
-443829.31,-1172330.25,371.12
-443828.90,-1172330.68,370.96
-443833.03,-1172330.11,371.15
-443833.28,-1172330.50,371.01
-443828.41,-1172330.26,371.11
-443833.39,-1172330.22,371.11
-443833.59,-1172330.31,371.07
-443828.29,-1172330.68,370.97
-443833.72,-1172330.47,371.02
-443833.72,-1172330.39,371.05
-443827.93,-1172330.66,370.97
-443827.77,-1172330.32,371.10

