-578737.11,-1265836.76,177.61
-578737.28,-1265838.47,177.63
-578737.35,-1265839.01,177.62
-578737.40,-1265840.08,177.62
-578734.13,-1265828.38,177.83
-578734.15,-1265829.50,177.85
-578734.28,-1265830.71,177.85
-578734.45,-1265830.43,177.82
-578734.62,-1265830.17,177.81
-578734.80,-1265829.87,177.78
-578734.97,-1265829.60,177.75
-578735.16,-1265829.31,177.73
-578735.32,-1265829.04,177.70
-578734.21,-1265830.10,177.85
-578734.38,-1265829.82,177.82
-578734.55,-1265829.55,177.80
-578734.73,-1265829.27,177.79
-578735.09,-1265828.69,177.74
-578734.31,-1265831.26,177.85
-578734.47,-1265830.99,177.84
-578734.64,-1265830.72,177.82
-578734.83,-1265830.42,177.80
-578735.00,-1265830.16,177.77
-578735.18,-1265829.87,177.73
-578735.36,-1265829.59,177.70
-578735.71,-1265829.03,177.68
-578735.89,-1265828.73,177.68
-578735.50,-1265828.77,177.70
-578735.68,-1265828.48,177.70
-578734.67,-1265831.31,177.82
-578734.85,-1265831.01,177.81
-578735.02,-1265830.73,177.78
-578735.20,-1265830.45,177.73
-578735.38,-1265830.17,177.72
-578735.55,-1265829.90,177.69
-578735.73,-1265829.62,177.68
-578735.92,-1265829.32,177.67
-578736.08,-1265829.05,177.66
-578734.48,-1265832.12,177.83
-578734.65,-1265831.84,177.82
-578734.83,-1265831.56,177.81
-578735.00,-1265831.28,177.80
-578735.19,-1265830.99,177.77
-578735.36,-1265830.73,177.73
-578735.53,-1265830.45,177.72
-578735.72,-1265830.16,177.69
-578735.90,-1265829.87,177.67
-578734.57,-1265833.38,177.85
-578734.75,-1265833.10,177.83
-578734.93,-1265832.81,177.81
-578735.10,-1265832.54,177.80
-578735.28,-1265832.25,177.78
-578735.46,-1265831.98,177.75
-578735.63,-1265831.71,177.72
-578735.81,-1265831.42,177.69
-578734.55,-1265832.80,177.83
-578734.72,-1265832.54,177.82
-578734.90,-1265832.24,177.81
-578735.08,-1265831.97,177.79
-578735.26,-1265831.68,177.76
-578735.43,-1265831.41,177.73
-578735.60,-1265831.13,177.71
-578735.97,-1265830.55,177.66
-578736.14,-1265830.28,177.64
-578734.75,-1265833.68,177.84
-578734.93,-1265833.38,177.82
-578735.10,-1265833.11,177.81
-578735.28,-1265832.83,177.78
-578735.46,-1265832.55,177.75
-578735.63,-1265832.28,177.72
-578736.00,-1265831.70,177.68
-578736.17,-1265831.43,177.64
-578736.17,-1265830.85,177.64
-578734.76,-1265834.24,177.86
-578735.12,-1265833.68,177.82
-578735.31,-1265833.38,177.78
-578735.47,-1265833.12,177.76
-578735.64,-1265832.85,177.73
-578735.83,-1265832.55,177.71
-578736.19,-1265831.99,177.66
-578736.37,-1265831.69,177.63
-578735.55,-1265833.74,177.78
-578735.90,-1265833.18,177.72
-578736.27,-1265832.61,177.66
-578736.44,-1265832.32,177.63
-578734.87,-1265835.40,177.84
-578735.05,-1265835.11,177.82
-578735.57,-1265834.27,177.79
-578735.93,-1265833.72,177.72
-578736.28,-1265833.16,177.66
-578736.46,-1265832.86,177.66
-578734.91,-1265835.98,177.83
-578735.09,-1265835.70,177.80
-578735.26,-1265835.43,177.79
-578735.45,-1265835.13,177.78
-578735.61,-1265834.87,177.76
-578736.51,-1265833.45,177.66
-578735.09,-1265836.24,177.83
-578735.26,-1265835.96,177.80
-578735.45,-1265835.67,177.77
-578735.61,-1265835.41,177.76
-578735.79,-1265835.13,177.76
-578735.97,-1265834.84,177.73
-578735.12,-1265836.81,177.83
-578735.29,-1265836.53,177.80
-578735.48,-1265836.25,177.78
-578735.64,-1265835.98,177.77
-578735.82,-1265835.70,177.74
-578736.00,-1265835.41,177.68
-578736.18,-1265835.12,177.67
-578736.36,-1265834.85,177.67
-578735.26,-1265837.98,177.81
-578735.43,-1265837.72,177.79
-578735.61,-1265837.43,177.78
-578735.78,-1265837.15,177.75
-578735.95,-1265836.88,177.73
-578736.13,-1265836.60,177.68
-578736.32,-1265836.30,177.66
-578736.49,-1265836.03,177.65
-578736.67,-1265835.75,177.62
-578736.86,-1265835.44,177.61
-578735.18,-1265837.37,177.83
-578735.35,-1265837.11,177.79
-578735.54,-1265836.81,177.78
-578735.71,-1265836.54,177.76
-578735.87,-1265836.28,177.75
-578736.06,-1265835.98,177.70
-578736.25,-1265835.69,177.67
-578736.41,-1265835.42,177.66
-578736.60,-1265835.13,177.65
-578736.79,-1265834.83,177.63
-578735.24,-1265838.50,177.84
-578735.41,-1265838.22,177.82
-578735.60,-1265837.93,177.79
-578735.76,-1265837.67,177.78
-578735.94,-1265837.39,177.76
-578736.12,-1265837.10,177.72
-578736.30,-1265836.81,177.68
-578736.48,-1265836.54,177.66
-578736.66,-1265836.24,177.64
-578736.84,-1265835.96,177.61
-578737.02,-1265835.66,177.59
-578735.28,-1265839.08,177.85
-578735.46,-1265838.81,177.82
-578735.64,-1265838.52,177.81
-578735.81,-1265838.25,177.78
-578735.98,-1265837.98,177.76
-578736.17,-1265837.69,177.73
-578736.35,-1265837.40,177.69
-578736.52,-1265837.13,177.68
-578736.70,-1265836.83,177.65
-578736.89,-1265836.55,177.63
-578735.32,-1265839.59,177.84
-578735.49,-1265839.32,177.82
-578735.67,-1265839.03,177.81
-578735.85,-1265838.75,177.80
-578736.02,-1265838.49,177.77
-578736.20,-1265838.20,177.74
-578736.38,-1265837.90,177.72
-578736.74,-1265837.34,177.66
-578736.92,-1265837.06,177.64
-578735.98,-1265839.90,177.77
-578735.58,-1265839.92,177.82
-578735.75,-1265839.63,177.81
-578735.93,-1265839.35,177.78
-578736.10,-1265839.08,177.76
-578736.47,-1265838.50,177.70
-578736.64,-1265838.23,177.68
-578736.37,-1265839.90,177.74
-578736.56,-1265839.60,177.69
-578736.73,-1265839.34,177.66
-578736.91,-1265839.04,177.65
-578737.10,-1265838.75,177.63
-578736.15,-1265839.63,177.76
-578736.34,-1265839.33,177.72
-578736.52,-1265839.05,177.69
-578736.69,-1265838.78,177.68
-578736.88,-1265838.48,177.65
-578736.80,-1265839.89,177.68
-578736.98,-1265839.60,177.66
-578737.16,-1265839.31,177.63
-578736.99,-1265840.14,177.66
-578737.18,-1265839.85,177.63
-578735.37,-1265828.47,177.71
-578735.01,-1265828.64,177.75
-578735.43,-1265828.46,177.72
-578735.08,-1265828.61,177.75
-578735.28,-1265828.98,177.71
-578734.95,-1265829.13,177.75
-578734.60,-1265829.29,177.80
-578734.26,-1265829.45,177.85
-578735.66,-1265828.74,177.69
-578734.98,-1265829.06,177.75
-578734.64,-1265829.21,177.81
-578734.30,-1265829.37,177.85
-578735.82,-1265829.05,177.68
-578735.54,-1265829.19,177.69
-578735.18,-1265829.35,177.73
-578734.83,-1265829.51,177.77
-578734.52,-1265829.65,177.81
-578734.16,-1265829.81,177.84
-578734.96,-1265829.61,177.75
-578734.62,-1265829.76,177.80
-578734.30,-1265829.91,177.83
-578735.94,-1265829.16,177.67
-578735.32,-1265829.44,177.70
-578736.15,-1265829.34,177.65
-578735.78,-1265829.51,177.67
-578735.47,-1265829.65,177.69
-578735.14,-1265829.80,177.74
-578734.79,-1265829.96,177.77
-578734.45,-1265830.12,177.83
-578734.13,-1265830.27,177.85
-578735.85,-1265829.53,177.67
-578735.52,-1265829.68,177.69
-578735.20,-1265829.83,177.73
-578734.87,-1265829.98,177.77
-578734.54,-1265830.13,177.82
-578734.19,-1265830.29,177.85
-578736.05,-1265829.79,177.65
-578735.74,-1265829.94,177.68
-578735.39,-1265830.09,177.71
-578735.08,-1265830.24,177.76
-578734.75,-1265830.39,177.81
-578734.40,-1265830.55,177.83
-578735.57,-1265830.28,177.70
-578735.22,-1265830.44,177.73
-578734.89,-1265830.59,177.79
-578734.59,-1265830.73,177.82
-578734.23,-1265830.90,177.85
-578735.36,-1265830.45,177.72
-578735.01,-1265830.62,177.78
-578734.68,-1265830.77,177.82
-578734.37,-1265830.91,177.84
-578736.18,-1265830.35,177.65
-578735.85,-1265830.49,177.68
-578735.52,-1265830.65,177.72
-578735.19,-1265830.80,177.77
-578734.83,-1265830.96,177.82
-578734.53,-1265831.10,177.83
-578735.99,-1265830.61,177.66
-578735.36,-1265830.90,177.72
-578735.03,-1265831.05,177.78
-578734.69,-1265831.21,177.82
-578736.20,-1265830.92,177.63
-578735.57,-1265831.21,177.71
-578735.21,-1265831.38,177.77
-578734.89,-1265831.52,177.81
-578734.54,-1265831.69,177.83
-578736.31,-1265830.88,177.62
-578735.98,-1265831.03,177.66
-578735.67,-1265831.18,177.69
-578735.34,-1265831.33,177.74
-578734.99,-1265831.49,177.80
-578734.67,-1265831.64,177.82
-578736.13,-1265831.32,177.66
-578735.84,-1265831.46,177.69
-578735.53,-1265831.60,177.72
-578735.21,-1265831.75,177.77
-578734.87,-1265831.91,177.81
-578734.54,-1265832.06,177.83
-578736.01,-1265831.52,177.66
-578735.69,-1265831.67,177.70
-578735.38,-1265831.81,177.75
-578735.05,-1265831.96,177.79
-578734.71,-1265832.12,177.82
-578734.37,-1265832.27,177.84
-578736.20,-1265831.84,177.66
-578735.59,-1265832.12,177.72
-578735.28,-1265832.26,177.78
-578734.95,-1265832.41,177.81
-578734.61,-1265832.57,177.84
-578736.40,-1265831.77,177.63
-578736.04,-1265831.94,177.68
-578735.73,-1265832.08,177.70
-578735.40,-1265832.23,177.75
-578735.09,-1265832.38,177.80
-578734.76,-1265832.53,177.82
-578734.42,-1265832.69,177.84
-578736.28,-1265832.25,177.66
-578735.64,-1265832.55,177.72
-578735.31,-1265832.70,177.78
-578734.99,-1265832.85,177.81
-578734.67,-1265832.99,177.83
-578735.48,-1265832.73,177.75
-578735.15,-1265832.88,177.80
-578735.81,-1265832.58,177.72
-578736.36,-1265832.79,177.66
-578735.72,-1265833.09,177.73
-578735.39,-1265833.24,177.78
-578735.08,-1265833.38,177.82
-578734.75,-1265833.53,177.84
-578735.85,-1265833.02,177.72
-578735.49,-1265833.19,177.77
-578735.18,-1265833.33,177.81
-578734.86,-1265833.48,177.83
-578736.36,-1265833.12,177.66
-578736.08,-1265833.26,177.68
-578735.37,-1265833.59,177.79
-578735.05,-1265833.73,177.82
-578734.73,-1265833.88,177.86
-578736.60,-1265833.20,177.62
-578736.28,-1265833.34,177.67
-578735.93,-1265833.50,177.73
-578734.60,-1265834.12,177.86
-578736.43,-1265833.65,177.66
-578735.10,-1265834.26,177.82
-578734.79,-1265834.41,177.86
-578736.69,-1265833.68,177.63
-578735.68,-1265834.15,177.76
-578735.34,-1265834.30,177.80
-578735.93,-1265834.28,177.72
-578735.07,-1265834.96,177.82
-578735.97,-1265834.85,177.73
-578735.66,-1265835.00,177.76
-578735.30,-1265835.16,177.80
-578734.95,-1265835.32,177.82
-578736.58,-1265834.90,177.66
-578736.23,-1265835.06,177.68
-578735.88,-1265835.23,177.75
-578735.56,-1265835.37,177.77
-578735.21,-1265835.54,177.80
-578734.87,-1265835.69,177.83
-578736.72,-1265834.93,177.65
-578736.39,-1265835.08,177.67
-578736.04,-1265835.25,177.69
-578735.70,-1265835.40,177.75
-578735.38,-1265835.55,177.77
-578735.01,-1265835.72,177.82
-578734.68,-1265835.87,177.84
-578736.63,-1265835.37,177.64
-578736.33,-1265835.51,177.67
-578735.96,-1265835.68,177.70
-578735.61,-1265835.84,177.76
-578735.29,-1265835.99,177.80
-578734.95,-1265836.15,177.83
-578736.77,-1265835.42,177.64
-578736.45,-1265835.56,177.66
-578736.13,-1265835.71,177.68
-578735.78,-1265835.87,177.75
-578735.44,-1265836.03,177.78
-578735.11,-1265836.18,177.82
-578736.71,-1265835.95,177.64
-578736.39,-1265836.10,177.66
-578736.06,-1265836.25,177.71
-578735.70,-1265836.41,177.76
-578735.37,-1265836.57,177.78
-578735.06,-1265836.71,177.83
-578736.85,-1265835.95,177.61
-578736.50,-1265836.11,177.65
-578736.18,-1265836.26,177.68
-578735.86,-1265836.41,177.74
-578735.52,-1265836.57,177.78
-578735.15,-1265836.73,177.83
-578734.84,-1265836.88,177.84
-578736.72,-1265836.31,177.63
-578736.39,-1265836.46,177.67
-578736.05,-1265836.62,177.71
-578735.73,-1265836.76,177.75
-578735.38,-1265836.92,177.79
-578736.91,-1265836.57,177.63
-578736.60,-1265836.72,177.66
-578736.25,-1265836.88,177.69
-578735.92,-1265837.03,177.75
-578735.62,-1265837.17,177.78
-578735.26,-1265837.34,177.82
-578737.09,-1265836.63,177.61
-578736.74,-1265836.79,177.64
-578736.42,-1265836.94,177.68
-578736.08,-1265837.10,177.72
-578735.75,-1265837.25,177.78
-578735.44,-1265837.40,177.80
-578735.08,-1265837.56,177.84
-578736.96,-1265837.01,177.62
-578736.60,-1265837.17,177.67
-578736.27,-1265837.32,177.71
-578735.94,-1265837.47,177.75
-578735.60,-1265837.63,177.78
-578735.27,-1265837.78,177.82
-578737.12,-1265837.15,177.61
-578736.80,-1265837.30,177.64
-578736.47,-1265837.45,177.68
-578736.14,-1265837.60,177.73
-578735.78,-1265837.77,177.78
-578735.46,-1265837.91,177.80
-578735.14,-1265838.06,177.84
-578736.34,-1265837.93,177.72
-578736.03,-1265838.08,177.75
-578735.67,-1265838.24,177.79
-578735.34,-1265838.39,177.83
-578736.52,-1265837.98,177.69
-578736.17,-1265838.14,177.75
-578735.84,-1265838.29,177.78
-578735.51,-1265838.44,177.81
-578735.17,-1265838.60,177.85
-578736.70,-1265838.22,177.67
-578736.38,-1265838.37,177.71
-578736.03,-1265838.53,177.76
-578735.70,-1265838.68,177.81
-578735.36,-1265838.84,177.84
-578736.86,-1265838.26,177.66
-578736.53,-1265838.42,177.70
-578736.19,-1265838.57,177.74
-578735.85,-1265838.73,177.79
-578735.53,-1265838.87,177.82
-578735.18,-1265839.04,177.86
-578737.08,-1265838.68,177.63
-578736.76,-1265838.83,177.67
-578736.44,-1265838.98,177.72
-578736.11,-1265839.13,177.76
-578735.76,-1265839.29,177.81
-578735.44,-1265839.44,177.82
-578737.22,-1265838.74,177.62
-578736.90,-1265838.89,177.64
-578736.57,-1265839.04,177.68
-578736.25,-1265839.19,177.74
-578735.93,-1265839.34,177.78
-578735.58,-1265839.50,177.82
-578735.25,-1265839.65,177.85
-578737.40,-1265838.94,177.61
-578737.07,-1265839.09,177.63
-578736.77,-1265839.24,177.65
-578736.43,-1265839.39,177.71
-578736.10,-1265839.54,177.76
-578735.78,-1265839.69,177.80
-578735.42,-1265839.85,177.83
-578736.94,-1265839.41,177.65
-578736.61,-1265839.56,177.67
-578736.30,-1265839.71,177.74
-578735.96,-1265839.86,177.77
-578735.64,-1265840.01,177.82
-578737.17,-1265839.71,177.63
-578736.82,-1265839.87,177.68
-578736.49,-1265840.02,177.72
-578737.41,-1265839.90,177.62
-578737.05,-1265840.07,177.65
-578737.20,-1265840.16,177.64
-578737.35,-1265840.18,177.62
-578737.02,-1265839.80,177.65
-578736.65,-1265839.97,177.69
-578737.07,-1265839.41,177.64
-578736.72,-1265839.58,177.67
-578736.31,-1265839.78,177.75
