-443833.51,-1172310.32,354.75
-443833.23,-1172310.10,354.94
-443833.36,-1172311.62,353.82
-443833.76,-1172311.33,353.98
-443833.95,-1172311.60,353.80
-443833.29,-1172309.77,355.17
-443833.71,-1172309.95,355.00
-443833.41,-1172311.77,353.73
-443833.71,-1172311.85,353.66
-443833.56,-1172309.24,355.44
-443833.15,-1172309.33,355.44
-443833.41,-1172312.58,353.16
-443833.68,-1172312.24,353.36
-443832.81,-1172309.06,355.64
-443833.60,-1172309.10,355.49
-443833.45,-1172312.67,353.09
-443832.77,-1172309.06,355.64
-443832.52,-1172308.79,356.05
-443833.96,-1172312.64,353.06
-443833.58,-1172308.87,355.60
-443833.85,-1172308.90,355.54
-443833.91,-1172308.86,355.60
-443834.13,-1172308.85,355.59
-443833.95,-1172312.71,353.02
-443833.66,-1172312.91,352.84
-443832.51,-1172308.49,356.37
-443834.22,-1172308.85,355.59
-443834.39,-1172312.74,352.92
-443834.21,-1172312.90,352.82
-443835.60,-1172310.73,354.14
-443835.50,-1172310.30,354.60
-443834.96,-1172312.28,353.25
-443835.21,-1172312.07,353.36
-443832.59,-1172308.31,356.48
-443834.68,-1172312.84,352.81
-443835.94,-1172310.42,354.37
-443834.88,-1172313.05,352.66
-443834.48,-1172308.63,355.75
-443835.61,-1172312.05,353.30
-443835.12,-1172312.72,352.83
-443832.75,-1172308.21,356.60
-443834.37,-1172313.33,352.54
-443836.19,-1172310.10,354.61
-443835.91,-1172309.97,354.76
-443832.83,-1172308.10,356.64
-443836.06,-1172310.79,354.10
-443836.10,-1172310.35,354.38
-443833.72,-1172308.00,356.67
-443833.64,-1172307.98,356.66
-443835.85,-1172309.51,355.14
-443834.66,-1172313.62,352.39
-443832.92,-1172307.99,356.73
-443834.78,-1172308.28,356.03
-443833.09,-1172307.90,356.76
-443835.87,-1172312.20,353.19
-443835.87,-1172309.49,355.15
-443835.31,-1172312.87,352.73
-443833.97,-1172308.04,356.57
-443833.33,-1172307.69,356.83
-443835.98,-1172312.42,353.02
-443836.44,-1172310.66,354.13
-443834.90,-1172313.47,352.37
-443834.18,-1172307.60,356.76
-443835.69,-1172312.74,352.73
-443834.77,-1172307.86,356.49
-443836.37,-1172309.97,354.75
-443835.74,-1172312.73,352.73
-443833.73,-1172314.02,352.23
-443833.90,-1172313.89,352.24
-443834.84,-1172313.55,352.36
-443834.72,-1172313.62,352.37
-443834.61,-1172313.75,352.32
-443834.42,-1172313.89,352.22
-443835.89,-1172312.65,352.81
-443836.29,-1172309.51,355.09
-443835.08,-1172313.46,352.40
-443833.50,-1172314.15,352.20
-443836.43,-1172309.89,354.84
-443834.35,-1172313.97,352.21
-443834.23,-1172307.52,356.82
-443836.38,-1172309.58,355.04
-443834.76,-1172307.56,356.69
-443833.36,-1172314.25,352.18
-443835.31,-1172313.59,352.38
-443836.30,-1172312.31,353.06
-443836.26,-1172312.73,352.73
-443836.40,-1172312.24,353.13
-443833.13,-1172314.21,352.18
-443835.33,-1172313.79,352.27
-443832.99,-1172314.28,352.15
-443832.73,-1172314.33,352.12
-443834.38,-1172307.36,356.87
-443832.60,-1172314.36,352.12
-443836.76,-1172312.35,353.06
-443832.28,-1172314.42,352.12
-443835.67,-1172313.86,352.25
-443834.68,-1172307.42,356.80
-443833.20,-1172307.06,357.18
-443833.03,-1172307.11,357.18
-443836.46,-1172312.79,352.68
-443836.21,-1172308.40,355.85
-443836.04,-1172308.27,355.94
-443833.30,-1172306.89,357.22
-443831.80,-1172314.33,352.18
-443832.81,-1172306.94,357.19
-443836.55,-1172308.50,355.69
-443836.02,-1172308.05,356.21
-443836.59,-1172312.75,352.71
-443836.88,-1172312.36,353.04
-443833.61,-1172306.93,357.18
-443833.78,-1172306.80,357.22
-443836.48,-1172307.91,356.32
-443832.56,-1172306.97,357.22
-443832.22,-1172307.06,357.18
-443832.00,-1172306.98,357.22
-443831.52,-1172314.43,352.18
-443831.20,-1172314.48,352.18
-443833.90,-1172306.74,357.19
-443836.69,-1172312.83,352.65
-443835.85,-1172313.84,352.23
-443832.43,-1172306.88,357.22
-443836.90,-1172308.78,355.42
-443837.07,-1172308.88,355.36
-443836.12,-1172313.68,352.28
-443836.69,-1172308.56,355.55
-443836.84,-1172308.69,355.46
-443834.12,-1172306.78,357.16
-443834.35,-1172306.78,357.16
-443834.58,-1172306.77,357.19
-443831.58,-1172306.98,357.20
-443831.00,-1172314.38,352.20
-443831.14,-1172314.44,352.18
-443837.65,-1172310.49,354.26
-443837.39,-1172310.84,353.95
-443831.10,-1172307.12,357.19
-443830.92,-1172307.29,357.13
-443837.12,-1172312.79,352.58
-443836.32,-1172313.82,352.22
-443834.76,-1172306.64,357.21
-443831.48,-1172306.96,357.21
-443830.74,-1172314.39,352.19
-443831.17,-1172307.09,357.19
-443837.87,-1172310.76,354.00
-443830.59,-1172307.17,357.16
-443837.34,-1172308.77,355.35
-443830.61,-1172314.49,352.18
-443835.13,-1172306.66,357.20
-443836.35,-1172313.88,352.21
-443836.51,-1172313.85,352.22
-443828.94,-1172308.95,356.28
-443829.01,-1172309.24,356.08
-443836.60,-1172307.93,356.31
-443837.39,-1172308.76,355.35
-443836.71,-1172313.83,352.23
-443830.50,-1172307.12,357.16
-443836.80,-1172313.75,352.25
-443836.91,-1172313.68,352.28
-443836.67,-1172307.47,356.68
-443837.03,-1172313.56,352.30
-443830.45,-1172314.58,352.15
-443830.19,-1172314.57,352.15
-443835.56,-1172306.59,357.20
-443835.35,-1172306.56,357.21
-443837.26,-1172313.51,352.28
-443830.22,-1172307.18,357.19
-443828.65,-1172309.46,356.01
-443837.95,-1172311.75,353.38
-443837.97,-1172312.16,353.09
-443830.12,-1172307.21,357.18
-443837.62,-1172308.73,355.35
-443835.64,-1172306.63,357.19
-443835.76,-1172306.65,357.19
-443837.87,-1172308.67,355.39
-443835.97,-1172306.56,357.19
-443828.53,-1172309.75,355.64
-443828.49,-1172309.78,355.56
-443830.07,-1172314.60,352.16
-443828.44,-1172309.84,355.50
-443838.35,-1172311.78,353.30
-443829.82,-1172307.22,357.18
-443828.31,-1172310.32,355.11
-443828.33,-1172310.02,355.36
-443829.86,-1172314.72,352.15
-443828.28,-1172310.35,355.11
-443829.62,-1172307.35,357.15
-443838.09,-1172312.30,352.94
-443837.54,-1172313.70,352.22
-443828.73,-1172308.64,356.57
-443836.96,-1172307.50,356.62
-443837.10,-1172307.52,356.55
-443838.05,-1172308.70,355.39
-443828.17,-1172310.62,354.87
-443828.00,-1172310.66,354.85
-443829.45,-1172307.40,357.14
-443836.09,-1172306.52,357.19
-443827.77,-1172310.64,354.94
-443837.26,-1172307.44,356.54
-443828.57,-1172308.58,356.55
-443838.21,-1172312.34,352.93
-443829.62,-1172314.66,352.15
-443837.46,-1172307.33,356.55
-443837.35,-1172307.31,356.68
-443838.08,-1172308.71,355.39
-443836.48,-1172306.41,357.16
-443837.12,-1172306.94,356.90
-443836.80,-1172306.83,356.97
-443837.78,-1172313.50,352.25
-443838.30,-1172309.31,355.03
-443838.52,-1172309.58,354.82
-443829.17,-1172307.41,357.09
-443829.47,-1172314.65,352.15
-443838.49,-1172312.22,353.00
-443837.10,-1172307.04,356.89
-443836.72,-1172306.52,357.09
-443838.31,-1172308.80,355.38
-443838.21,-1172313.64,352.21
-443838.43,-1172309.01,355.24
-443829.11,-1172307.38,357.09
-443829.03,-1172307.38,357.09
-443828.26,-1172308.43,356.50
-443828.86,-1172307.46,357.02
-443828.45,-1172307.93,356.76
-443828.61,-1172307.67,356.89
-443829.26,-1172314.70,352.14
-443829.11,-1172314.69,352.14
-443838.75,-1172309.67,354.76
-443828.39,-1172307.98,356.66
-443838.61,-1172308.97,355.28
-443828.20,-1172308.24,356.50
-443828.23,-1172308.13,356.53
-443838.55,-1172308.59,355.53
-443827.56,-1172310.16,355.32
-443827.48,-1172310.11,355.34
-443827.33,-1172309.89,355.55
-443827.57,-1172310.22,355.27
-443838.91,-1172309.59,354.81
-443828.73,-1172314.67,352.16
-443838.47,-1172308.34,355.69
-443838.35,-1172308.27,355.76
-443838.37,-1172313.65,352.21
-443838.59,-1172308.06,355.87
-443827.19,-1172309.87,355.54
-443839.00,-1172309.18,355.17
-443827.02,-1172309.74,355.67
-443838.57,-1172313.69,352.18
-443838.61,-1172307.93,355.89
-443828.50,-1172314.77,352.16
-443838.68,-1172313.65,352.18
-443838.78,-1172313.59,352.18
-443838.94,-1172307.99,355.87
-443839.04,-1172313.37,352.27
-443839.10,-1172307.97,355.86
-443828.39,-1172314.87,352.14
-443826.88,-1172309.62,355.78
-443839.27,-1172307.99,355.86
-443828.10,-1172314.77,352.17
-443828.18,-1172314.79,352.17
-443839.31,-1172313.28,352.28
-443827.98,-1172314.70,352.19
-443839.48,-1172313.41,352.21
-443826.80,-1172309.49,355.85
-443826.78,-1172309.44,355.88
-443827.74,-1172314.66,352.19
-443827.64,-1172314.63,352.23
-443826.73,-1172309.30,355.89
-443839.43,-1172307.94,355.86
-443839.55,-1172307.95,355.84
-443839.68,-1172307.99,355.84
-443826.64,-1172309.30,355.89
-443839.52,-1172313.47,352.20
-443839.96,-1172313.59,352.16
-443839.66,-1172313.46,352.22
-443826.44,-1172309.37,355.89
-443826.40,-1172309.38,355.89
-443827.29,-1172314.80,352.19
-443839.93,-1172307.92,355.84
-443826.17,-1172309.39,355.91
-443839.99,-1172307.88,355.86
-443827.13,-1172314.83,352.19
-443840.17,-1172313.41,352.21
-443840.25,-1172313.32,352.21
-443840.32,-1172307.93,355.82
-443840.25,-1172307.91,355.82
-443840.84,-1172308.89,355.16
-443840.41,-1172308.82,355.20
-443825.88,-1172309.47,355.89
-443840.51,-1172308.44,355.48
-443840.57,-1172313.30,352.22
-443826.85,-1172314.86,352.19
-443826.64,-1172314.85,352.20
-443840.86,-1172310.30,354.02
-443840.95,-1172310.36,353.95
-443840.85,-1172309.83,354.43
-443840.87,-1172309.70,354.58
-443841.11,-1172309.50,354.69
-443825.72,-1172309.51,355.88
-443841.36,-1172309.88,354.37
-443841.12,-1172311.17,353.45
-443841.16,-1172311.21,353.41
-443841.12,-1172310.78,353.67
-443825.57,-1172309.49,355.88
-443825.30,-1172309.44,355.84
-443826.49,-1172315.01,352.14
-443840.78,-1172313.33,352.21
-443840.89,-1172308.54,355.33
-443840.63,-1172307.83,355.75
-443840.73,-1172307.87,355.73
-443840.85,-1172307.98,355.67
-443841.22,-1172310.46,353.85
-443840.84,-1172313.36,352.21
-443840.70,-1172307.73,355.74
-443841.35,-1172310.42,353.88
-443841.13,-1172308.21,355.50
-443841.36,-1172311.27,353.37
-443841.55,-1172310.85,353.64
-443826.26,-1172314.89,352.20
-443841.46,-1172310.27,353.98
-443825.15,-1172309.59,355.78
-443826.00,-1172314.82,352.22
-443841.26,-1172308.26,355.43
-443841.14,-1172309.34,354.87
-443841.46,-1172309.05,354.98
-443825.03,-1172309.88,355.62
-443841.20,-1172313.38,352.16
-443824.97,-1172309.97,355.56
-443824.92,-1172310.18,355.43
-443825.84,-1172314.93,352.20
-443841.44,-1172308.55,355.26
-443841.60,-1172308.62,355.16
-443841.63,-1172309.40,354.75
-443824.71,-1172310.34,355.34
-443841.44,-1172313.30,352.21
-443825.76,-1172315.01,352.16
-443825.61,-1172315.04,352.14
-443824.62,-1172310.35,355.31
-443841.70,-1172313.10,352.28
-443841.91,-1172308.68,355.07
-443824.42,-1172310.51,355.20
-443842.04,-1172308.91,355.01
-443841.87,-1172313.11,352.24
-443824.27,-1172310.64,355.16
-443824.21,-1172311.05,354.95
-443824.16,-1172310.91,355.06
-443825.26,-1172315.05,352.14
-443824.19,-1172310.77,355.11
-443824.25,-1172312.08,354.14
-443824.08,-1172311.76,354.39
-443842.09,-1172313.28,352.22
-443824.14,-1172311.28,354.75
-443842.39,-1172310.63,353.78
-443842.55,-1172310.41,353.87
-443842.38,-1172311.05,353.46
-443842.51,-1172310.88,353.57
-443824.14,-1172312.23,354.00
-443842.40,-1172309.58,354.50
-443842.35,-1172309.47,354.55
-443825.01,-1172315.01,352.20
-443842.27,-1172308.93,354.98
-443842.34,-1172309.04,354.95
-443824.09,-1172311.36,354.72
-443842.15,-1172313.23,352.23
-443842.56,-1172310.00,354.14
-443842.19,-1172313.18,352.24
-443842.58,-1172311.36,353.22
-443823.97,-1172311.67,354.48
-443842.53,-1172310.87,353.59
-443824.72,-1172314.95,352.23
-443842.56,-1172310.40,353.88
-443842.63,-1172310.32,353.96
-443823.95,-1172311.48,354.68
-443824.02,-1172312.51,353.83
-443842.57,-1172312.72,352.37
-443842.52,-1172312.52,352.48
-443842.53,-1172313.15,352.24
-443823.91,-1172311.56,354.61
-443824.16,-1172312.63,353.74
-443842.74,-1172311.66,352.99
-443842.61,-1172311.90,352.91
-443823.99,-1172313.03,353.44
-443842.67,-1172312.29,352.61
-443842.69,-1172312.96,352.26
-443824.01,-1172313.46,353.17
-443824.20,-1172313.88,352.78
-443824.12,-1172313.97,352.75
-443824.49,-1172315.19,352.15
-443824.02,-1172314.14,352.66
-443824.09,-1172314.18,352.61
-443842.71,-1172313.23,352.21
-443824.20,-1172314.44,352.44
-443842.80,-1172313.04,352.24
-443842.78,-1172313.20,352.20
-443824.19,-1172314.58,352.40
-443824.33,-1172315.04,352.21
-443824.24,-1172314.73,352.30
-443824.19,-1172314.92,352.25

