-443839.69,-1172304.21,353.79
-443839.83,-1172303.97,353.62
-443839.57,-1172304.35,353.84
-443839.24,-1172304.26,353.78
-443840.00,-1172303.76,353.41
-443839.22,-1172304.24,353.78
-443838.94,-1172304.11,353.72
-443839.92,-1172303.33,352.98
-443839.36,-1172305.37,354.45
-443839.07,-1172305.04,354.12
-443839.80,-1172303.19,352.88
-443839.27,-1172305.55,354.62
-443839.02,-1172303.76,353.37
-443839.01,-1172303.55,353.05
-443838.87,-1172304.98,354.11
-443839.64,-1172303.13,352.88
-443840.72,-1172303.34,353.08
-443841.00,-1172303.37,353.13
-443838.99,-1172303.40,352.90
-443838.51,-1172304.19,353.73
-443838.51,-1172304.15,353.73
-443840.58,-1172303.01,352.89
-443839.39,-1172303.23,352.88
-443838.73,-1172303.61,353.10
-443838.67,-1172303.83,353.40
-443840.81,-1172302.81,352.74
-443839.49,-1172302.97,352.72
-443839.09,-1172303.23,352.82
-443838.95,-1172303.06,352.72
-443838.65,-1172305.19,354.24
-443838.45,-1172305.10,354.13
-443838.40,-1172304.61,353.88
-443839.01,-1172305.76,354.82
-443838.89,-1172305.95,354.98
-443838.36,-1172305.08,354.10
-443838.28,-1172304.81,353.98
-443838.40,-1172303.41,352.96
-443839.31,-1172302.76,352.57
-443841.77,-1172303.97,353.66
-443841.76,-1172303.77,353.59
-443841.15,-1172302.91,352.85
-443841.90,-1172304.14,353.81
-443842.01,-1172304.39,354.00
-443840.99,-1172302.84,352.79
-443841.87,-1172304.70,354.09
-443841.80,-1172304.98,354.27
-443841.62,-1172305.32,354.47
-443841.81,-1172305.09,354.32
-443841.78,-1172303.41,353.21
-443841.03,-1172302.85,352.79
-443841.86,-1172305.07,354.32
-443842.00,-1172304.47,354.05
-443842.04,-1172304.41,353.98
-443841.69,-1172305.62,354.78
-443841.48,-1172305.91,355.01
-443838.19,-1172303.52,353.20
-443841.81,-1172303.38,353.19
-443841.37,-1172305.96,355.06
-443841.27,-1172306.29,355.21
-443838.16,-1172303.46,353.07
-443838.41,-1172305.85,354.87
-443838.35,-1172305.94,354.99
-443838.69,-1172306.00,355.01
-443841.86,-1172305.60,354.73
-443841.88,-1172303.24,353.10
-443841.11,-1172306.60,355.33
-443841.90,-1172303.14,353.06
-443838.17,-1172306.05,355.12
-443838.18,-1172303.04,352.68
-443841.87,-1172303.00,352.99
-443838.97,-1172302.33,352.43
-443839.38,-1172302.23,352.40
-443841.62,-1172302.62,352.71
-443837.98,-1172302.82,352.52
-443840.72,-1172301.92,352.34
-443840.41,-1172301.95,352.33
-443841.70,-1172302.51,352.68
-443840.97,-1172306.76,355.49
-443840.93,-1172306.96,355.59
-443840.35,-1172301.90,352.29
-443839.68,-1172301.77,352.25
-443839.45,-1172301.89,352.25
-443839.42,-1172306.88,355.56
-443839.28,-1172306.87,355.50
-443840.22,-1172301.80,352.27
-443838.71,-1172302.12,352.36
-443839.30,-1172301.87,352.26
-443839.55,-1172307.24,355.81
-443840.12,-1172301.56,352.18
-443840.06,-1172301.66,352.24
-443841.72,-1172302.37,352.57
-443837.95,-1172302.77,352.50
-443838.35,-1172302.30,352.42
-443838.57,-1172302.10,352.39
-443837.90,-1172302.71,352.47
-443838.26,-1172306.40,355.35
-443839.68,-1172307.30,355.82
-443840.03,-1172307.10,355.72
-443838.67,-1172302.11,352.38
-443840.75,-1172306.97,355.61
-443838.17,-1172302.46,352.42
-443840.27,-1172307.13,355.74
-443840.96,-1172301.72,352.29
-443838.11,-1172302.49,352.42
-443841.57,-1172302.09,352.45
-443840.52,-1172307.17,355.75
-443840.58,-1172307.24,355.73
-443839.05,-1172307.08,355.67
-443838.38,-1172306.73,355.56
-443841.06,-1172301.73,352.33
-443839.68,-1172307.39,355.86
-443841.27,-1172301.65,352.33
-443839.30,-1172307.37,355.86
-443841.49,-1172301.89,352.38
-443838.32,-1172306.89,355.64
-443838.32,-1172306.93,355.67
-443838.80,-1172307.53,355.89
-443839.22,-1172307.42,355.87
-443838.33,-1172307.08,355.81
-443838.52,-1172307.43,355.89
-443838.14,-1172307.33,356.01
-443838.26,-1172307.65,355.95
-443837.80,-1172307.19,356.22
-443837.87,-1172307.30,356.15
-443838.14,-1172307.62,355.99
-443837.96,-1172307.59,356.07

