-443705.28,-1172301.61,354.55
-443705.96,-1172301.50,354.59
-443704.57,-1172301.71,354.55
-443706.09,-1172301.45,354.61
-443705.55,-1172298.10,357.50
-443704.86,-1172297.72,357.60
-443703.17,-1172298.80,356.80
-443703.42,-1172297.40,357.48
-443704.11,-1172301.63,354.53
-443703.35,-1172301.34,354.57
-443706.49,-1172301.22,354.61
-443702.94,-1172300.10,355.07
-443707.06,-1172299.40,356.11
-443702.89,-1172300.56,354.81
-443703.13,-1172301.26,354.60
-443702.82,-1172300.90,354.66
-443703.61,-1172297.40,357.53

