-579173.23,-1266180.03,174.26
-579172.92,-1266180.15,174.26
-579172.61,-1266180.27,174.26
-579172.30,-1266180.40,174.25
-579174.11,-1266179.96,174.25
-579173.77,-1266180.10,174.23
-579173.45,-1266180.23,174.23
-579173.14,-1266180.35,174.24
-579172.82,-1266180.48,174.23
-579172.53,-1266180.60,174.22
-579175.93,-1266179.61,174.29
-579175.61,-1266179.74,174.25
-579175.31,-1266179.86,174.23
-579174.98,-1266180.00,174.23
-579174.64,-1266180.13,174.24
-579174.33,-1266180.26,174.24
-579174.00,-1266180.39,174.24
-579173.67,-1266180.53,174.24
-579173.34,-1266180.66,174.26
-579173.03,-1266180.78,174.26
-579172.72,-1266180.91,174.27
-579172.42,-1266181.03,174.28
-579176.18,-1266179.82,174.25
-579175.85,-1266179.95,174.24
-579175.54,-1266180.08,174.24
-579175.24,-1266180.20,174.22
-579174.90,-1266180.34,174.24
-579174.57,-1266180.47,174.24
-579174.26,-1266180.60,174.24
-579173.93,-1266180.73,174.26
-579173.59,-1266180.87,174.26
-579173.26,-1266181.00,174.30
-579172.96,-1266181.12,174.32
-579172.65,-1266181.25,174.33
-579172.34,-1266181.38,174.34
-579173.81,-1266181.12,174.36
-579173.47,-1266181.26,174.39
-579173.14,-1266181.39,174.39
-579172.83,-1266181.51,174.40
-579172.52,-1266181.64,174.45
-579176.36,-1266180.08,174.25
-579176.05,-1266180.21,174.24
-579175.71,-1266180.35,174.24
-579175.41,-1266180.47,174.26
-579175.10,-1266180.59,174.26
-579174.77,-1266180.73,174.29
-579174.43,-1266180.86,174.30
-579174.13,-1266180.99,174.32
-579176.58,-1266180.29,174.23
-579176.24,-1266180.43,174.23
-579175.93,-1266180.55,174.26
-579175.61,-1266180.68,174.28
-579175.29,-1266180.81,174.29
-579174.99,-1266180.94,174.31
-579174.67,-1266181.07,174.33
-579174.33,-1266181.20,174.37
-579174.01,-1266181.33,174.39
-579173.69,-1266181.46,174.40
-579173.36,-1266181.60,174.46
-579173.02,-1266181.73,174.47
-579172.72,-1266181.86,174.48
-579172.41,-1266181.98,174.49
-579176.76,-1266180.61,174.31
-579176.46,-1266180.74,174.36
-579176.13,-1266180.87,174.37
-579175.83,-1266180.99,174.40
-579175.49,-1266181.13,174.43
-579175.18,-1266181.25,174.43
-579174.88,-1266181.38,174.46
-579174.54,-1266181.51,174.47
-579174.20,-1266181.65,174.49
-579173.90,-1266181.77,174.51
-579173.57,-1266181.91,174.52
-579173.24,-1266182.04,174.54
-579172.91,-1266182.18,174.57
-579172.60,-1266182.30,174.58
-579176.68,-1266180.98,174.43
-579176.38,-1266181.10,174.43
-579176.04,-1266181.24,174.44
-579175.73,-1266181.36,174.47
-579175.41,-1266181.49,174.50
-579175.10,-1266181.62,174.49
-579174.78,-1266181.75,174.50
-579174.46,-1266181.88,174.52
-579174.13,-1266182.01,174.56
-579173.81,-1266182.14,174.58
-579173.49,-1266182.27,174.58
-579173.15,-1266182.41,174.59
-579172.82,-1266182.55,174.59
-579172.52,-1266182.67,174.59
-579176.86,-1266181.27,174.50
-579176.57,-1266181.39,174.50
-579176.26,-1266181.52,174.54
-579175.93,-1266181.65,174.54
-579175.63,-1266181.77,174.55
-579175.29,-1266181.91,174.56
-579174.98,-1266182.04,174.57
-579174.68,-1266182.16,174.58
-579174.35,-1266182.29,174.60
-579174.01,-1266182.43,174.61
-579173.71,-1266182.55,174.60
-579176.80,-1266181.60,174.55
-579176.18,-1266181.85,174.56
-579175.85,-1266181.98,174.56
-579175.54,-1266182.11,174.58
-579175.20,-1266182.25,174.61
-579174.90,-1266182.37,174.62
-579174.58,-1266182.50,174.62
-579176.69,-1266181.98,174.58
-579176.39,-1266182.11,174.58
-579176.08,-1266182.23,174.59
-579171.97,-1266180.54,174.25
-579172.22,-1266180.73,174.26
-579171.88,-1266180.86,174.25
-579172.11,-1266181.16,174.29
-579172.04,-1266181.50,174.36
-579172.21,-1266181.77,174.47
-579171.91,-1266181.89,174.47
-579172.09,-1266182.11,174.54
-579172.29,-1266182.43,174.59
-579171.98,-1266182.55,174.59
-579172.21,-1266182.79,174.60
-579161.73,-1266183.67,174.54
-579162.57,-1266183.64,174.55
-579162.26,-1266183.77,174.56
-579161.93,-1266183.90,174.56
-579161.62,-1266184.03,174.58
-579163.45,-1266183.63,174.56
-579163.12,-1266183.75,174.57
-579162.83,-1266183.88,174.58
-579162.49,-1266184.01,174.58
-579162.17,-1266184.14,174.59
-579164.61,-1266183.53,174.56
-579164.27,-1266183.66,174.57
-579163.94,-1266183.80,174.59
-579163.63,-1266183.93,174.60
-579163.02,-1266184.18,174.62
-579165.16,-1266183.59,174.59
-579164.84,-1266183.72,174.59
-579164.52,-1266183.85,174.59
-579164.18,-1266183.99,174.61
-579166.34,-1266183.50,174.58
-579166.02,-1266183.63,174.59
-579165.72,-1266183.75,174.61
-579167.23,-1266183.44,174.58
-579166.91,-1266183.58,174.59
-579166.57,-1266183.71,174.59
-579168.34,-1266183.34,174.60
-579168.03,-1266183.46,174.60
-579167.69,-1266183.59,174.59
-579161.31,-1266184.15,174.59
-579160.98,-1266184.29,174.61
-579160.65,-1266184.43,174.61
-579160.32,-1266184.55,174.61
-579161.42,-1266183.80,174.53
-579161.09,-1266183.92,174.56
-579160.75,-1266184.07,174.56
-579160.43,-1266184.20,174.59
-579160.09,-1266184.33,174.59
-579159.77,-1266184.46,174.61
-579159.43,-1266184.61,174.62
-579159.11,-1266184.73,174.61
-579158.79,-1266184.86,174.62
-579160.86,-1266183.71,174.50
-579160.55,-1266183.83,174.52
-579160.22,-1266183.97,174.53
-579159.88,-1266184.11,174.55
-579159.54,-1266184.24,174.57
-579159.23,-1266184.37,174.57
-579158.93,-1266184.49,174.59
-579158.61,-1266184.62,174.59
-579158.30,-1266184.75,174.61
-579157.97,-1266184.88,174.61
-579159.37,-1266183.99,174.54
-579159.07,-1266184.12,174.55
-579158.76,-1266184.24,174.54
-579158.44,-1266184.37,174.56
-579158.12,-1266184.50,174.56
-579157.81,-1266184.63,174.58
-579157.46,-1266184.77,174.59
-579157.16,-1266184.89,174.60
-579156.84,-1266185.02,174.60
-579157.22,-1266184.45,174.54
-579156.91,-1266184.58,174.55
-579156.58,-1266184.71,174.56
-579156.25,-1266184.85,174.57
-579155.93,-1266184.97,174.59
-579155.60,-1266185.11,174.59
-579155.25,-1266185.25,174.60
-579154.58,-1266185.51,174.62
-579158.53,-1266183.91,174.46
-579158.19,-1266184.06,174.49
-579157.87,-1266184.19,174.51
-579157.54,-1266184.32,174.53
-579157.99,-1266183.92,174.46
-579157.65,-1266184.06,174.49
-579157.35,-1266184.17,174.49
-579157.03,-1266184.31,174.52
-579156.70,-1266184.45,174.54
-579156.37,-1266184.57,174.54
-579156.05,-1266184.71,174.56
-579155.71,-1266184.85,174.59
-579155.38,-1266184.97,174.59
-579155.04,-1266185.12,174.61
-579154.72,-1266185.25,174.62
-579154.42,-1266185.36,174.62
-579154.11,-1266185.50,174.62
-579156.75,-1266183.99,174.41
-579156.42,-1266184.12,174.43
-579156.11,-1266184.26,174.47
-579155.77,-1266184.39,174.50
-579155.44,-1266184.52,174.51
-579155.10,-1266184.67,174.53
-579154.78,-1266184.79,174.54
-579154.48,-1266184.92,174.56
-579154.16,-1266185.04,174.56
-579153.85,-1266185.17,174.58
-579153.52,-1266185.31,174.59
-579153.20,-1266185.43,174.59
-579152.86,-1266185.57,174.61
-579152.56,-1266185.70,174.61
-579152.21,-1266185.83,174.61
-579156.23,-1266183.95,174.41
-579155.89,-1266184.09,174.42
-579155.56,-1266184.22,174.46
-579155.23,-1266184.36,174.49
-579154.91,-1266184.49,174.48
-579154.59,-1266184.61,174.51
-579154.29,-1266184.74,174.52
-579153.98,-1266184.87,174.52
-579153.64,-1266185.01,174.53
-579153.33,-1266185.14,174.55
-579152.98,-1266185.27,174.57
-579152.67,-1266185.40,174.58
-579152.37,-1266185.52,174.59
-579152.02,-1266185.66,174.59
-579154.98,-1266184.07,174.38
-579154.67,-1266184.19,174.42
-579154.36,-1266184.32,174.42
-579154.04,-1266184.45,174.45
-579153.71,-1266184.59,174.47
-579153.40,-1266184.71,174.48
-579153.05,-1266184.85,174.51
-579152.75,-1266184.97,174.53
-579152.45,-1266185.10,174.53
-579152.10,-1266185.24,174.56
-579151.76,-1266185.38,174.57
-579151.10,-1266185.64,174.57
-579150.78,-1266185.77,174.59
-579150.44,-1266185.91,174.60
-579150.12,-1266186.05,174.60
-579149.78,-1266186.18,174.60
-579154.51,-1266184.05,174.37
-579154.18,-1266184.17,174.40
-579153.86,-1266184.31,174.42
-579153.54,-1266184.43,174.43
-579153.20,-1266184.57,174.47
-579152.89,-1266184.70,174.48
-579152.59,-1266184.82,174.50
-579152.25,-1266184.96,174.52
-579151.90,-1266185.11,174.56
-579151.60,-1266185.22,174.52
-579151.26,-1266185.36,174.55
-579150.92,-1266185.51,174.56
-579150.58,-1266185.64,174.57
-579150.27,-1266185.77,174.59
-579149.95,-1266185.90,174.59
-579149.64,-1266186.02,174.59
-579148.98,-1266186.29,174.60
-579153.29,-1266184.18,174.37
-579152.97,-1266184.30,174.38
-579152.66,-1266184.43,174.41
-579152.33,-1266184.57,174.44
-579151.99,-1266184.70,174.46
-579151.68,-1266184.83,174.47
-579151.34,-1266184.97,174.47
-579150.98,-1266185.10,174.49
-579150.66,-1266185.24,174.52
-579150.35,-1266185.37,174.54
-579150.03,-1266185.49,174.55
-579149.73,-1266185.62,174.55
-579149.41,-1266185.75,174.57
-579149.06,-1266185.89,174.58
-579148.77,-1266186.01,174.58
-579148.42,-1266186.15,174.59
-579148.10,-1266186.28,174.61
-579147.81,-1266186.39,174.60
-579150.45,-1266184.93,174.44
-579150.12,-1266185.07,174.47
-579149.82,-1266185.19,174.47
-579149.50,-1266185.32,174.47
-579149.16,-1266185.46,174.49
-579148.85,-1266185.58,174.51
-579148.51,-1266185.72,174.53
-579148.21,-1266185.84,174.54
-579147.89,-1266185.98,174.54
-579147.22,-1266186.24,174.58
-579146.91,-1266186.38,174.57
-579146.57,-1266186.51,174.57
-579146.21,-1266186.66,174.59
-579152.07,-1266184.27,174.32
-579151.76,-1266184.39,174.35
-579151.44,-1266184.53,174.36
-579151.09,-1266184.67,174.40
-579150.76,-1266184.81,174.41
-579145.66,-1266186.59,174.56
-579145.35,-1266186.72,174.57
-579151.52,-1266184.21,174.29
-579151.19,-1266184.34,174.30
-579150.85,-1266184.48,174.33
-579150.54,-1266184.61,174.34
-579150.23,-1266184.73,174.35
-579149.91,-1266184.86,174.37
-579149.59,-1266184.99,174.39
-579149.26,-1266185.13,174.43
-579148.95,-1266185.26,174.43
-579148.61,-1266185.39,174.47
-579148.29,-1266185.52,174.48
-579147.98,-1266185.65,174.53
-579147.29,-1266185.92,174.53
-579146.99,-1266186.05,174.55
-579146.65,-1266186.18,174.53
-579146.31,-1266186.33,174.56
-579145.97,-1266186.46,174.56
-579150.32,-1266184.32,174.27
-579150.01,-1266184.44,174.27
-579149.70,-1266184.57,174.31
-579149.35,-1266184.71,174.33
-579149.05,-1266184.83,174.34
-579148.72,-1266184.97,174.36
-579148.39,-1266185.09,174.39
-579148.08,-1266185.22,174.41
-579147.76,-1266185.36,174.43
-579147.41,-1266185.49,174.46
-579147.09,-1266185.63,174.47
-579146.41,-1266185.90,174.50
-579146.07,-1266186.04,174.52
-579145.76,-1266186.17,174.52
-579145.45,-1266186.29,174.53
-579145.14,-1266186.42,174.55
-579144.82,-1266186.55,174.55
-579144.48,-1266186.69,174.56
-579144.17,-1266186.82,174.58
-579143.82,-1266186.96,174.59
-579149.82,-1266184.33,174.27
-579149.47,-1266184.47,174.29
-579149.16,-1266184.60,174.31
-579148.82,-1266184.73,174.33
-579148.50,-1266184.86,174.34
-579148.19,-1266184.98,174.36
-579147.85,-1266185.12,174.39
-579147.51,-1266185.26,174.42
-579147.20,-1266185.39,174.44
-579146.87,-1266185.52,174.46
-579146.53,-1266185.67,174.49
-579146.19,-1266185.81,174.49
-579145.88,-1266185.93,174.51
-579145.56,-1266186.06,174.52
-579145.25,-1266186.18,174.53
-579144.94,-1266186.31,174.53
-579144.60,-1266186.45,174.55
-579144.28,-1266186.58,174.56
-579143.94,-1266186.72,174.58
-579143.62,-1266186.85,174.59
-579143.30,-1266186.97,174.61
-579148.58,-1266184.40,174.25
-579148.27,-1266184.53,174.25
-579147.93,-1266184.67,174.28
-579147.61,-1266184.80,174.29
-579147.28,-1266184.93,174.31
-579146.94,-1266185.08,174.32
-579146.62,-1266185.20,174.35
-579146.27,-1266185.34,174.38
-579145.95,-1266185.48,174.40
-579145.65,-1266185.60,174.43
-579145.32,-1266185.73,174.44
-579145.01,-1266185.86,174.46
-579144.68,-1266185.99,174.46
-579144.36,-1266186.13,174.47
-579144.02,-1266186.27,174.50
-579143.71,-1266186.39,174.51
-579143.39,-1266186.52,174.52
-579143.06,-1266186.65,174.53
-579142.72,-1266186.79,174.55
-579142.40,-1266186.92,174.53
-579142.06,-1266187.06,174.56
-579141.73,-1266187.19,174.57
-579141.38,-1266187.34,174.60
-579141.03,-1266187.48,174.61
-579148.03,-1266184.36,174.23
-579147.68,-1266184.50,174.23
-579147.38,-1266184.63,174.25
-579147.04,-1266184.76,174.28
-579146.70,-1266184.91,174.30
-579146.36,-1266185.05,174.31
-579146.05,-1266185.17,174.33
-579145.73,-1266185.30,174.36
-579145.41,-1266185.42,174.39
-579145.10,-1266185.55,174.40
-579144.77,-1266185.69,174.41
-579144.45,-1266185.82,174.42
-579144.10,-1266185.96,174.45
-579143.79,-1266186.09,174.47
-579143.48,-1266186.21,174.49
-579143.14,-1266186.35,174.50
-579142.81,-1266186.49,174.50
-579142.49,-1266186.61,174.52
-579142.14,-1266186.75,174.53
-579141.81,-1266186.89,174.53
-579141.48,-1266187.02,174.55
-579140.85,-1266187.29,174.60
-579140.53,-1266187.41,174.61
-579146.40,-1266184.52,174.20
-579146.09,-1266184.65,174.22
-579145.79,-1266184.78,174.22
-579145.46,-1266184.90,174.23
-579145.15,-1266185.03,174.24
-579144.81,-1266185.16,174.25
-579144.49,-1266185.30,174.28
-579144.17,-1266185.43,174.29
-579143.85,-1266185.56,174.31
-579143.53,-1266185.69,174.35
-579143.20,-1266185.83,174.38
-579142.85,-1266185.96,174.40
-579142.54,-1266186.09,174.41
-579142.20,-1266186.23,174.44
-579141.85,-1266186.37,174.46
-579141.52,-1266186.51,174.48
-579141.21,-1266186.64,174.50
-579140.88,-1266186.76,174.52
-579140.58,-1266186.89,174.53
-579145.92,-1266184.55,174.21
-579145.60,-1266184.68,174.22
-579145.29,-1266184.81,174.23
-579144.96,-1266184.95,174.24
-579144.64,-1266185.07,174.24
-579144.30,-1266185.21,174.27
-579143.98,-1266185.34,174.28
-579141.66,-1266186.28,174.46
-579141.34,-1266186.42,174.47
-579141.03,-1266186.54,174.50
-579140.72,-1266186.67,174.51
-579140.40,-1266186.80,174.53
-579144.76,-1266184.63,174.23
-579144.42,-1266184.76,174.21
-579144.10,-1266184.89,174.22
-579143.79,-1266185.02,174.22
-579143.45,-1266185.15,174.24
-579143.11,-1266185.29,174.25
-579142.81,-1266185.42,174.26
-579142.46,-1266185.56,174.30
-579142.12,-1266185.70,174.31
-579141.80,-1266185.84,174.34
-579141.46,-1266185.96,174.35
-579141.15,-1266186.09,174.37
-579140.84,-1266186.22,174.39
-579140.52,-1266186.35,174.40
-579143.67,-1266185.47,174.31
-579143.33,-1266185.61,174.34
-579142.99,-1266185.74,174.37
-579142.69,-1266185.87,174.40
-579142.34,-1266186.01,174.41
-579142.01,-1266186.15,174.44
-579144.20,-1266184.57,174.22
-579143.88,-1266184.70,174.20
-579143.55,-1266184.84,174.20
-579143.21,-1266184.97,174.19
-579142.89,-1266185.10,174.22
-579142.56,-1266185.24,174.24
-579142.22,-1266185.38,174.26
-579141.88,-1266185.51,174.27
-579141.56,-1266185.64,174.28
-579141.25,-1266185.76,174.31
-579140.93,-1266185.90,174.33
-579140.62,-1266186.03,174.35
-579142.97,-1266184.63,174.18
-579142.62,-1266184.76,174.19
-579142.29,-1266184.90,174.18
-579141.96,-1266185.04,174.19
-579141.63,-1266185.16,174.21
-579141.32,-1266185.29,174.21
-579141.01,-1266185.42,174.25
-579140.69,-1266185.55,174.25
-579140.35,-1266185.69,174.27
-579142.05,-1266184.76,174.19
-579141.74,-1266184.89,174.21
-579141.43,-1266185.03,174.22
-579141.11,-1266185.15,174.23
-579140.80,-1266185.28,174.25
-579140.46,-1266185.41,174.24
-579140.53,-1266185.00,174.24
-579140.21,-1266187.54,174.61
-579140.26,-1266187.03,174.55
-579139.92,-1266187.16,174.56
-579140.07,-1266186.93,174.53
-579140.18,-1266186.49,174.43
-579139.87,-1266186.61,174.46
-579140.28,-1266186.16,174.36
-579139.97,-1266186.29,174.39
-579140.04,-1266185.82,174.27
-579140.14,-1266185.55,174.22
-579139.80,-1266185.69,174.27
-579140.23,-1266185.13,174.23
-579139.88,-1266185.27,174.22
-579139.62,-1266187.28,174.57
-579139.26,-1266187.43,174.59
-579138.95,-1266187.55,174.60
-579138.64,-1266187.68,174.61
-579138.26,-1266187.83,174.61
-579139.75,-1266187.06,174.55
-579139.40,-1266187.21,174.56
-579139.10,-1266187.33,174.57
-579138.79,-1266187.46,174.59
-579138.43,-1266187.60,174.61
-579138.10,-1266187.73,174.61
-579137.79,-1266187.86,174.61
-579139.54,-1266186.75,174.47
-579139.21,-1266186.89,174.48
-579138.90,-1266187.00,174.51
-579138.56,-1266187.15,174.52
-579135.91,-1266188.22,174.59
-579139.63,-1266186.44,174.41
-579139.31,-1266186.55,174.43
-579139.00,-1266186.69,174.46
-579138.65,-1266186.83,174.47
-579138.31,-1266186.96,174.51
-579138.00,-1266187.09,174.52
-579137.65,-1266187.24,174.53
-579137.32,-1266187.36,174.52
-579136.98,-1266187.51,174.53
-579136.65,-1266187.64,174.55
-579136.35,-1266187.76,174.56
-579138.21,-1266187.29,174.55
-579137.91,-1266187.41,174.55
-579137.56,-1266187.55,174.56
-579137.22,-1266187.70,174.56
-579136.88,-1266187.83,174.57
-579136.56,-1266187.96,174.57
-579136.25,-1266188.09,174.59
-579135.71,-1266188.02,174.57
-579139.69,-1266185.95,174.28
-579139.38,-1266186.08,174.29
-579139.07,-1266186.20,174.33
-579138.73,-1266186.35,174.35
-579138.38,-1266186.49,174.37
-579138.07,-1266186.61,174.38
-579137.73,-1266186.75,174.41
-579136.03,-1266187.90,174.57
-579139.49,-1266185.81,174.27
-579139.18,-1266185.94,174.28
-579137.38,-1266186.90,174.44
-579137.04,-1266187.04,174.47
-579136.73,-1266187.16,174.47
-579136.42,-1266187.29,174.49
-579136.10,-1266187.41,174.52
-579135.78,-1266187.55,174.52
-579135.45,-1266187.69,174.55
-579135.13,-1266187.81,174.55
-579134.79,-1266187.95,174.56
-579134.47,-1266188.09,174.56
-579134.15,-1266188.21,174.57
-579133.82,-1266188.35,174.59
-579133.45,-1266188.49,174.59
-579138.84,-1266186.08,174.30
-579138.50,-1266186.21,174.33
-579138.18,-1266186.34,174.34
-579137.84,-1266186.49,174.37
-579137.49,-1266186.62,174.38
-579137.16,-1266186.76,174.42
-579136.85,-1266186.89,174.43
-579136.52,-1266187.02,174.46
-579136.22,-1266187.14,174.47
-579135.90,-1266187.28,174.48
-579135.54,-1266187.41,174.52
-579135.25,-1266187.54,174.52
-579134.90,-1266187.69,174.52
-579134.58,-1266187.81,174.53
-579134.27,-1266187.94,174.55
-579133.92,-1266188.07,174.56
-579133.57,-1266188.22,174.57
-579133.27,-1266188.35,174.59
-579132.91,-1266188.49,174.57
-579139.57,-1266185.40,174.24
-579139.26,-1266185.52,174.22
-579138.57,-1266185.80,174.23
-579138.26,-1266185.94,174.25
-579137.92,-1266186.07,174.27
-579137.57,-1266186.21,174.28
-579137.23,-1266186.35,174.30
-579136.93,-1266186.47,174.32
-579136.60,-1266186.61,174.34
-579136.30,-1266186.73,174.33
-579135.96,-1266186.86,174.38
-579135.63,-1266187.00,174.41
-579135.31,-1266187.13,174.43
-579134.97,-1266187.26,174.44
-579134.65,-1266187.40,174.47
-579134.34,-1266187.52,174.46
-579134.00,-1266187.66,174.49
-579133.65,-1266187.81,174.49
-579133.34,-1266187.93,174.51
-579133.00,-1266188.07,174.54
-579132.66,-1266188.21,174.56
-579139.62,-1266184.98,174.25
-579139.31,-1266185.10,174.22
-579138.96,-1266185.24,174.22
-579138.63,-1266185.38,174.22
-579138.32,-1266185.50,174.22
-579137.97,-1266185.65,174.22
-579137.63,-1266185.79,174.22
-579137.29,-1266185.92,174.22
-579136.97,-1266186.05,174.23
-579136.65,-1266186.19,174.24
-579136.35,-1266186.31,174.25
-579136.03,-1266186.44,174.27
-579135.68,-1266186.58,174.30
-579135.38,-1266186.70,174.30
-579135.03,-1266186.85,174.31
-579134.40,-1266187.10,174.36
-579134.05,-1266187.24,174.42
-579133.71,-1266187.39,174.43
-579133.41,-1266187.51,174.44
-579133.06,-1266187.65,174.48
-579132.71,-1266187.79,174.50
-579138.11,-1266185.32,174.22
-579137.76,-1266185.47,174.20
-579137.42,-1266185.61,174.19
-579137.11,-1266185.73,174.20
-579136.78,-1266185.86,174.19
-579136.47,-1266186.00,174.20
-579136.17,-1266186.12,174.21
-579135.81,-1266186.26,174.24
-579135.50,-1266186.38,174.24
-579135.16,-1266186.52,174.28
-579134.83,-1266186.66,174.29
-579134.53,-1266186.78,174.29
-579134.19,-1266186.92,174.32
-579133.84,-1266187.06,174.34
-579133.52,-1266187.19,174.34
-579133.19,-1266187.33,174.40
-579132.50,-1266187.61,174.47
-579137.19,-1266185.35,174.19
-579136.89,-1266185.47,174.19
-579136.56,-1266185.60,174.20
-579136.24,-1266185.74,174.20
-579135.90,-1266185.87,174.23
-579135.59,-1266186.00,174.23
-579135.24,-1266186.15,174.24
-579134.93,-1266186.27,174.23
-579134.62,-1266186.40,174.23
-579134.28,-1266186.54,174.24
-579133.93,-1266186.67,174.26
-579133.61,-1266186.81,174.27
-579133.29,-1266186.94,174.27
-579132.92,-1266187.08,174.30
-579135.66,-1266185.63,174.24
-579135.33,-1266185.76,174.24
-579135.00,-1266185.89,174.24
-579134.69,-1266186.02,174.23
-579134.37,-1266186.16,174.23
-579134.00,-1266186.30,174.22
-579133.70,-1266186.43,174.22
-579133.35,-1266186.57,174.23
-579133.01,-1266186.71,174.24
-579132.67,-1266186.85,174.27
-579132.36,-1266186.97,174.26
-579134.44,-1266185.78,174.25
-579134.10,-1266185.91,174.22
-579133.78,-1266186.05,174.22
-579133.45,-1266186.19,174.20
-579133.10,-1266186.33,174.21
-579132.75,-1266186.46,174.21
-579132.45,-1266186.59,174.21
-579133.24,-1266185.98,174.22
-579132.88,-1266186.13,174.23
-579132.56,-1266186.25,174.24
-579161.71,-1266181.72,174.28
-579161.37,-1266181.86,174.25
-579161.92,-1266181.89,174.24
-579161.59,-1266182.02,174.24
-579162.86,-1266181.51,174.23
-579164.40,-1266181.31,174.19
-579164.08,-1266181.44,174.19
-579163.77,-1266181.57,174.19
-579163.46,-1266181.69,174.22
-579163.14,-1266181.83,174.22
-579162.81,-1266181.96,174.24
-579162.48,-1266182.09,174.22
-579162.18,-1266182.21,174.24
-579161.86,-1266182.34,174.25
-579161.52,-1266182.48,174.26
-579165.24,-1266181.19,174.23
-579164.91,-1266181.32,174.19
-579164.58,-1266181.46,174.19
-579164.27,-1266181.58,174.19
-579163.95,-1266181.71,174.19
-579163.65,-1266181.84,174.19
-579163.33,-1266181.96,174.22
-579163.00,-1266182.10,174.22
-579162.69,-1266182.22,174.23
-579162.37,-1266182.36,174.25
-579162.05,-1266182.48,174.25
-579161.75,-1266182.61,174.27
-579166.80,-1266180.98,174.24
-579166.50,-1266181.10,174.22
-579166.15,-1266181.24,174.22
-579165.82,-1266181.37,174.22
-579165.51,-1266181.50,174.23
-579165.18,-1266181.63,174.22
-579164.84,-1266181.77,174.19
-579164.51,-1266181.91,174.22
-579164.20,-1266182.03,174.23
-579163.89,-1266182.16,174.25
-579163.58,-1266182.28,174.28
-579163.27,-1266182.41,174.29
-579162.95,-1266182.54,174.31
-579162.63,-1266182.67,174.32
-579162.29,-1266182.81,174.35
-579161.99,-1266182.93,174.37
-579161.68,-1266183.06,174.38
-579161.84,-1266183.31,174.47
-579161.53,-1266183.44,174.47
-579168.25,-1266180.70,174.24
-579167.93,-1266180.83,174.24
-579167.61,-1266180.97,174.22
-579167.29,-1266181.09,174.22
-579166.95,-1266181.23,174.22
-579166.65,-1266181.35,174.24
-579166.34,-1266181.48,174.22
-579166.01,-1266181.61,174.24
-579165.67,-1266181.75,174.23
-579165.37,-1266181.88,174.23
-579165.04,-1266182.01,174.24
-579164.70,-1266182.15,174.27
-579164.36,-1266182.28,174.29
-579164.06,-1266182.41,174.30
-579163.74,-1266182.54,174.34
-579163.44,-1266182.66,174.35
-579163.13,-1266182.78,174.36
-579162.79,-1266182.92,174.40
-579162.48,-1266183.05,174.42
-579162.15,-1266183.18,174.44
-579169.06,-1266180.69,174.21
-579168.76,-1266180.82,174.19
-579168.44,-1266180.94,174.19
-579168.13,-1266181.07,174.21
-579167.83,-1266181.19,174.21
-579167.49,-1266181.33,174.22
-579167.17,-1266181.46,174.20
-579166.85,-1266181.59,174.23
-579166.53,-1266181.72,174.24
-579166.23,-1266181.84,174.25
-579165.90,-1266181.97,174.28
-579165.56,-1266182.11,174.29
-579165.25,-1266182.24,174.29
-579164.92,-1266182.37,174.31
-579164.59,-1266182.51,174.35
-579164.25,-1266182.64,174.37
-579163.95,-1266182.77,174.41
-579163.64,-1266182.89,174.43
-579163.32,-1266183.02,174.45
-579163.02,-1266183.14,174.47
-579162.68,-1266183.28,174.50
-579162.37,-1266183.41,174.50
-579162.04,-1266183.54,174.51
-579170.59,-1266180.38,174.28
-579170.26,-1266180.52,174.23
-579169.96,-1266180.64,174.23
-579169.62,-1266180.78,174.22
-579169.28,-1266180.91,174.22
-579168.96,-1266181.05,174.19
-579168.64,-1266181.17,174.19
-579168.33,-1266181.30,174.21
-579168.03,-1266181.42,174.22
-579167.72,-1266181.55,174.24
-579167.39,-1266181.68,174.24
-579167.07,-1266181.81,174.25
-579166.74,-1266181.95,174.29
-579166.43,-1266182.07,174.29
-579166.13,-1266182.19,174.30
-579165.79,-1266182.33,174.36
-579165.46,-1266182.47,174.37
-579165.15,-1266182.59,174.37
-579164.81,-1266182.73,174.42
-579164.48,-1266182.87,174.44
-579164.15,-1266183.00,174.46
-579163.83,-1266183.13,174.50
-579163.53,-1266183.25,174.50
-579163.22,-1266183.38,174.50
-579162.91,-1266183.50,174.51
-579171.46,-1266180.37,174.25
-579171.15,-1266180.50,174.24
-579170.84,-1266180.62,174.23
-579170.51,-1266180.76,174.22
-579170.17,-1266180.89,174.23
-579169.86,-1266181.02,174.22
-579169.54,-1266181.15,174.23
-579169.20,-1266181.29,174.23
-579168.86,-1266181.42,174.25
-579168.56,-1266181.54,174.24
-579168.25,-1266181.67,174.26
-579167.94,-1266181.80,174.26
-579167.64,-1266181.92,174.30
-579167.30,-1266182.06,174.31
-579166.99,-1266182.18,174.32
-579166.66,-1266182.32,174.37
-579166.34,-1266182.44,174.38
-579166.03,-1266182.57,174.38
-579165.71,-1266182.70,174.42
-579165.37,-1266182.84,174.47
-579165.06,-1266182.97,174.46
-579164.73,-1266183.10,174.48
-579164.39,-1266183.24,174.51
-579164.05,-1266183.37,174.51
-579163.75,-1266183.50,174.54
-579171.67,-1266180.66,174.25
-579171.33,-1266180.80,174.25
-579171.02,-1266180.92,174.24
-579170.72,-1266181.04,174.23
-579170.39,-1266181.18,174.25
-579170.05,-1266181.32,174.27
-579169.76,-1266181.44,174.27
-579169.41,-1266181.58,174.30
-579169.08,-1266181.71,174.33
-579168.75,-1266181.84,174.34
-579168.44,-1266181.97,174.37
-579168.12,-1266182.10,174.39
-579167.82,-1266182.22,174.41
-579167.51,-1266182.35,174.43
-579167.17,-1266182.48,174.44
-579166.87,-1266182.61,174.47
-579166.54,-1266182.74,174.49
-579166.22,-1266182.87,174.49
-579165.93,-1266182.99,174.50
-579165.58,-1266183.13,174.53
-579165.25,-1266183.27,174.56
-579164.94,-1266183.39,174.56
-579171.59,-1266180.98,174.25
-579171.25,-1266181.12,174.27
-579170.93,-1266181.25,174.25
-579170.64,-1266181.37,174.27
-579170.29,-1266181.51,174.29
-579169.96,-1266181.64,174.32
-579169.65,-1266181.77,174.32
-579169.32,-1266181.90,174.35
-579168.99,-1266182.04,174.39
-579168.65,-1266182.17,174.41
-579168.34,-1266182.30,174.45
-579168.03,-1266182.43,174.46
-579167.72,-1266182.55,174.46
-579167.41,-1266182.67,174.49
-579167.09,-1266182.81,174.50
-579166.77,-1266182.94,174.52
-579166.44,-1266183.07,174.53
-579166.14,-1266183.19,174.56
-579165.82,-1266183.32,174.56
-579165.49,-1266183.45,174.56
-579171.78,-1266181.29,174.32
-579171.48,-1266181.42,174.34
-579171.14,-1266181.55,174.35
-579170.83,-1266181.68,174.40
-579170.53,-1266181.80,174.40
-579170.19,-1266181.94,174.42
-579169.85,-1266182.08,174.44
-579169.55,-1266182.20,174.47
-579169.22,-1266182.33,174.48
-579168.87,-1266182.47,174.51
-579168.54,-1266182.61,174.53
-579168.24,-1266182.73,174.54
-579167.93,-1266182.86,174.53
-579167.62,-1266182.98,174.54
-579167.32,-1266183.10,174.56
-579166.98,-1266183.24,174.57
-579166.67,-1266183.37,174.58
-579171.71,-1266181.63,174.40
-579171.40,-1266181.76,174.41
-579171.07,-1266181.89,174.45
-579170.75,-1266182.02,174.46
-579170.45,-1266182.14,174.47
-579170.11,-1266182.28,174.47
-579169.78,-1266182.42,174.53
-579169.47,-1266182.54,174.54
-579169.14,-1266182.67,174.54
-579168.82,-1266182.81,174.54
-579168.47,-1266182.95,174.56
-579167.86,-1266183.20,174.58
-579167.55,-1266183.32,174.58
-579171.58,-1266182.02,174.51
-579171.27,-1266182.15,174.53
-579170.94,-1266182.28,174.55
-579170.63,-1266182.41,174.54
-579170.32,-1266182.54,174.54
-579169.99,-1266182.67,174.57
-579169.65,-1266182.81,174.59
-579169.34,-1266182.93,174.59
-579169.02,-1266183.06,174.59
-579168.67,-1266183.20,174.59
-579171.80,-1266182.23,174.54
-579171.46,-1266182.37,174.55
-579171.14,-1266182.49,174.57
-579170.83,-1266182.62,174.58
-579170.51,-1266182.75,174.59
-579170.20,-1266182.88,174.59
-579169.87,-1266183.01,174.59
-579169.54,-1266183.15,174.59
-579169.21,-1266183.28,174.60
-579171.68,-1266182.68,174.59
-579171.34,-1266182.81,174.60
-579171.03,-1266182.94,174.60
-579170.70,-1266183.07,174.60
-579161.20,-1266183.57,174.50
-579160.03,-1266183.73,174.49
-579161.34,-1266183.19,174.41
-579161.01,-1266183.33,174.42
-579160.69,-1266183.46,174.47
-579160.36,-1266183.59,174.47
-579161.41,-1266182.75,174.28
-579161.07,-1266182.88,174.30
-579160.76,-1266183.01,174.31
-579160.43,-1266183.14,174.37
-579160.09,-1266183.28,174.37
-579159.76,-1266183.42,174.38
-579159.46,-1266183.54,174.39
-579159.14,-1266183.67,174.44
-579158.82,-1266183.80,174.45
-579161.20,-1266182.61,174.28
-579160.88,-1266182.74,174.28
-579160.54,-1266182.88,174.30
-579160.22,-1266183.01,174.31
-579159.87,-1266183.15,174.35
-579159.57,-1266183.27,174.37
-579159.26,-1266183.40,174.38
-579158.94,-1266183.53,174.41
-579158.63,-1266183.65,174.44
-579158.30,-1266183.79,174.45
-579161.24,-1266182.17,174.25
-579160.93,-1266182.29,174.24
-579160.60,-1266182.42,174.22
-579160.27,-1266182.56,174.25
-579159.93,-1266182.70,174.25
-579159.62,-1266182.82,174.25
-579159.32,-1266182.95,174.28
-579159.00,-1266183.07,174.28
-579158.69,-1266183.20,174.30
-579158.36,-1266183.33,174.31
-579158.04,-1266183.46,174.34
-579157.70,-1266183.60,174.38
-579157.41,-1266183.72,174.38
-579157.08,-1266183.85,174.41
-579161.06,-1266181.99,174.26
-579160.72,-1266182.13,174.24
-579160.39,-1266182.26,174.23
-579160.06,-1266182.40,174.22
-579159.74,-1266182.52,174.22
-579159.44,-1266182.65,174.24
-579159.13,-1266182.77,174.24
-579158.81,-1266182.90,174.25
-579158.48,-1266183.04,174.27
-579158.17,-1266183.16,174.28
-579157.83,-1266183.30,174.30
-579157.52,-1266183.43,174.32
-579157.21,-1266183.55,174.34
-579156.88,-1266183.69,174.35
-579156.54,-1266183.83,174.38
-579160.46,-1266181.84,174.25
-579159.81,-1266182.10,174.22
-579159.51,-1266182.23,174.22
-579159.20,-1266182.36,174.22
-579158.89,-1266182.48,174.22
-579158.55,-1266182.62,174.22
-579158.24,-1266182.74,174.23
-579157.90,-1266182.88,174.24
-579157.60,-1266183.00,174.24
-579157.28,-1266183.13,174.24
-579156.94,-1266183.27,174.28
-579156.62,-1266183.40,174.27
-579156.29,-1266183.53,174.28
-579155.96,-1266183.67,174.31
-579155.63,-1266183.80,174.32
-579155.29,-1266183.94,174.35
-579159.35,-1266182.07,174.25
-579159.03,-1266182.21,174.22
-579158.69,-1266182.34,174.22
-579158.39,-1266182.47,174.24
-579158.05,-1266182.60,174.22
-579157.74,-1266182.73,174.24
-579157.43,-1266182.85,174.24
-579157.09,-1266182.99,174.22
-579156.75,-1266183.13,174.24
-579156.44,-1266183.26,174.25
-579156.10,-1266183.39,174.27
-579155.77,-1266183.53,174.30
-579155.44,-1266183.66,174.31
-579155.12,-1266183.79,174.32
-579154.81,-1266183.92,174.35
-579155.20,-1266183.40,174.27
-579154.90,-1266183.52,174.28
-579154.58,-1266183.65,174.30
-579154.27,-1266183.78,174.31
-579153.93,-1266183.91,174.33
-579153.63,-1266184.04,174.33
-579157.81,-1266182.34,174.24
-579157.17,-1266182.60,174.24
-579156.84,-1266182.73,174.22
-579156.52,-1266182.86,174.24
-579156.18,-1266183.00,174.24
-579155.85,-1266183.13,174.25
-579155.51,-1266183.27,174.25
-579156.63,-1266182.42,174.27
-579156.28,-1266182.56,174.28
-579155.94,-1266182.70,174.25
-579155.61,-1266182.83,174.24
-579155.31,-1266182.96,174.25
-579154.99,-1266183.09,174.25
-579154.68,-1266183.21,174.25
-579154.37,-1266183.34,174.25
-579154.03,-1266183.48,174.25
-579153.73,-1266183.60,174.26
-579153.38,-1266183.74,174.27
-579153.08,-1266183.86,174.28
-579152.76,-1266183.99,174.29
-579152.43,-1266184.13,174.31
-579155.07,-1266182.77,174.25
-579154.77,-1266182.89,174.25
-579154.11,-1266183.16,174.24
-579153.81,-1266183.28,174.22
-579153.46,-1266183.42,174.23
-579153.15,-1266183.55,174.24
-579152.84,-1266183.67,174.24
-579152.50,-1266183.81,174.26
-579152.17,-1266183.94,174.26
-579151.87,-1266184.07,174.29
-579153.58,-1266182.99,174.24
-579153.26,-1266183.12,174.24
-579152.95,-1266183.24,174.22
-579152.62,-1266183.38,174.22
-579152.27,-1266183.52,174.22
-579151.95,-1266183.65,174.19
-579151.63,-1266183.78,174.22
-579151.28,-1266183.92,174.24
-579150.95,-1266184.06,174.25
-579150.64,-1266184.18,174.25
-579152.72,-1266183.15,174.22
-579152.39,-1266183.28,174.22
-579152.08,-1266183.41,174.22
-579151.73,-1266183.55,174.21
-579151.39,-1266183.69,174.21
-579151.05,-1266183.82,174.22
-579150.75,-1266183.95,174.22
-579150.43,-1266184.08,174.25
-579150.12,-1266184.20,174.25
-579151.47,-1266183.23,174.24
-579151.14,-1266183.36,174.22
-579150.83,-1266183.49,174.22
-579150.51,-1266183.62,174.24
-579150.20,-1266183.75,174.24
-579149.89,-1266183.87,174.25
-579149.54,-1266184.01,174.25
-579149.24,-1266184.14,174.23
-579148.90,-1266184.27,174.24
-579149.98,-1266183.57,174.23
-579149.64,-1266183.71,174.24
-579149.32,-1266183.84,174.23
-579149.00,-1266183.97,174.22
-579148.67,-1266184.10,174.22
-579148.36,-1266184.23,174.23
-579147.41,-1266184.11,174.21
-579147.08,-1266184.25,174.17
-579146.75,-1266184.38,174.19
-579147.56,-1266183.89,174.22
-579147.22,-1266184.02,174.21
-579146.88,-1266184.16,174.19
-579146.54,-1266184.30,174.20
-579146.23,-1266184.43,174.21
-579148.41,-1266183.70,174.20
-579147.74,-1266183.98,174.21
-579146.35,-1266183.98,174.21
-579146.04,-1266184.10,174.18
-579145.72,-1266184.23,174.20
-579145.41,-1266184.36,174.21
-579145.07,-1266184.50,174.22
-579144.84,-1266184.31,174.23
-579144.51,-1266184.44,174.23
-579143.62,-1266184.36,174.19
-579143.28,-1266184.50,174.17
-579142.40,-1266184.63,174.19
-579176.93,-1266181.91,174.57
-579175.94,-1266182.31,174.61
-579176.13,-1266182.03,174.58
-579176.34,-1266181.74,174.55
-579176.54,-1266181.45,174.50
-579176.76,-1266181.15,174.44
-579176.48,-1266182.01,174.58
-579176.92,-1266181.39,174.50
-579176.01,-1266181.86,174.56
-579176.22,-1266181.56,174.53
-579176.44,-1266181.27,174.47
-579176.64,-1266180.98,174.43
-579175.44,-1266182.19,174.61
-579175.65,-1266181.90,174.56
-579175.87,-1266181.59,174.50
-579176.07,-1266181.32,174.47
-579176.29,-1266181.01,174.40
-579176.49,-1266180.72,174.33
-579175.09,-1266182.26,174.61
-579175.29,-1266181.98,174.57
-579175.50,-1266181.69,174.55
-579175.70,-1266181.41,174.50
-579175.92,-1266181.10,174.42
-579176.13,-1266180.82,174.36
-579174.71,-1266182.32,174.59
-579174.93,-1266182.02,174.57
-579175.13,-1266181.73,174.52
-579175.34,-1266181.44,174.48
-579175.54,-1266181.16,174.43
-579175.74,-1266180.88,174.36
-579174.36,-1266182.45,174.62
-579174.58,-1266182.14,174.59
-579174.79,-1266181.85,174.54
-579175.02,-1266181.54,174.48
-579175.23,-1266181.25,174.43
-579175.42,-1266180.97,174.36
-579175.63,-1266180.69,174.28
-579174.00,-1266182.51,174.62
-579174.21,-1266182.21,174.59
-579174.42,-1266181.92,174.55
-579174.63,-1266181.62,174.48
-579174.85,-1266181.31,174.42
-579175.07,-1266181.01,174.35
-579175.28,-1266180.72,174.28
-579173.60,-1266182.59,174.61
-579173.79,-1266182.32,174.59
-579174.01,-1266182.01,174.57
-579174.23,-1266181.70,174.51
-579174.44,-1266181.42,174.43
-579174.66,-1266181.11,174.35
-579174.87,-1266180.81,174.28
-579173.32,-1266182.16,174.58
-579173.55,-1266181.84,174.50
-579173.75,-1266181.56,174.46
-579173.95,-1266181.28,174.39
-579174.17,-1266180.97,174.31
-579173.47,-1266182.34,174.59
-579173.67,-1266182.06,174.57
-579173.87,-1266181.78,174.51
-579174.09,-1266181.47,174.43
-579174.31,-1266181.16,174.37
-579174.52,-1266180.89,174.31
-579172.60,-1266182.75,174.61
-579172.78,-1266182.49,174.59
-579172.99,-1266182.20,174.57
-579173.20,-1266181.90,174.51
-579173.40,-1266181.62,174.45
-579173.62,-1266181.31,174.37
-579173.83,-1266181.03,174.31
-579172.93,-1266182.72,174.61
-579173.12,-1266182.43,174.59
-579172.24,-1266182.81,174.61
-579172.41,-1266182.55,174.59
-579172.62,-1266182.25,174.57
-579172.82,-1266181.98,174.53
-579173.02,-1266181.70,174.47
-579173.25,-1266181.39,174.39
-579173.45,-1266181.11,174.33
-579173.66,-1266180.81,174.26
-579171.85,-1266182.87,174.60
-579172.05,-1266182.57,174.59
-579172.27,-1266182.26,174.56
-579172.47,-1266181.99,174.49
-579172.68,-1266181.70,174.45
-579172.89,-1266181.41,174.36
-579173.08,-1266181.14,174.32
-579173.30,-1266180.83,174.26
-579171.89,-1266182.35,174.56
-579172.11,-1266182.05,174.50
-579172.32,-1266181.75,174.44
-579172.53,-1266181.46,174.37
-579172.73,-1266181.18,174.31
-579172.94,-1266180.90,174.27
-579171.97,-1266181.82,174.43
-579172.18,-1266181.52,174.37
-579172.40,-1266181.22,174.29
-579172.61,-1266180.93,174.26
-579171.81,-1266181.63,174.40
-579172.04,-1266181.31,174.32
-579172.25,-1266181.01,174.27
-579171.89,-1266181.06,174.26
-579176.34,-1266180.51,174.26
-579176.55,-1266180.23,174.23
-579175.96,-1266180.58,174.26
-579176.16,-1266180.29,174.23
-579176.38,-1266179.99,174.23
-579175.84,-1266180.40,174.24
-579176.05,-1266180.10,174.23
-579176.25,-1266179.81,174.25
-579175.48,-1266180.44,174.24
-579175.68,-1266180.16,174.23
-579175.89,-1266179.87,174.23
-579175.38,-1266179.68,174.25
-579175.09,-1266180.50,174.24
-579175.30,-1266180.21,174.22
-579175.50,-1266179.94,174.22
-579175.70,-1266179.65,174.27
-579174.39,-1266180.66,174.26
-579174.60,-1266180.38,174.24
-579174.81,-1266180.08,174.24
-579174.73,-1266180.58,174.25
-579174.96,-1266180.27,174.22
-579175.17,-1266179.97,174.24
-579174.02,-1266180.75,174.26
-579174.25,-1266180.44,174.24
-579174.47,-1266180.13,174.24
-579174.67,-1266179.85,174.25
-579173.87,-1266180.52,174.25
-579174.07,-1266180.23,174.24
-579174.29,-1266179.93,174.26
-579173.51,-1266180.54,174.24
-579173.72,-1266180.25,174.22
-579173.93,-1266179.95,174.25
-579173.14,-1266180.61,174.25
-579173.36,-1266180.31,174.24
-579173.56,-1266180.03,174.25
-579172.81,-1266180.65,174.23
-579173.02,-1266180.36,174.21
-579173.22,-1266180.08,174.26
-579172.47,-1266180.71,174.26
-579172.67,-1266180.42,174.26
-579172.88,-1266180.14,174.26
-579172.11,-1266180.75,174.25
-579172.33,-1266180.45,174.22
-579171.94,-1266180.51,174.25
-579172.14,-1266180.22,174.27
-579171.84,-1266180.30,174.27
-579168.65,-1266183.38,174.60
-579167.91,-1266183.51,174.60
-579167.24,-1266183.58,174.59
-579166.93,-1266183.60,174.59
-579166.50,-1266183.65,174.61
-579166.15,-1266183.66,174.59
-579165.51,-1266183.74,174.61
-579165.70,-1266183.46,174.57
-579165.80,-1266183.74,174.61
-579165.08,-1266183.74,174.61
-579164.20,-1266184.01,174.62
-579164.76,-1266183.77,174.60
-579164.96,-1266183.50,174.56
-579163.66,-1266183.76,174.58
-579163.88,-1266184.05,174.61
-579164.09,-1266183.76,174.57
-579163.14,-1266184.08,174.60
-579163.35,-1266183.79,174.57
-579163.02,-1266183.78,174.57
-579162.08,-1266184.04,174.58
-579162.27,-1266183.76,174.55
-579162.29,-1266184.34,174.62
-579162.48,-1266184.06,174.60
-579162.68,-1266183.78,174.57
-579161.59,-1266183.72,174.53
-579161.72,-1266184.00,174.56
-579161.92,-1266183.72,174.53
-579161.52,-1266184.27,174.60
-579161.16,-1266184.32,174.61
-579161.38,-1266184.02,174.57
-579160.80,-1266184.32,174.59
-579161.01,-1266184.04,174.57
-579161.22,-1266183.74,174.51
-579160.26,-1266184.62,174.62
-579160.42,-1266184.36,174.60
-579160.65,-1266184.06,174.56
-579160.86,-1266183.76,174.50
-579159.83,-1266184.54,174.62
-579160.04,-1266184.26,174.58
-579160.23,-1266183.97,174.53
-579159.96,-1266183.99,174.54
-579159.54,-1266184.56,174.62
-579159.76,-1266184.26,174.57
-579159.00,-1266184.72,174.61
-579159.19,-1266184.44,174.59
-579159.39,-1266184.17,174.55
-579159.59,-1266183.89,174.51
-579158.67,-1266184.70,174.60
-579158.88,-1266184.40,174.59
-579159.08,-1266184.11,174.54
-579159.29,-1266183.84,174.48
-579158.14,-1266184.90,174.63
-579158.32,-1266184.64,174.59
-579158.54,-1266184.33,174.56
-579158.76,-1266184.03,174.51
-579157.75,-1266184.87,174.61
-579157.96,-1266184.58,174.58
-579158.17,-1266184.29,174.54
-579158.37,-1266184.00,174.49
-579157.25,-1266185.10,174.61
-579157.44,-1266184.82,174.61
-579157.64,-1266184.54,174.56
-579157.85,-1266184.26,174.53
-579158.06,-1266183.96,174.46
-579157.08,-1266184.76,174.56
-579157.29,-1266184.48,174.54
-579157.49,-1266184.19,174.51
-579157.71,-1266183.89,174.42
-579156.33,-1266185.19,174.61
-579156.52,-1266184.93,174.60
-579156.72,-1266184.65,174.55
-579156.91,-1266184.37,174.52
-579157.13,-1266184.07,174.44
-579156.03,-1266185.17,174.61
-579156.24,-1266184.88,174.59
-579156.43,-1266184.60,174.56
-579156.64,-1266184.33,174.51
-579156.84,-1266184.05,174.42
-579155.70,-1266185.13,174.61
-579155.91,-1266184.83,174.59
-579156.14,-1266184.52,174.53
-579156.34,-1266184.23,174.47
-579156.55,-1266183.94,174.41
-579155.14,-1266185.31,174.62
-579155.32,-1266185.04,174.59
-579155.54,-1266184.72,174.55
-579155.74,-1266184.44,174.51
-579155.96,-1266184.15,174.43
-579154.62,-1266185.46,174.62
-579154.81,-1266185.17,174.59
-579155.01,-1266184.90,174.56
-579155.21,-1266184.62,174.51
-579155.43,-1266184.32,174.47
-579155.63,-1266184.03,174.40
-579154.32,-1266185.44,174.63
-579154.72,-1266184.86,174.56
-579154.94,-1266184.56,174.51
-579155.15,-1266184.28,174.46
-579155.34,-1266184.00,174.38
-579153.84,-1266185.58,174.62
-579154.02,-1266185.32,174.59
-579154.22,-1266185.04,174.57
-579154.42,-1266184.76,174.53
-579154.64,-1266184.47,174.48
-579154.84,-1266184.18,174.42
-579153.48,-1266185.53,174.61
-579153.68,-1266185.24,174.58
-579153.88,-1266184.96,174.55
-579154.09,-1266184.68,174.51
-579154.28,-1266184.41,174.45
-579154.49,-1266184.13,174.40
-579153.12,-1266185.44,174.60
-579153.34,-1266185.15,174.55
-579153.55,-1266184.84,174.51
-579153.77,-1266184.54,174.45
-579153.96,-1266184.27,174.40
-579152.61,-1266185.67,174.61
-579152.82,-1266185.37,174.58
-579153.04,-1266185.07,174.55
-579153.23,-1266184.80,174.51
-579153.45,-1266184.49,174.45
-579153.67,-1266184.19,174.37
-579152.35,-1266185.57,174.59
-579152.54,-1266185.29,174.57
-579152.74,-1266185.02,174.54
-579152.97,-1266184.71,174.48
-579153.18,-1266184.41,174.42
-579153.38,-1266184.13,174.33
-579151.78,-1266185.74,174.59
-579151.98,-1266185.45,174.57
-579152.19,-1266185.16,174.56
-579152.40,-1266184.87,174.51
-579152.60,-1266184.59,174.44
-579152.80,-1266184.32,174.37
-579151.27,-1266185.87,174.60
-579151.45,-1266185.61,174.59
-579151.65,-1266185.33,174.56
-579151.85,-1266185.05,174.52
-579152.07,-1266184.76,174.46
-579152.48,-1266184.18,174.31
-579150.97,-1266185.81,174.60
-579151.20,-1266185.51,174.58
-579151.39,-1266185.23,174.51
-579151.59,-1266184.96,174.50
-579151.79,-1266184.68,174.42
-579151.99,-1266184.40,174.35
-579150.48,-1266185.99,174.61
-579150.67,-1266185.72,174.59
-579150.87,-1266185.43,174.56
-579151.10,-1266185.13,174.49
-579151.31,-1266184.82,174.44
-579151.51,-1266184.55,174.37
-579151.70,-1266184.28,174.31
-579149.93,-1266186.17,174.61
-579150.09,-1266185.91,174.59
-579150.31,-1266185.61,174.57
-579150.53,-1266185.31,174.52
-579150.73,-1266185.03,174.47
-579150.94,-1266184.74,174.40
-579151.16,-1266184.43,174.32
-579149.56,-1266186.07,174.60
-579149.78,-1266185.77,174.57
-579149.97,-1266185.49,174.55
-579150.18,-1266185.20,174.47
-579150.38,-1266184.91,174.42
-579150.61,-1266184.61,174.34
-579150.81,-1266184.33,174.30
-579149.09,-1266186.25,174.60
-579149.27,-1266185.98,174.59
-579149.48,-1266185.69,174.55
-579149.89,-1266185.11,174.44
-579150.09,-1266184.83,174.39
-579150.29,-1266184.56,174.34
-579150.51,-1266184.26,174.30
-579148.83,-1266186.14,174.59
-579149.02,-1266185.86,174.57
-579149.22,-1266185.59,174.53
-579149.42,-1266185.31,174.47
-579149.64,-1266185.01,174.40
-579149.84,-1266184.74,174.36
-579150.05,-1266184.44,174.27
-579148.46,-1266185.99,174.56
-579148.67,-1266185.69,174.51
-579148.87,-1266185.42,174.49
-579149.08,-1266185.14,174.43
-579149.27,-1266184.86,174.37
-579149.47,-1266184.59,174.31
-579149.68,-1266184.29,174.26
-579148.35,-1266185.55,174.50
-579148.56,-1266185.26,174.44
-579148.78,-1266184.95,174.35
-579148.98,-1266184.67,174.31
-579149.18,-1266184.40,174.25
-579148.30,-1266185.20,174.43
-579148.51,-1266184.91,174.36
-579148.73,-1266184.61,174.31
-579148.94,-1266184.31,174.25
-579148.18,-1266184.75,174.31
-579148.39,-1266184.46,174.26
-579148.08,-1266184.35,174.24
-579147.75,-1266186.41,174.62
-579147.93,-1266186.13,174.56
-579148.14,-1266185.85,174.54
-579147.47,-1266186.35,174.61
-579147.67,-1266186.08,174.55
-579147.88,-1266185.78,174.53
-579148.09,-1266185.48,174.47
-579146.95,-1266186.46,174.61
-579147.15,-1266186.19,174.56
-579147.35,-1266185.89,174.53
-579147.55,-1266185.62,174.49
-579147.75,-1266185.34,174.43
-579147.97,-1266185.05,174.36
-579146.64,-1266186.35,174.57
-579147.06,-1266185.77,174.51
-579147.25,-1266185.50,174.46
-579147.47,-1266185.20,174.41
-579147.66,-1266184.92,174.31
-579147.86,-1266184.65,174.26
-579145.98,-1266186.73,174.61
-579146.17,-1266186.44,174.56
-579146.37,-1266186.17,174.55
-579146.57,-1266185.89,174.49
-579146.77,-1266185.61,174.48
-579146.96,-1266185.34,174.40
-579147.39,-1266184.75,174.26
-579147.59,-1266184.46,174.22
-579145.88,-1266186.34,174.55
-579146.10,-1266186.05,174.51
-579146.30,-1266185.75,174.47
-579146.71,-1266185.20,174.36
-579146.90,-1266184.93,174.29
-579147.11,-1266184.64,174.25
-579145.66,-1266186.65,174.57
-579145.38,-1266186.51,174.56
-579145.60,-1266186.21,174.52
-579145.79,-1266185.94,174.52
-579146.01,-1266185.63,174.42
-579146.22,-1266185.33,174.36
-579146.43,-1266185.04,174.31
-579146.84,-1266184.48,174.19
-579144.84,-1266186.60,174.55
-579145.04,-1266186.33,174.53
-579145.23,-1266186.05,174.51
-579145.45,-1266185.75,174.44
-579145.66,-1266185.46,174.37
-579145.86,-1266185.18,174.30
-579146.08,-1266184.88,174.23
-579146.29,-1266184.59,174.21
-579144.37,-1266186.76,174.58
-579144.59,-1266186.46,174.55
-579144.79,-1266186.19,174.53
-579145.00,-1266185.89,174.46
-579145.20,-1266185.62,174.41
-579145.39,-1266185.34,174.35
-579145.62,-1266185.03,174.27
-579145.83,-1266184.73,174.23
-579146.02,-1266184.46,174.18
-579143.93,-1266186.84,174.59
-579144.13,-1266186.56,174.57
-579144.33,-1266186.28,174.53
-579144.74,-1266185.72,174.41
-579145.15,-1266185.14,174.27
-579145.35,-1266184.87,174.23
-579145.56,-1266184.59,174.19
-579143.90,-1266186.36,174.52
-579144.10,-1266186.08,174.48
-579144.30,-1266185.81,174.42
-579144.49,-1266185.54,174.36
-579144.70,-1266185.25,174.28
-579144.90,-1266184.96,174.24
-579145.10,-1266184.69,174.23
-579143.99,-1266185.55,174.30
-579144.18,-1266185.28,174.24
-579144.38,-1266185.00,174.22
-579144.58,-1266184.72,174.22
-579143.95,-1266185.09,174.24
-579144.16,-1266184.79,174.19
-579143.89,-1266184.64,174.19
-579143.47,-1266186.95,174.61
-579143.69,-1266186.65,174.57
-579142.93,-1266187.02,174.59
-579143.15,-1266186.72,174.53
-579143.35,-1266186.44,174.51
-579143.55,-1266186.15,174.45
-579142.50,-1266187.10,174.59
-579142.69,-1266186.83,174.54
-579142.89,-1266186.55,174.51
-579143.11,-1266186.25,174.47
-579143.32,-1266185.96,174.40
-579143.52,-1266185.68,174.35
-579143.73,-1266185.38,174.26
-579142.25,-1266186.92,174.57
-579142.45,-1266186.64,174.52
-579142.65,-1266186.35,174.47
-579142.86,-1266186.07,174.42
-579143.05,-1266185.79,174.37
-579143.27,-1266185.51,174.31
-579143.49,-1266185.20,174.24
-579143.68,-1266184.93,174.19
-579141.82,-1266187.02,174.57
-579142.01,-1266186.74,174.53
-579142.22,-1266186.47,174.49
-579142.42,-1266186.18,174.45
-579142.62,-1266185.89,174.40
-579142.83,-1266185.59,174.33
-579143.03,-1266185.32,174.25
-579143.24,-1266185.04,174.22
-579143.45,-1266184.74,174.19
-579141.14,-1266187.39,174.60
-579141.34,-1266187.10,174.57
-579141.75,-1266186.53,174.49
-579141.95,-1266186.25,174.44
-579142.14,-1266185.97,174.39
-579142.34,-1266185.70,174.32
-579142.55,-1266185.40,174.26
-579142.76,-1266185.12,174.23
-579142.97,-1266184.83,174.17
-579140.83,-1266187.17,174.57
-579141.04,-1266186.89,174.53
-579141.24,-1266186.60,174.50
-579141.46,-1266186.30,174.44
-579141.67,-1266186.00,174.38
-579141.87,-1266185.73,174.31
-579142.27,-1266185.17,174.19
-579142.47,-1266184.90,174.17
-579140.19,-1266187.53,174.61
-579140.36,-1266187.27,174.58
-579140.56,-1266186.99,174.55
-579140.77,-1266186.70,174.50
-579140.99,-1266186.40,174.44
-579141.19,-1266186.13,174.38
-579141.40,-1266185.83,174.33
-579141.83,-1266185.24,174.22
-579142.02,-1266184.97,174.19
-579142.22,-1266184.69,174.19
-579139.93,-1266187.39,174.60
-579140.13,-1266187.11,174.55
-579140.34,-1266186.83,174.53
-579140.53,-1266186.55,174.47
-579140.73,-1266186.27,174.39
-579140.94,-1266185.97,174.35
-579141.16,-1266185.68,174.28
-579141.35,-1266185.40,174.23
-579141.57,-1266185.10,174.20
-579141.78,-1266184.81,174.19
-579139.42,-1266187.43,174.60
-579139.62,-1266187.16,174.56
-579139.82,-1266186.89,174.52
-579140.03,-1266186.59,174.46
-579140.23,-1266186.31,174.40
-579140.43,-1266186.03,174.34
-579140.64,-1266185.74,174.27
-579140.84,-1266185.47,174.25
-579141.04,-1266185.17,174.22
-579138.98,-1266187.50,174.60
-579139.19,-1266187.20,174.55
-579139.59,-1266186.65,174.45
-579139.79,-1266186.38,174.41
-579139.98,-1266186.10,174.34
-579140.19,-1266185.81,174.27
-579140.40,-1266185.53,174.23
-579140.60,-1266185.23,174.22
-579140.80,-1266184.96,174.22
-579138.31,-1266187.87,174.62
-579138.49,-1266187.58,174.61
-579138.69,-1266187.31,174.57
-579138.90,-1266187.01,174.51
-579139.12,-1266186.72,174.46
-579139.32,-1266186.42,174.39
-579139.52,-1266186.15,174.34
-579139.73,-1266185.87,174.27
-579139.92,-1266185.60,174.23
-579140.11,-1266185.33,174.22
-579140.33,-1266185.03,174.22
-579138.06,-1266187.67,174.61
-579138.24,-1266187.40,174.56
-579138.47,-1266187.10,174.52
-579138.67,-1266186.79,174.46
-579138.87,-1266186.52,174.40
-579139.08,-1266186.22,174.33
-579139.30,-1266185.93,174.28
-579139.51,-1266185.63,174.23
-579139.70,-1266185.36,174.22
-579139.91,-1266185.08,174.20
-579137.60,-1266187.73,174.59
-579137.80,-1266187.46,174.56
-579138.01,-1266187.16,174.52
-579138.21,-1266186.89,174.48
-579138.39,-1266186.62,174.41
-579138.61,-1266186.32,174.34
-579138.83,-1266186.02,174.29
-579139.02,-1266185.75,174.25
-579139.24,-1266185.46,174.21
-579139.46,-1266185.14,174.22
-579137.12,-1266187.74,174.57
-579137.32,-1266187.46,174.53
-579137.51,-1266187.20,174.50
-579137.73,-1266186.90,174.47
-579137.92,-1266186.62,174.38
-579138.13,-1266186.33,174.33
-579138.34,-1266186.05,174.26
-579138.53,-1266185.78,174.22
-579138.74,-1266185.49,174.22
-579136.69,-1266187.81,174.57
-579136.90,-1266187.51,174.55
-579137.09,-1266187.23,174.51
-579137.29,-1266186.96,174.47
-579137.49,-1266186.69,174.40
-579137.68,-1266186.41,174.32
-579137.90,-1266186.11,174.27
-579138.09,-1266185.84,174.23
-579138.31,-1266185.54,174.22
-579138.51,-1266185.27,174.23
-579136.02,-1266188.15,174.60
-579136.21,-1266187.85,174.57
-579136.41,-1266187.58,174.55
-579136.62,-1266187.29,174.52
-579136.83,-1266186.99,174.45
-579137.06,-1266186.69,174.38
-579137.24,-1266186.43,174.32
-579137.44,-1266186.15,174.24
-579137.65,-1266185.87,174.22
-579137.83,-1266185.60,174.19
-579138.05,-1266185.30,174.22
-579135.79,-1266187.97,174.57
-579135.99,-1266187.69,174.55
-579136.19,-1266187.39,174.52
-579136.41,-1266187.10,174.47
-579136.60,-1266186.83,174.39
-579137.02,-1266186.24,174.24
-579137.24,-1266185.95,174.21
-579137.44,-1266185.67,174.21
-579137.63,-1266185.39,174.19
-579135.30,-1266187.97,174.57
-579135.49,-1266187.70,174.55
-579135.70,-1266187.39,174.52
-579135.91,-1266187.11,174.44
-579136.09,-1266186.85,174.37
-579136.31,-1266186.55,174.31
-579136.52,-1266186.25,174.25
-579136.72,-1266185.98,174.19
-579136.94,-1266185.68,174.18
-579137.15,-1266185.38,174.19
-579135.06,-1266187.76,174.55
-579135.26,-1266187.49,174.50
-579135.46,-1266187.19,174.45
-579135.66,-1266186.92,174.36
-579135.88,-1266186.62,174.31
-579136.08,-1266186.34,174.24
-579136.26,-1266186.07,174.19
-579136.48,-1266185.76,174.19
-579136.69,-1266185.47,174.19
-579134.68,-1266188.30,174.59
-579134.86,-1266188.03,174.57
-579134.42,-1266188.06,174.56
-579134.63,-1266187.78,174.53
-579134.83,-1266187.50,174.49
-579135.03,-1266187.22,174.43
-579135.22,-1266186.95,174.37
-579135.41,-1266186.68,174.29
-579135.63,-1266186.38,174.24
-579135.83,-1266186.11,174.22
-579136.04,-1266185.81,174.20
-579133.72,-1266188.42,174.62
-579133.93,-1266188.11,174.57
-579134.11,-1266187.86,174.55
-579134.34,-1266187.55,174.48
-579134.54,-1266187.25,174.43
-579134.75,-1266186.96,174.34
-579134.95,-1266186.68,174.29
-579135.15,-1266186.41,174.23
-579135.35,-1266186.14,174.23
-579135.54,-1266185.86,174.24
-579133.86,-1266187.61,174.49
-579134.08,-1266187.31,174.43
-579134.27,-1266187.03,174.34
-579134.48,-1266186.74,174.27
-579134.69,-1266186.44,174.24
-579134.91,-1266186.13,174.23
-579135.09,-1266185.87,174.24
-579133.25,-1266188.45,174.60
-579133.45,-1266188.17,174.56
-579133.66,-1266187.90,174.54
-579132.81,-1266188.50,174.59
-579133.01,-1266188.20,174.56
-579133.21,-1266187.94,174.54
-579133.42,-1266187.63,174.49
-579133.62,-1266187.36,174.41
-579133.81,-1266187.09,174.34
-579134.02,-1266186.79,174.28
-579134.24,-1266186.50,174.24
-579134.43,-1266186.23,174.22
-579134.65,-1266185.93,174.23
-579132.80,-1266187.98,174.54
-579132.99,-1266187.70,174.47
-579133.21,-1266187.40,174.43
-579133.41,-1266187.13,174.34
-579133.61,-1266186.84,174.28
-579133.81,-1266186.56,174.23
-579134.00,-1266186.29,174.22
-579134.21,-1266186.00,174.22
-579132.54,-1266187.68,174.49
-579132.94,-1266187.14,174.31
-579133.13,-1266186.86,174.26
-579133.34,-1266186.57,174.23
-579133.53,-1266186.30,174.22
-579133.75,-1266186.00,174.20
-579132.53,-1266187.08,174.27
-579132.73,-1266186.81,174.26
-579132.93,-1266186.53,174.21
-579133.11,-1266186.27,174.21
-579133.31,-1266185.99,174.22
-579132.49,-1266186.54,174.21
-579132.69,-1266186.25,174.25
-579171.49,-1266182.93,174.62
-579171.67,-1266182.66,174.59
-579171.14,-1266183.00,174.62
-579171.32,-1266182.72,174.59
-579171.54,-1266182.42,174.56
-579171.75,-1266182.13,174.53
-579170.97,-1266182.79,174.59
-579171.17,-1266182.52,174.56
-579171.39,-1266182.21,174.53
-579171.61,-1266181.90,174.46
-579170.44,-1266183.09,174.60
-579170.62,-1266182.82,174.59
-579170.85,-1266182.51,174.56
-579171.05,-1266182.23,174.51
-579171.25,-1266181.95,174.47
-579171.47,-1266181.64,174.39
-579171.69,-1266181.34,174.33
-579170.87,-1266181.98,174.47
-579171.08,-1266181.69,174.40
-579171.29,-1266181.41,174.34
-579171.50,-1266181.11,174.28
-579170.14,-1266182.65,174.55
-579170.35,-1266182.37,174.52
-579170.57,-1266182.06,174.46
-579170.77,-1266181.78,174.40
-579170.99,-1266181.48,174.31
-579171.20,-1266181.19,174.28
-579171.39,-1266180.91,174.26
-579170.23,-1266182.87,174.59
-579170.46,-1266182.56,174.55
-579170.66,-1266182.28,174.53
-579169.38,-1266183.25,174.60
-579169.58,-1266182.95,174.59
-579169.78,-1266182.67,174.55
-579169.98,-1266182.39,174.51
-579170.19,-1266182.10,174.45
-579170.39,-1266181.82,174.40
-579170.61,-1266181.52,174.33
-579170.81,-1266181.24,174.28
-579171.03,-1266180.94,174.24
-579168.98,-1266183.30,174.60
-579169.18,-1266183.01,174.59
-579169.40,-1266182.71,174.54
-579169.61,-1266182.40,174.49
-579169.82,-1266182.12,174.46
-579170.02,-1266181.84,174.38
-579170.23,-1266181.55,174.34
-579170.43,-1266181.27,174.27
-579170.64,-1266180.97,174.23
-579168.47,-1266183.19,174.59
-579168.69,-1266182.88,174.57
-579168.91,-1266182.58,174.52
-579169.11,-1266182.30,174.47
-579169.34,-1266181.99,174.40
-579169.55,-1266181.69,174.30
-579169.76,-1266181.39,174.24
-579169.98,-1266181.10,174.22
-579168.84,-1266183.10,174.59
-579169.05,-1266182.82,174.58
-579169.26,-1266182.51,174.51
-579169.48,-1266182.21,174.47
-579169.70,-1266181.90,174.38
-579169.90,-1266181.62,174.30
-579170.11,-1266181.34,174.27
-579170.31,-1266181.06,174.24
-579167.75,-1266183.24,174.58
-579167.95,-1266182.97,174.56
-579168.17,-1266182.67,174.53
-579168.37,-1266182.38,174.46
-579168.57,-1266182.11,174.41
-579168.79,-1266181.80,174.33
-579168.10,-1266183.23,174.59
-579168.31,-1266182.94,174.56
-579168.51,-1266182.67,174.54
-579168.73,-1266182.36,174.47
-579168.94,-1266182.06,174.41
-579169.14,-1266181.78,174.33
-579169.37,-1266181.48,174.26
-579169.59,-1266181.16,174.22
-579167.42,-1266183.32,174.58
-579167.62,-1266183.04,174.56
-579167.83,-1266182.74,174.52
-579168.04,-1266182.45,174.46
-579168.26,-1266182.15,174.39
-579168.46,-1266181.88,174.32
-579168.67,-1266181.58,174.25
-579168.88,-1266181.28,174.19
-579169.01,-1266181.49,174.26
-579169.21,-1266181.22,174.22
-579167.10,-1266183.34,174.58
-579167.30,-1266183.06,174.54
-579167.51,-1266182.78,174.50
-579167.70,-1266182.50,174.44
-579167.92,-1266182.20,174.38
-579168.12,-1266181.91,174.31
-579168.34,-1266181.61,174.24
-579168.55,-1266181.32,174.21
-579168.75,-1266181.04,174.18
-579166.70,-1266183.37,174.58
-579166.91,-1266183.06,174.56
-579167.12,-1266182.77,174.49
-579167.32,-1266182.50,174.44
-579167.52,-1266182.22,174.37
-579167.72,-1266181.93,174.30
-579167.94,-1266181.64,174.25
-579168.14,-1266181.35,174.21
-579168.37,-1266181.04,174.19
-579166.44,-1266182.85,174.50
-579166.65,-1266182.55,174.43
-579166.87,-1266182.25,174.37
-579167.09,-1266181.94,174.29
-579167.29,-1266181.66,174.24
-579167.49,-1266181.38,174.23
-579167.70,-1266181.10,174.19
-579166.34,-1266183.39,174.57
-579166.56,-1266183.09,174.52
-579166.78,-1266182.78,174.49
-579166.99,-1266182.48,174.42
-579167.20,-1266182.20,174.37
-579167.40,-1266181.91,174.29
-579167.60,-1266181.64,174.25
-579167.81,-1266181.35,174.21
-579165.90,-1266183.19,174.54
-579166.13,-1266182.88,174.49
-579166.35,-1266182.57,174.42
-579166.54,-1266182.30,174.37
-579166.76,-1266182.00,174.29
-579166.98,-1266181.69,174.23
-579167.20,-1266181.39,174.19
-579167.40,-1266181.11,174.21
-579166.02,-1266183.43,174.58
-579166.23,-1266183.13,174.55
-579165.29,-1266183.45,174.56
-579165.51,-1266183.15,174.53
-579165.71,-1266182.88,174.48
-579165.91,-1266182.59,174.42
-579166.13,-1266182.29,174.36
-579166.34,-1266181.99,174.28
-579166.55,-1266181.71,174.24
-579166.77,-1266181.40,174.22
-579164.58,-1266183.46,174.56
-579164.77,-1266183.18,174.50
-579164.98,-1266182.89,174.44
-579165.20,-1266182.59,174.37
-579165.40,-1266182.32,174.31
-579165.63,-1266182.00,174.25
-579165.82,-1266181.73,174.23
-579166.02,-1266181.45,174.20
-579165.18,-1266183.19,174.52
-579165.39,-1266182.91,174.49
-579165.60,-1266182.61,174.40
-579165.80,-1266182.33,174.36
-579166.01,-1266182.04,174.28
-579166.23,-1266181.74,174.23
-579166.44,-1266181.44,174.22
-579166.65,-1266181.15,174.21
-579163.87,-1266183.46,174.54
-579164.08,-1266183.17,174.50
-579164.30,-1266182.86,174.42
-579164.51,-1266182.57,174.36
-579164.71,-1266182.30,174.29
-579164.91,-1266182.02,174.24
-579165.11,-1266181.74,174.22
-579165.33,-1266181.44,174.20
-579164.30,-1266183.47,174.55
-579164.50,-1266183.18,174.49
-579164.70,-1266182.90,174.46
-579164.90,-1266182.62,174.37
-579165.11,-1266182.34,174.31
-579165.33,-1266182.04,174.25
-579165.52,-1266181.76,174.23
-579165.74,-1266181.46,174.23
-579165.95,-1266181.17,174.22
-579163.57,-1266183.48,174.52
-579163.78,-1266183.20,174.51
-579163.99,-1266182.90,174.43
-579164.21,-1266182.59,174.37
-579164.43,-1266182.29,174.29
-579164.63,-1266182.02,174.23
-579164.83,-1266181.73,174.19
-579165.03,-1266181.45,174.19
-579163.52,-1266182.61,174.33
-579163.73,-1266182.32,174.28
-579163.94,-1266182.03,174.23
-579164.16,-1266181.73,174.19
-579164.37,-1266181.43,174.17
-579163.20,-1266183.50,174.53
-579163.43,-1266183.20,174.47
-579163.64,-1266182.89,174.43
-579163.84,-1266182.62,174.34
-579164.07,-1266182.31,174.28
-579164.28,-1266182.01,174.22
-579164.50,-1266181.71,174.19
-579164.71,-1266181.42,174.19
-579162.50,-1266183.46,174.50
-579162.70,-1266183.18,174.44
-579162.92,-1266182.88,174.36
-579163.12,-1266182.60,174.31
-579163.32,-1266182.32,174.28
-579163.54,-1266182.02,174.23
-579163.76,-1266181.71,174.19
-579163.96,-1266181.43,174.19
-579162.90,-1266183.48,174.51
-579163.10,-1266183.20,174.47
-579163.30,-1266182.92,174.39
-579161.79,-1266183.44,174.49
-579162.00,-1266183.16,174.41
-579162.19,-1266182.88,174.37
-579162.40,-1266182.60,174.28
-579162.61,-1266182.30,174.25
-579162.81,-1266182.02,174.23
-579163.04,-1266181.71,174.22
-579162.13,-1266183.43,174.49
-579162.32,-1266183.17,174.44
-579162.54,-1266182.86,174.36
-579162.75,-1266182.57,174.31
-579162.96,-1266182.28,174.25
-579163.17,-1266181.99,174.22
-579163.37,-1266181.71,174.20
-579161.50,-1266182.87,174.31
-579161.72,-1266182.57,174.26
-579161.92,-1266182.29,174.24
-579162.12,-1266182.01,174.23
-579162.32,-1266181.73,174.24
-579161.66,-1266183.14,174.40
-579161.86,-1266182.85,174.32
-579162.06,-1266182.57,174.28
-579162.26,-1266182.30,174.24
-579162.47,-1266182.01,174.24
-579162.68,-1266181.71,174.24
-579162.89,-1266181.43,174.25
-579161.44,-1266181.94,174.25
-579161.51,-1266182.20,174.25
-579161.73,-1266181.90,174.25
-579161.93,-1266181.62,174.25
-579161.44,-1266183.43,174.47
-579161.07,-1266183.47,174.47
-579161.28,-1266183.17,174.40
-579160.45,-1266183.69,174.49
-579160.66,-1266183.39,174.41
-579160.88,-1266183.09,174.35
-579161.08,-1266182.80,174.28
-579161.30,-1266182.50,174.26
-579160.18,-1266183.68,174.47
-579160.38,-1266183.40,174.40
-579160.58,-1266183.12,174.36
-579160.80,-1266182.82,174.29
-579161.02,-1266182.51,174.26
-579161.21,-1266182.24,174.25
-579159.81,-1266183.58,174.44
-579160.01,-1266183.30,174.38
-579160.22,-1266183.01,174.31
-579160.43,-1266182.72,174.25
-579160.63,-1266182.44,174.24
-579160.84,-1266182.15,174.25
-579159.48,-1266183.56,174.42
-579159.69,-1266183.27,174.36
-579159.90,-1266182.98,174.29
-579160.10,-1266182.69,174.25
-579160.32,-1266182.39,174.22
-579160.52,-1266182.12,174.22
-579158.97,-1266183.74,174.44
-579159.17,-1266183.46,174.39
-579159.37,-1266183.18,174.31
-579159.57,-1266182.90,174.28
-579159.77,-1266182.62,174.25
-579160.19,-1266182.05,174.23
-579158.59,-1266183.70,174.44
-579158.80,-1266183.41,174.37
-579159.03,-1266183.10,174.28
-579159.23,-1266182.82,174.24
-579159.43,-1266182.55,174.22
-579159.63,-1266182.26,174.22
-579159.83,-1266181.98,174.23
-579158.28,-1266183.66,174.40
-579158.48,-1266183.37,174.32
-579158.70,-1266183.08,174.28
-579158.91,-1266182.78,174.24
-579159.13,-1266182.47,174.22
-579159.33,-1266182.19,174.22
-579159.53,-1266181.92,174.23
-579157.90,-1266183.62,174.38
-579158.11,-1266183.32,174.30
-579158.34,-1266183.02,174.27
-579158.54,-1266182.74,174.24
-579158.75,-1266182.44,174.23
-579157.33,-1266183.79,174.40
-579157.55,-1266183.49,174.33
-579157.74,-1266183.22,174.28
-579157.95,-1266182.93,174.24
-579158.16,-1266182.63,174.22
-579158.38,-1266182.33,174.23
-579157.04,-1266183.77,174.40
-579157.25,-1266183.47,174.31
-579157.45,-1266183.19,174.27
-579157.67,-1266182.89,174.23
-579157.87,-1266182.61,174.22
-579158.07,-1266182.33,174.23
-579156.76,-1266183.66,174.36
-579156.95,-1266183.40,174.30
-579157.15,-1266183.11,174.28
-579157.37,-1266182.81,174.24
-579157.57,-1266182.53,174.23
-579156.18,-1266183.85,174.37
-579156.39,-1266183.55,174.30
-579156.59,-1266183.27,174.25
-579156.80,-1266182.99,174.23
-579157.00,-1266182.71,174.22
-579155.84,-1266183.75,174.32
-579156.06,-1266183.44,174.27
-579156.27,-1266183.15,174.24
-579156.49,-1266182.84,174.24
-579156.70,-1266182.56,174.24
-579155.56,-1266183.71,174.32
-579155.78,-1266183.41,174.27
-579155.98,-1266183.12,174.24
-579156.20,-1266182.82,174.24
-579156.41,-1266182.53,174.27
-579155.05,-1266183.89,174.35
-579155.25,-1266183.61,174.29
-579155.45,-1266183.33,174.26
-579155.68,-1266183.02,174.25
-579155.88,-1266182.73,174.24
-579154.70,-1266183.82,174.32
-579154.90,-1266183.55,174.29
-579155.12,-1266183.25,174.25
-579155.32,-1266182.96,174.25
-579154.37,-1266183.71,174.27
-579154.57,-1266183.44,174.25
-579154.78,-1266183.14,174.25
-579154.99,-1266182.85,174.25
-579154.17,-1266183.99,174.33
-579153.88,-1266183.90,174.33
-579154.08,-1266183.62,174.26
-579154.28,-1266183.34,174.25
-579154.48,-1266183.06,174.25
-579153.59,-1266183.84,174.29
-579153.81,-1266183.53,174.25
-579154.02,-1266183.23,174.24
-579153.01,-1266184.01,174.30
-579153.23,-1266183.72,174.25
-579153.43,-1266183.44,174.24
-579153.65,-1266183.14,174.24
-579153.10,-1266183.32,174.22
-579153.32,-1266183.02,174.23
-579152.68,-1266183.90,174.26
-579152.88,-1266183.63,174.24
-579152.20,-1266184.11,174.30
-579152.41,-1266183.83,174.26
-579152.62,-1266183.53,174.22
-579152.82,-1266183.26,174.22
-579151.91,-1266183.99,174.24
-579152.11,-1266183.72,174.23
-579152.32,-1266183.42,174.20
-579152.52,-1266183.14,174.22
-579151.37,-1266184.13,174.26
-579151.57,-1266183.86,174.24
-579151.78,-1266183.58,174.21
-579151.02,-1266184.04,174.23
-579151.23,-1266183.74,174.22
-579151.45,-1266183.44,174.18
-579150.73,-1266183.96,174.22
-579150.92,-1266183.68,174.22
-579151.14,-1266183.38,174.22
-579150.25,-1266184.16,174.25
-579150.44,-1266183.89,174.22
-579150.66,-1266183.59,174.21
-579150.88,-1266183.29,174.22
-579149.89,-1266184.00,174.25
-579150.10,-1266183.71,174.23
-579149.38,-1266184.12,174.23
-579149.58,-1266183.84,174.23
-579149.79,-1266183.55,174.25
-579149.14,-1266184.04,174.23
-579149.33,-1266183.76,174.24
-579148.60,-1266184.17,174.23
-579148.81,-1266183.87,174.23
-579148.29,-1266184.05,174.22
-579148.49,-1266183.78,174.20
-579148.00,-1266183.90,174.20
-579147.79,-1266184.18,174.22
-579147.32,-1266184.34,174.22
-579147.52,-1266184.07,174.22
-579147.73,-1266183.77,174.22
-579147.03,-1266184.21,174.18
-579147.23,-1266183.93,174.22
-579146.51,-1266184.29,174.19
-579146.24,-1266184.16,174.19
-579145.77,-1266184.29,174.19
-579145.98,-1266183.99,174.21
-579145.32,-1266184.38,174.19
-579144.78,-1266184.45,174.23
-579144.36,-1266184.51,174.21
-579171.72,-1266180.80,174.25
-579171.62,-1266180.60,174.24
-579171.23,-1266180.65,174.22
-579171.43,-1266180.37,174.24
-579170.85,-1266180.68,174.22
-579171.07,-1266180.38,174.24
-579170.17,-1266180.82,174.22
-579170.37,-1266180.54,174.23
-579170.51,-1266180.78,174.23
-579170.73,-1266180.47,174.24
-579169.80,-1266180.86,174.20
-579169.10,-1266180.99,174.19
-579169.30,-1266180.70,174.19
-579169.43,-1266180.91,174.21
-579169.65,-1266180.60,174.22
-579168.97,-1266180.74,174.19
-579168.56,-1266180.77,174.19
-579167.90,-1266180.82,174.24
-579168.02,-1266181.05,174.21
-579168.22,-1266180.77,174.21
-579167.61,-1266180.82,174.21
-579166.98,-1266181.10,174.21
-579166.24,-1266181.14,174.23
-579166.86,-1266180.85,174.26
-579165.23,-1266181.18,174.23
-579164.90,-1266181.14,174.22
-579143.66,-1266184.45,174.19
-579143.16,-1266184.56,174.19
-579142.68,-1266184.60,174.17
