-443784.17,-1172310.38,358.85
-443784.29,-1172310.07,358.66
-443784.83,-1172310.08,358.77
-443784.96,-1172309.76,358.49
-443785.08,-1172309.46,358.33
-443785.20,-1172309.15,358.11
-443785.30,-1172309.76,358.57
-443785.42,-1172309.45,358.37
-443785.53,-1172309.17,358.17
-443784.82,-1172309.75,358.48
-443784.60,-1172309.94,358.56
-443784.34,-1172310.16,358.72
-443786.01,-1172309.23,358.25
-443785.78,-1172309.43,358.38
-443785.54,-1172309.62,358.51
-443785.28,-1172309.84,358.62
-443785.03,-1172310.05,358.74
-443784.78,-1172310.27,358.82
-443785.56,-1172309.13,358.13
-443785.31,-1172309.34,358.24
-443785.06,-1172309.55,358.36
-443784.63,-1172310.08,358.71
-443785.06,-1172310.17,358.81
-443785.21,-1172310.31,358.92
-443784.19,-1172310.22,358.80
-443784.43,-1172310.00,358.60
-443784.66,-1172309.79,358.50
-443785.12,-1172309.37,358.24
-443785.37,-1172309.15,358.13
-443784.87,-1172310.02,358.70
-443785.09,-1172309.82,358.58
-443785.34,-1172309.60,358.51
-443785.56,-1172309.40,358.36
-443784.41,-1172310.09,358.68
-443784.75,-1172309.81,358.49
-443785.09,-1172309.52,358.35
-443785.41,-1172309.25,358.20
-443784.93,-1172310.18,358.81
-443785.27,-1172309.90,358.65
-443785.63,-1172309.59,358.52
-443785.94,-1172309.33,358.33
