-443745.20,-1172319.46,359.42
-443745.02,-1172319.53,359.39
-443745.45,-1172319.80,359.14
-443745.53,-1172319.99,358.93
-443744.80,-1172319.72,359.36
-443745.08,-1172318.25,360.20
-443745.52,-1172318.44,359.97
-443745.51,-1172320.10,358.86
-443745.78,-1172318.22,360.10
-443745.48,-1172320.17,358.83
-443744.55,-1172319.93,359.23
-443745.75,-1172318.05,360.25
-443745.02,-1172317.88,360.60
-443746.28,-1172319.98,358.95
-443746.42,-1172319.87,359.02
-443746.34,-1172320.38,358.78
-443744.51,-1172320.08,359.11
-443745.35,-1172320.47,358.54
-443745.79,-1172317.95,360.27
-443745.81,-1172317.92,360.34
-443744.58,-1172318.02,360.43
-443744.36,-1172318.30,360.16
-443744.26,-1172318.30,360.17
-443744.53,-1172320.31,358.87
-443744.11,-1172318.52,360.01
-443744.17,-1172318.34,360.14
-443745.34,-1172320.65,358.44
-443745.35,-1172317.48,360.72
-443745.11,-1172317.68,360.68
-443746.79,-1172319.99,358.93
-443745.49,-1172320.68,358.44
-443745.43,-1172320.71,358.44
-443746.06,-1172320.61,358.60
-443746.10,-1172320.58,358.66
-443744.39,-1172320.39,358.83
-443746.27,-1172320.50,358.66
-443743.85,-1172318.73,359.89
-443745.83,-1172320.80,358.44
-443745.92,-1172317.63,360.56
-443746.84,-1172319.96,358.98
-443745.97,-1172320.78,358.44
-443747.21,-1172319.93,358.93
-443746.94,-1172319.89,359.00
-443744.50,-1172317.71,360.70
-443745.63,-1172317.46,360.70
-443746.31,-1172317.50,360.55
-443745.97,-1172317.54,360.62
-443745.92,-1172320.88,358.41
-443744.05,-1172320.72,358.51
-443743.61,-1172318.93,359.75
-443743.81,-1172320.31,358.98
-443743.91,-1172320.31,358.96
-443743.53,-1172318.92,359.75
-443743.63,-1172319.97,359.13
-443743.61,-1172319.76,359.29
-443744.45,-1172317.47,360.89
-443745.23,-1172317.09,360.85
-443744.97,-1172317.27,360.86
-443746.69,-1172320.70,358.51
-443743.74,-1172318.10,360.42
-443743.73,-1172318.01,360.59
-443743.63,-1172318.29,360.17
-443746.74,-1172317.63,360.26
-443746.83,-1172317.84,360.18
-443747.09,-1172317.92,360.09
-443746.95,-1172317.91,360.11
-443745.84,-1172317.07,360.80
-443745.97,-1172317.05,360.76
-443746.40,-1172317.39,360.56
-443746.74,-1172317.52,360.31
-443746.81,-1172320.64,358.51
-443746.72,-1172320.72,358.47
-443745.71,-1172317.07,360.83
-443745.49,-1172317.13,360.85
-443743.55,-1172320.11,359.08
-443743.81,-1172320.92,358.39
-443744.69,-1172317.22,360.91
-443743.68,-1172317.98,360.60
-443743.43,-1172318.38,360.07
-443745.74,-1172317.04,360.83
-443743.44,-1172320.18,359.03
-443747.21,-1172318.06,360.00
-443744.45,-1172317.23,360.91
-443747.23,-1172320.29,358.74
-443746.91,-1172320.81,358.32
-443746.99,-1172320.67,358.50
-443743.29,-1172318.72,359.88
-443744.16,-1172320.98,358.32
-443743.21,-1172319.61,359.44
-443743.49,-1172320.61,358.80
-443747.41,-1172318.12,359.94
-443747.62,-1172318.35,359.82
-443744.05,-1172321.03,358.32
-443743.44,-1172318.18,360.35
-443743.21,-1172318.38,360.10
-443743.20,-1172318.40,360.11
-443747.39,-1172320.40,358.64
-443743.10,-1172319.90,359.24
-443747.80,-1172318.58,359.66
-443747.79,-1172318.57,359.67
-443743.56,-1172317.74,360.82
-443743.57,-1172317.63,360.88
-443742.96,-1172318.59,360.01
-443747.05,-1172320.86,358.29
-443747.64,-1172318.37,359.79
-443743.35,-1172317.81,360.71
-443747.32,-1172320.86,358.24
-443743.58,-1172317.33,360.92
-443747.55,-1172320.72,358.30
-443747.58,-1172320.64,358.37
-443743.71,-1172321.20,358.29
-443747.64,-1172320.56,358.43
-443748.02,-1172318.68,359.59
-443747.74,-1172320.50,358.51
-443742.66,-1172318.69,360.01
-443747.82,-1172320.44,358.53
-443743.53,-1172321.18,358.31
-443742.96,-1172317.88,360.62
-443748.26,-1172318.75,359.50
-443743.24,-1172317.41,360.84
-443743.36,-1172317.24,360.89
-443748.19,-1172319.11,359.33
-443748.30,-1172319.47,359.12
-443743.11,-1172317.45,360.85
-443743.05,-1172320.62,358.77
-443743.14,-1172320.92,358.52
-443742.85,-1172317.95,360.61
-443748.00,-1172320.29,358.63
-443748.32,-1172320.54,358.44
-443748.23,-1172319.05,359.35
-443743.22,-1172321.26,358.35
-443742.56,-1172318.65,360.07
-443748.35,-1172319.60,359.01
-443748.42,-1172318.91,359.34
-443742.64,-1172318.12,360.60
-443742.42,-1172319.03,359.75
-443742.32,-1172318.73,360.07
-443742.61,-1172318.15,360.60
-443742.96,-1172317.42,360.88
-443742.67,-1172320.56,358.85
-443742.62,-1172320.60,358.84
-443742.32,-1172319.53,359.46
-443742.28,-1172319.31,359.61
-443742.90,-1172321.16,358.39
-443742.22,-1172319.21,359.68
-443742.30,-1172318.65,360.15
-443742.36,-1172318.66,360.09
-443748.53,-1172319.70,358.92
-443742.83,-1172317.34,360.88
-443742.24,-1172319.74,359.34
-443742.81,-1172321.40,358.29
-443742.38,-1172318.08,360.75
-443748.33,-1172320.54,358.44
-443742.23,-1172319.87,359.30
-443742.36,-1172320.52,358.94
-443742.47,-1172320.57,358.87
-443748.43,-1172320.51,358.50
-443742.10,-1172320.12,359.22
-443742.46,-1172317.49,360.87
-443742.24,-1172317.87,360.88
-443742.79,-1172321.41,358.28
-443742.80,-1172321.24,358.37
-443742.52,-1172321.36,358.28
-443748.84,-1172319.43,358.97
-443748.94,-1172319.43,358.96
-443748.97,-1172319.47,358.92
-443742.05,-1172320.43,359.04
-443742.40,-1172317.44,360.87
-443742.19,-1172317.43,360.88
-443748.80,-1172320.49,358.47
-443741.90,-1172317.86,360.99
-443748.90,-1172320.64,358.37
-443741.81,-1172317.89,361.00
-443741.70,-1172317.84,361.03
-443741.93,-1172317.59,360.94
-443749.31,-1172319.63,358.75
-443749.14,-1172320.43,358.48
-443741.68,-1172317.44,360.95
-443749.39,-1172319.69,358.72
-443741.60,-1172317.75,361.02
-443749.37,-1172320.24,358.53
-443749.54,-1172319.86,358.65
-443749.48,-1172320.22,358.53
-443741.49,-1172317.56,361.00
-443741.35,-1172317.63,361.04
-443741.26,-1172317.68,361.09
-443741.24,-1172317.77,361.11
-443741.20,-1172317.85,361.14

