-443714.18,-1172297.27,357.62
-443714.10,-1172297.72,357.53
-443714.04,-1172297.19,357.65
-443713.62,-1172297.79,357.52
-443716.01,-1172297.82,357.49
-443715.91,-1172297.39,357.59
-443714.75,-1172296.56,357.78
-443715.13,-1172296.70,357.75
-443714.68,-1172296.31,357.87
-443713.74,-1172297.39,357.62
-443716.20,-1172297.33,357.54
-443715.41,-1172296.60,357.77
-443716.36,-1172297.75,357.45
-443713.42,-1172297.86,357.51
-443715.81,-1172296.25,357.84
-443715.34,-1172296.20,357.88
-443714.53,-1172296.02,357.95
-443713.29,-1172297.33,357.62
-443713.21,-1172297.70,357.52
-443716.51,-1172298.22,357.28
-443716.53,-1172298.66,357.23
-443716.13,-1172296.67,357.70
-443716.31,-1172297.07,357.58
-443716.17,-1172296.62,357.70
-443716.45,-1172297.06,357.53
-443716.51,-1172297.42,357.46
-443715.65,-1172295.88,357.95
-443715.32,-1172296.19,357.89
-443714.53,-1172295.98,357.96
-443716.71,-1172297.69,357.01
-443716.75,-1172298.02,356.67
-443713.08,-1172297.59,357.52
-443713.04,-1172297.54,357.52
-443714.15,-1172299.46,357.20
-443714.02,-1172299.02,357.28
-443716.86,-1172297.78,356.77
-443713.08,-1172297.36,357.55
-443713.02,-1172298.00,357.43
-443716.31,-1172296.36,357.74
-443716.43,-1172299.08,357.16
-443716.48,-1172298.82,357.21
-443713.05,-1172298.31,357.36
-443713.62,-1172299.30,357.24
-443714.84,-1172295.74,358.01
-443712.88,-1172296.80,357.66
-443712.93,-1172296.97,357.66
-443714.12,-1172295.77,358.01
-443713.86,-1172295.98,357.95
-443713.54,-1172299.43,357.16
-443714.46,-1172295.78,358.02
-443714.85,-1172295.63,358.02
-443715.14,-1172295.72,358.01
-443712.91,-1172298.55,357.29
-443712.80,-1172296.69,357.62
-443712.81,-1172296.64,357.65
-443715.12,-1172295.48,358.03
-443716.32,-1172296.12,357.81
-443713.00,-1172298.81,357.20
-443714.02,-1172299.77,357.13
-443713.56,-1172295.83,358.00
-443713.16,-1172299.14,357.20
-443715.45,-1172295.48,358.01
-443715.25,-1172295.43,358.02
-443712.97,-1172296.37,357.79
-443716.40,-1172299.41,357.12
-443716.42,-1172299.48,357.09
-443713.51,-1172295.65,358.01
-443713.48,-1172295.74,358.01
-443714.80,-1172300.11,357.08
-443714.90,-1172300.08,357.07
-443716.29,-1172295.86,357.89
-443713.59,-1172299.74,357.13
-443713.04,-1172299.32,357.09
-443715.93,-1172299.98,357.06
-443716.16,-1172299.70,357.09
-443713.21,-1172295.97,357.94
-443713.24,-1172295.88,357.97
-443714.33,-1172300.13,357.07
-443715.28,-1172300.14,357.05
-443712.99,-1172296.10,357.88
-443716.46,-1172299.58,357.08
-443716.28,-1172299.72,357.09
-443716.09,-1172295.55,357.98
-443715.45,-1172295.18,358.03
-443715.29,-1172300.15,357.05
-443716.46,-1172299.63,357.07
-443715.94,-1172300.06,357.05
-443712.86,-1172296.15,357.82
-443715.63,-1172300.16,357.05
-443715.58,-1172295.16,358.02
-443715.89,-1172300.10,357.05
-443713.12,-1172299.71,357.08
-443714.01,-1172300.29,357.08
-443713.95,-1172300.29,357.08
-443713.53,-1172300.34,357.07
-443713.09,-1172299.76,357.06
-443713.30,-1172300.01,357.08
-443713.05,-1172299.86,357.04
-443713.33,-1172300.07,357.08
-443715.99,-1172295.09,358.01

