-443707.13,-1172293.53,355.43
-443706.76,-1172293.54,355.58
-443706.88,-1172293.25,355.27
-443706.57,-1172293.12,355.46
-443706.68,-1172292.84,355.09
-443706.21,-1172293.24,356.78
-443697.32,-1172291.09,358.37
-443697.16,-1172290.56,358.27
-443697.67,-1172291.54,358.56
-443697.79,-1172291.23,358.27
-443697.91,-1172290.95,358.16
-443698.03,-1172290.65,358.07
-443698.01,-1172291.37,358.21
-443698.58,-1172293.20,357.52
-443698.70,-1172292.91,357.18
-443698.98,-1172294.09,358.34
-443699.10,-1172293.81,357.97
-443698.52,-1172294.06,358.38
-443698.76,-1172293.49,357.72
-443699.24,-1172294.40,358.36
-443699.61,-1172293.50,357.47
-443699.73,-1172293.20,357.15
-443700.09,-1172293.69,357.49
-443700.21,-1172293.41,357.23
-443700.03,-1172294.60,358.34
-443700.40,-1172293.69,357.41
-443700.48,-1172294.47,358.12
-443700.72,-1172293.87,357.52
-443700.63,-1172294.62,358.19
-443700.76,-1172294.32,357.90
-443700.87,-1172294.03,357.61
-443700.99,-1172293.74,357.30
-443700.88,-1172294.87,358.25
-443701.00,-1172294.58,358.05
-443701.12,-1172294.29,357.77
-443701.24,-1172293.99,357.48
-443701.07,-1172294.92,358.24
-443701.32,-1172294.31,357.72
-443701.44,-1172294.02,357.41
-443701.64,-1172294.46,357.73
-443701.76,-1172294.16,357.45
-443701.85,-1172294.88,358.11
-443701.97,-1172294.59,357.79
-443702.10,-1172294.27,357.47
-443702.10,-1172294.27,357.47
-443702.21,-1172295.20,358.26
-443702.32,-1172294.93,358.02
-443702.44,-1172294.63,357.64
-443702.57,-1172294.33,357.35
-443702.80,-1172294.58,357.56
-443702.92,-1172294.31,357.24
-443703.45,-1172294.79,357.71
-443704.18,-1172296.02,358.39
-443704.30,-1172295.74,358.36
-443703.83,-1172295.88,358.44
-443704.65,-1172296.01,358.34
-443705.36,-1172296.06,358.35
-443705.73,-1172295.17,357.24
-443706.08,-1172294.31,356.79
-443706.20,-1172294.01,356.30
-443706.32,-1172293.73,356.06
-443705.00,-1172296.18,358.31
-443705.24,-1172295.62,357.87
-443705.37,-1172295.30,357.50
-443705.97,-1172293.84,356.93
-443705.92,-1172296.50,358.45
-443705.54,-1172296.51,358.40
-443705.67,-1172296.21,358.39
-443706.40,-1172294.41,356.30
-443707.13,-1172293.31,355.09
-443706.88,-1172293.52,355.46
-443707.15,-1172292.83,354.69
-443706.65,-1172293.25,355.48
-443706.65,-1172292.87,355.14
-443697.34,-1172290.42,358.16
-443697.09,-1172290.64,358.28
-443696.85,-1172290.83,358.32
-443697.57,-1172290.75,358.22
-443697.07,-1172291.17,358.46
-443697.84,-1172291.14,358.21
-443698.09,-1172291.32,358.11
-443697.62,-1172291.71,358.74
-443698.78,-1172293.08,357.28
-443699.22,-1172293.22,357.27
-443698.72,-1172293.63,357.91
-443698.88,-1172294.13,358.35
-443699.85,-1172293.32,357.22
-443699.61,-1172293.53,357.50
-443699.36,-1172293.73,357.75
-443699.12,-1172293.93,358.09
-443700.17,-1172293.47,357.29
-443699.94,-1172293.66,357.51
-443699.44,-1172294.07,358.17
-443700.64,-1172293.55,357.24
-443700.38,-1172293.77,357.53
-443699.66,-1172294.37,358.31
-443700.93,-1172293.75,357.31
-443700.19,-1172294.37,358.16
-443701.51,-1172293.82,357.22
-443701.25,-1172294.04,357.50
-443701.00,-1172294.25,357.79
-443700.77,-1172294.44,358.00
-443701.45,-1172294.22,357.57
-443701.20,-1172294.42,357.80
-443700.95,-1172294.63,358.11
-443700.69,-1172294.85,358.26
-443702.13,-1172294.06,357.24
-443701.63,-1172294.47,357.74
-443701.40,-1172294.67,358.02
-443701.14,-1172294.88,358.24
-443702.27,-1172294.36,357.49
-443702.03,-1172294.56,357.73
-443701.78,-1172294.77,357.96
-443702.82,-1172294.41,357.31
-443702.56,-1172294.62,357.64
-443702.32,-1172294.82,357.90
-443702.07,-1172295.02,358.13
-443701.83,-1172295.22,358.26
-443703.16,-1172294.49,357.28
-443702.90,-1172294.70,357.67
-443702.65,-1172294.91,357.92
-443702.42,-1172295.10,358.15
-443702.16,-1172295.32,358.31
-443703.05,-1172295.38,358.42
-443703.48,-1172295.50,358.45
-443706.62,-1172293.74,355.84
-443706.37,-1172293.94,356.09
-443705.14,-1172294.97,357.16
-443704.91,-1172295.16,357.46
-443704.66,-1172295.37,357.97
-443704.40,-1172295.58,358.27
-443704.16,-1172295.79,358.43
-443706.17,-1172293.65,356.31
-443705.91,-1172293.87,356.94
-443704.66,-1172294.90,357.23
-443706.68,-1172294.24,356.04
-443706.43,-1172294.45,356.30
-443706.18,-1172294.65,356.95
-443705.42,-1172295.29,357.47
-443705.18,-1172295.48,357.70
-443704.94,-1172295.69,358.04
-443704.70,-1172295.89,358.31
-443704.46,-1172296.08,358.35
-443706.08,-1172295.35,357.47
-443705.34,-1172295.96,358.26
-443705.09,-1172296.17,358.31
-443705.53,-1172296.25,358.39
-443705.98,-1172296.31,358.41
-443705.74,-1172296.50,358.42
-443707.15,-1172293.03,354.82
-443706.90,-1172292.87,354.81
-443706.70,-1172293.35,355.52
-443706.85,-1172293.77,355.72
-443706.76,-1172294.01,355.94
-443706.65,-1172294.27,356.09
-443706.36,-1172295.01,357.03
-443706.26,-1172295.26,357.26
-443705.12,-1172295.54,357.76
-443705.03,-1172295.78,358.08
-443704.92,-1172296.03,358.31
-443706.17,-1172293.63,356.31
-443705.96,-1172294.16,356.83
-443705.38,-1172295.60,357.85
-443705.17,-1172296.13,358.35
-443706.61,-1172293.59,355.77
-443706.31,-1172294.34,356.48
-443706.11,-1172294.84,357.00
-443704.28,-1172295.78,358.39
-443704.91,-1172295.15,357.45
-443704.80,-1172295.42,357.76
-443704.70,-1172295.67,358.11
-443704.60,-1172295.91,358.36
-443703.38,-1172294.77,357.74
-443703.74,-1172294.57,357.21
-443703.18,-1172294.40,357.18
-443703.08,-1172294.66,357.60
-443702.97,-1172294.93,358.01
-443702.82,-1172294.22,357.13
-443702.62,-1172294.73,357.73
-443702.86,-1172294.74,357.68
-443701.87,-1172294.57,357.75
-443701.77,-1172294.83,358.05
-443701.67,-1172295.08,358.25
-443702.32,-1172294.55,357.66
-443702.21,-1172294.82,357.88
-443702.12,-1172295.06,358.19
-443702.02,-1172295.30,358.31
-443701.37,-1172294.02,357.47
-443701.27,-1172294.29,357.73
-443701.08,-1172294.76,358.16
-443700.98,-1172295.03,358.32
-443701.77,-1172293.90,357.13
-443701.48,-1172294.63,357.93
-443701.36,-1172294.91,358.20
-443701.10,-1172293.80,357.32
-443701.01,-1172294.03,357.57
-443700.89,-1172294.31,357.85
-443700.70,-1172294.79,358.23
-443700.67,-1172293.51,357.14
-443700.57,-1172293.76,357.47
-443700.49,-1172293.97,357.69
-443700.39,-1172294.22,357.92
-443700.29,-1172294.48,358.19
-443700.67,-1172294.25,357.86
-443700.58,-1172294.48,358.11
-443699.89,-1172293.71,357.61
-443699.69,-1172294.22,358.19
-443699.58,-1172294.49,358.36
-443700.44,-1172293.43,357.14
-443700.34,-1172293.69,357.47
-443700.25,-1172293.92,357.67
-443700.14,-1172294.18,357.99
-443700.05,-1172294.42,358.22
-443699.67,-1172293.33,357.32
-443699.48,-1172293.81,357.85
-443699.28,-1172294.30,358.33
-443699.08,-1172293.11,357.14
-443699.33,-1172293.26,357.30
-443699.12,-1172293.80,357.93
-443698.71,-1172292.98,357.20
-443697.70,-1172290.99,358.27
-443697.58,-1172291.28,358.36
-443698.06,-1172291.17,358.10
-443696.96,-1172291.17,358.48
-443697.28,-1172291.13,358.38
-443697.79,-1172290.77,358.17
-443706.75,-1172293.77,355.77
-443706.97,-1172293.57,355.46
-443707.18,-1172293.38,355.18
-443706.54,-1172293.44,355.70
-443706.73,-1172293.27,355.46
-443707.13,-1172292.90,354.73
-443705.38,-1172296.39,358.40
-443705.59,-1172296.20,358.38
-443705.70,-1172296.65,358.41
-443705.89,-1172296.47,358.45
-443704.99,-1172296.22,358.31
-443705.20,-1172296.02,358.28
-443705.41,-1172295.83,358.15
-443706.00,-1172295.28,357.39
-443706.22,-1172295.08,357.18
-443704.35,-1172295.99,358.39
-443704.56,-1172295.80,358.35
-443704.76,-1172295.61,358.08
-443704.96,-1172295.43,357.72
-443706.15,-1172294.33,356.72
-443706.35,-1172294.14,356.29
-443706.58,-1172293.94,355.99
-443704.72,-1172296.11,358.34
-443704.92,-1172295.92,358.20
-443705.14,-1172295.73,358.04
-443705.34,-1172295.54,357.72
-443705.52,-1172295.37,357.47
-443705.75,-1172295.16,357.24
-443705.94,-1172294.98,357.06
-443706.55,-1172294.42,356.24
-443706.75,-1172294.24,356.00
-443704.72,-1172295.13,357.47
-443705.93,-1172294.01,356.93
-443706.14,-1172293.82,356.46
-443706.34,-1172293.63,356.06
-443703.38,-1172295.68,358.45
-443702.05,-1172295.21,358.29
-443702.24,-1172295.04,358.14
-443702.43,-1172294.86,357.89
-443702.64,-1172294.66,357.64
-443702.84,-1172294.48,357.41
-443703.04,-1172294.30,357.13
-443702.99,-1172295.01,358.11
-443703.39,-1172294.64,357.53
-443701.58,-1172295.02,358.25
-443701.80,-1172294.81,358.04
-443702.02,-1172294.62,357.82
-443702.21,-1172294.44,357.54
-443700.77,-1172294.88,358.29
-443701.40,-1172294.29,357.68
-443701.62,-1172294.10,357.45
-443701.81,-1172293.92,357.17
-443700.97,-1172295.07,358.31
-443701.16,-1172294.90,358.25
-443701.57,-1172294.52,357.82
-443701.77,-1172294.33,357.57
-443700.58,-1172294.57,358.18
-443700.80,-1172294.36,357.89
-443701.00,-1172294.18,357.70
-443701.20,-1172294.00,357.50
-443701.41,-1172293.81,357.23
-443700.08,-1172294.60,358.31
-443700.29,-1172294.41,358.15
-443700.48,-1172294.23,357.94
-443700.87,-1172293.87,357.52
-443699.69,-1172294.55,358.34
-443699.91,-1172294.35,358.22
-443700.10,-1172294.18,357.97
-443700.31,-1172293.99,357.73
-443700.50,-1172293.81,357.53
-443700.70,-1172293.63,357.29
-443700.90,-1172293.44,357.05
-443699.54,-1172294.35,358.35
-443699.75,-1172294.16,358.13
-443700.16,-1172293.78,357.61
-443700.38,-1172293.58,357.32
-443700.57,-1172293.40,357.10
-443698.81,-1172294.12,358.35
-443699.00,-1172293.94,358.22
-443699.21,-1172293.75,357.84
-443699.42,-1172293.56,357.56
-443699.82,-1172293.19,357.13
-443699.51,-1172293.87,357.93
-443699.71,-1172293.69,357.65
-443700.10,-1172293.34,357.17
-443699.28,-1172293.36,357.39
-443699.48,-1172293.17,357.14
-443698.63,-1172293.76,358.14
-443698.84,-1172293.56,357.72
-443699.24,-1172293.19,357.19
-443698.64,-1172293.30,357.54
-443698.85,-1172293.10,357.20
-443699.03,-1172292.94,357.07
-443698.56,-1172292.88,357.28
-443697.52,-1172291.34,358.38
-443697.73,-1172291.16,358.28
-443697.94,-1172290.96,358.14
-443698.15,-1172290.76,358.06
-443697.08,-1172291.15,358.47
-443697.68,-1172290.59,358.16
-443696.80,-1172290.98,358.36
-443697.22,-1172290.58,358.25
-443706.78,-1172293.68,355.66
-443707.17,-1172293.34,355.14
-443706.51,-1172293.44,355.83
-443705.91,-1172296.43,358.42
-443704.82,-1172296.18,358.35
-443705.61,-1172295.49,357.67
-443705.98,-1172295.18,357.24
-443706.08,-1172293.82,356.74
-443704.42,-1172295.73,358.35
-443704.82,-1172295.38,357.72
-443705.23,-1172295.03,357.17
-443705.97,-1172294.38,356.95
-443703.49,-1172295.48,358.45
-443703.00,-1172294.76,357.79
-443703.39,-1172294.42,357.14
-443702.04,-1172295.07,358.20
-443702.42,-1172294.74,357.76
-443702.82,-1172294.39,357.27
-443701.08,-1172294.78,358.17
-443700.39,-1172294.65,358.30
-443700.74,-1172294.34,357.91
-443701.14,-1172293.99,357.52
-443700.24,-1172294.35,358.11
-443699.69,-1172294.26,358.21
-443700.48,-1172293.57,357.31
-443699.53,-1172294.05,358.00
-443699.91,-1172293.72,357.61
-443700.31,-1172293.38,357.13
-443699.11,-1172293.72,357.84
-443699.14,-1172293.23,357.32
-443698.44,-1172293.22,357.72
-443698.83,-1172292.89,357.12
-443697.52,-1172291.86,358.89
-443697.68,-1172291.35,358.38
-443697.34,-1172290.94,358.32
-443697.71,-1172290.61,358.15
-443697.27,-1172290.47,358.21
-443696.89,-1172290.80,358.32
