-443783.420,-1172318.240,358.675
-443783.640,-1172317.670,358.945
-443782.990,-1172317.940,358.820
-443783.110,-1172317.650,358.940
-443783.850,-1172318.020,358.880
-443783.960,-1172317.740,358.940
-443784.080,-1172317.440,359.040
-443784.190,-1172317.140,359.175
-443782.800,-1172317.480,359.055
-443784.100,-1172316.840,359.370
-443783.630,-1172317.240,359.120
-443783.150,-1172317.650,358.940
-443782.920,-1172317.840,358.880
-443782.680,-1172318.050,358.755
-443783.920,-1172317.370,359.070
-443783.670,-1172317.580,358.960
-443783.180,-1172317.990,358.825
-443784.020,-1172317.840,358.910
-443783.780,-1172318.050,358.870
-443783.540,-1172318.250,358.750
-443784.170,-1172317.160,359.180
-443783.710,-1172318.220,358.750
-443784.020,-1172317.940,358.880
-443783.230,-1172318.150,358.785
-443783.870,-1172317.560,358.970
-443784.200,-1172317.270,359.120
-443783.120,-1172317.880,358.880
-443783.730,-1172317.320,359.070
-443784.060,-1172317.020,359.250
-443782.960,-1172317.570,358.995
-443783.620,-1172317.330,359.080
-443783.290,-1172318.210,358.675
-443784.110,-1172316.760,359.390
-443783.890,-1172317.360,359.075
-443783.770,-1172317.680,358.950
-443783.240,-1172318.160,358.770
-443783.720,-1172317.760,358.940
-443783.960,-1172317.550,358.970
-443784.230,-1172317.330,359.080
-443783.520,-1172318.270,358.710
-443783.690,-1172318.120,358.825
-443783.960,-1172317.900,358.900
-443782.850,-1172317.990,358.810
-443783.090,-1172317.790,358.910
-443783.580,-1172317.380,359.050
-443784.080,-1172316.960,359.260
-443782.840,-1172317.460,359.070
