-443849.41,-1172299.34,348.42
-443849.55,-1172299.27,348.39
-443849.24,-1172299.31,348.40
-443849.70,-1172299.13,348.36
-443848.98,-1172299.24,348.37
-443849.66,-1172301.33,349.26
-443849.24,-1172301.32,349.25
-443849.70,-1172301.37,349.26
-443850.01,-1172301.29,349.24
-443848.92,-1172301.23,349.23
-443848.86,-1172301.17,349.21
-443849.89,-1172299.03,348.36
-443850.16,-1172299.24,348.37
-443850.29,-1172301.21,349.24
-443850.55,-1172299.18,348.37
-443849.88,-1172299.00,348.34
-443848.70,-1172299.26,348.39
-443850.35,-1172301.23,349.24
-443850.54,-1172301.31,349.24
-443848.51,-1172301.16,349.22
-443848.36,-1172301.22,349.24
-443850.66,-1172299.35,348.44
-443850.59,-1172301.22,349.23
-443848.41,-1172299.23,348.38
-443850.93,-1172301.15,349.22
-443851.05,-1172299.30,348.42
-443848.30,-1172301.29,349.27
-443848.26,-1172301.33,349.26
-443848.11,-1172301.18,349.24
-443848.06,-1172300.90,349.03
-443848.01,-1172299.45,348.43
-443851.25,-1172299.64,348.50
-443851.21,-1172299.46,348.45
-443847.78,-1172300.84,349.00
-443847.69,-1172300.84,348.98
-443851.13,-1172301.24,349.26
-443851.64,-1172299.69,348.55
-443848.09,-1172301.43,349.27
-443847.69,-1172301.39,349.26
-443847.86,-1172299.23,348.36
-443851.23,-1172299.23,348.38
-443851.13,-1172299.02,348.37
-443851.41,-1172301.02,349.19
-443851.30,-1172299.07,348.37
-443847.84,-1172299.09,348.31
-443847.69,-1172299.23,348.35
-443851.59,-1172300.70,349.02
-443851.82,-1172300.48,348.90
-443847.51,-1172300.95,349.01
-443847.63,-1172301.38,349.25
-443847.59,-1172301.36,349.25
-443847.57,-1172301.34,349.26
-443851.67,-1172301.12,349.22
-443851.62,-1172301.04,349.20
-443851.72,-1172299.65,348.52
-443847.27,-1172299.13,348.33
-443847.27,-1172301.30,349.24
-443851.82,-1172299.38,348.47
-443851.94,-1172300.50,348.91
-443851.75,-1172299.19,348.42
-443851.73,-1172299.20,348.42
-443852.10,-1172300.61,348.97
-443852.07,-1172300.94,349.19
-443847.09,-1172301.31,349.23
-443846.97,-1172301.31,349.23
-443847.12,-1172299.18,348.33
-443847.05,-1172299.33,348.40
-443851.90,-1172298.90,348.37
-443846.94,-1172299.43,348.42
-443852.01,-1172298.97,348.38
-443852.17,-1172301.11,349.27
-443846.77,-1172299.56,348.47
-443852.42,-1172300.49,348.91
-443852.44,-1172300.44,348.90
-443846.68,-1172299.65,348.49
-443852.66,-1172300.28,348.79
-443852.41,-1172299.11,348.41
-443852.33,-1172299.12,348.42
-443852.60,-1172299.32,348.43
-443852.57,-1172300.18,348.77
-443852.42,-1172301.07,349.29
-443846.77,-1172301.36,349.25
-443852.68,-1172300.85,349.17
-443852.56,-1172299.82,348.57
-443846.68,-1172301.35,349.24
-443852.68,-1172299.67,348.49
-443846.47,-1172299.81,348.57
-443846.35,-1172299.87,348.60
-443852.92,-1172299.56,348.49
-443852.70,-1172299.35,348.42
-443846.47,-1172301.37,349.22
-443846.35,-1172301.39,349.22
-443846.33,-1172301.23,349.18
-443846.25,-1172301.05,349.05
-443852.88,-1172299.37,348.43
-443852.83,-1172301.03,349.30
-443846.17,-1172300.93,348.97
-443846.17,-1172300.08,348.70
-443852.88,-1172300.93,349.25
-443846.11,-1172300.48,348.85
-443846.09,-1172300.20,348.72
-443852.92,-1172299.46,348.47
-443846.12,-1172300.09,348.71
-443846.06,-1172300.60,348.86

