-443698.920,-1172298.330,355.470
-443698.240,-1172299.050,354.690
-443698.350,-1172298.760,354.880
-443698.590,-1172298.160,355.560
-443697.800,-1172299.370,354.360
-443697.910,-1172299.080,354.550
-443698.150,-1172298.490,354.950
-443697.300,-1172299.230,354.450
-443697.410,-1172298.940,354.580
-443697.030,-1172298.930,354.510
-443697.140,-1172298.650,354.620
-443697.260,-1172298.350,354.710
-443697.520,-1172297.720,355.430
-443696.690,-1172298.590,354.600
-443696.810,-1172298.290,354.840
-443699.140,-1172290.610,356.850
-443699.440,-1172291.110,356.900
-443699.560,-1172290.800,356.900
-443699.690,-1172290.500,356.830
-443698.410,-1172292.380,356.980
-443698.530,-1172292.090,356.980
-443698.660,-1172291.780,356.960
-443698.780,-1172291.470,356.920
-443698.910,-1172291.170,356.860
-443698.990,-1172292.910,357.150
-443699.110,-1172292.610,357.020
-443699.230,-1172292.320,356.990
-443699.350,-1172292.030,356.890
-443699.470,-1172291.730,356.940
-443699.590,-1172291.440,356.850
-443699.720,-1172291.110,356.850
-443699.840,-1172290.820,356.840
-443699.960,-1172290.540,356.820
-443697.380,-1172296.150,356.840
-443698.090,-1172294.390,358.590
-443698.340,-1172293.790,358.310
-443698.580,-1172293.200,357.540
-443698.700,-1172292.910,357.360
-443698.830,-1172292.610,357.040
-443698.950,-1172292.300,356.980
-443699.070,-1172292.020,356.960
-443699.180,-1172291.730,356.930
-443699.310,-1172291.420,356.900
-443698.240,-1172295.910,357.270
-443698.600,-1172295.010,358.180
-443698.730,-1172294.700,358.470
-443698.850,-1172294.400,358.520
-443698.980,-1172294.090,358.310
-443699.100,-1172293.810,358.000
-443699.220,-1172293.500,357.730
-443699.340,-1172293.210,357.300
-443699.470,-1172292.910,357.030
-443699.590,-1172292.610,356.950
-443699.700,-1172292.320,356.960
-443699.820,-1172292.040,356.930
-443699.940,-1172291.750,356.920
-443700.060,-1172291.440,356.900
-443700.180,-1172291.150,356.880
-443700.300,-1172290.860,356.850
-443700.420,-1172290.560,356.830
-443697.420,-1172296.770,356.310
-443697.660,-1172296.190,356.860
-443697.910,-1172295.550,357.520
-443698.040,-1172295.250,357.680
-443698.400,-1172294.360,358.640
-443698.520,-1172294.060,358.300
-443697.780,-1172298.020,355.590
-443697.910,-1172297.710,355.750
-443698.020,-1172297.430,355.870
-443698.130,-1172297.150,356.230
-443698.270,-1172296.820,356.460
-443698.390,-1172296.510,356.780
-443698.630,-1172295.900,357.430
-443698.990,-1172295.020,358.280
-443699.110,-1172294.710,358.590
-443699.240,-1172294.400,358.390
-443699.610,-1172293.500,357.510
-443699.730,-1172293.200,357.140
-443699.850,-1172292.910,356.930
-443699.970,-1172292.610,356.990
-443700.110,-1172292.290,356.950
-443700.220,-1172292.010,356.890
-443700.340,-1172291.710,356.890
-443700.460,-1172291.410,356.900
-443700.580,-1172291.120,356.890
-443700.690,-1172290.840,356.850
-443700.810,-1172290.560,356.830
-443697.880,-1172296.800,356.330
-443698.010,-1172296.500,356.690
-443698.120,-1172296.210,356.970
-443698.280,-1172298.180,355.630
-443698.390,-1172297.890,355.670
-443698.510,-1172297.610,355.770
-443698.640,-1172297.280,356.250
-443698.750,-1172297.000,356.490
-443698.870,-1172296.690,356.750
-443699.000,-1172296.380,357.080
-443699.120,-1172296.080,357.390
-443699.230,-1172295.800,357.620
-443699.360,-1172295.480,357.970
-443699.480,-1172295.170,358.330
-443699.610,-1172294.870,358.560
-443699.730,-1172294.570,358.470
-443699.860,-1172294.260,358.090
-443699.980,-1172293.970,357.770
-443700.090,-1172293.690,357.610
-443700.210,-1172293.410,357.140
-443700.340,-1172293.090,357.030
-443700.460,-1172292.790,356.940
-443700.580,-1172292.500,356.940
-443700.700,-1172292.190,356.940
-443700.830,-1172291.880,356.930
-443700.960,-1172291.570,356.880
-443701.070,-1172291.290,356.870
-443701.200,-1172290.980,356.850
-443701.310,-1172290.690,356.850
-443698.710,-1172297.870,355.740
-443699.190,-1172296.680,356.950
-443699.310,-1172296.380,357.210
-443699.420,-1172296.090,357.610
-443699.540,-1172295.800,357.790
-443699.670,-1172295.470,358.180
-443699.900,-1172294.900,358.540
-443700.030,-1172294.600,358.320
-443700.400,-1172293.690,357.430
-443700.530,-1172293.370,357.060
-443700.660,-1172293.070,356.980
-443700.770,-1172292.790,356.970
-443700.890,-1172292.490,356.930
-443701.010,-1172292.190,356.910
-443701.130,-1172291.900,356.910
-443701.250,-1172291.600,356.850
-443701.370,-1172291.310,356.870
-443701.500,-1172290.990,356.870
-443701.620,-1172290.690,356.840
-443701.750,-1172290.390,356.780
-443699.040,-1172298.020,355.680
-443699.160,-1172297.730,356.030
-443699.290,-1172297.420,356.280
-443699.400,-1172297.130,356.600
-443699.640,-1172296.540,357.090
-443699.880,-1172295.950,357.660
-443700.240,-1172295.060,358.590
-443700.350,-1172294.760,358.410
-443700.480,-1172294.470,358.120
-443700.600,-1172294.160,357.810
-443700.720,-1172293.870,357.530
-443700.960,-1172293.280,357.000
-443701.090,-1172292.970,356.980
-443701.220,-1172292.660,356.970
-443701.340,-1172292.350,356.960
-443701.470,-1172292.050,356.900
-443701.580,-1172291.770,356.890
-443701.700,-1172291.470,356.910
-443701.820,-1172291.190,356.830
-443701.940,-1172290.880,356.870
-443702.070,-1172290.570,356.810
-443699.680,-1172296.980,356.970
-443699.800,-1172296.680,357.040
-443700.040,-1172296.090,357.760
-443700.160,-1172295.790,357.940
-443700.280,-1172295.480,358.300
-443700.400,-1172295.200,358.520
-443700.510,-1172294.920,358.480
-443700.630,-1172294.620,358.090
-443700.760,-1172294.320,357.780
-443700.870,-1172294.030,357.570
-443700.990,-1172293.740,357.270
-443701.120,-1172293.440,356.960
-443701.240,-1172293.150,356.940
-443701.360,-1172292.850,356.970
-443701.480,-1172292.540,356.960
-443701.610,-1172292.240,356.930
-443701.720,-1172291.960,356.900
-443701.840,-1172291.660,356.880
-443701.970,-1172291.350,356.870
-443702.100,-1172291.030,356.870
-443702.220,-1172290.730,356.850
-443702.340,-1172290.430,356.830
-443700.020,-1172296.990,357.060
-443700.630,-1172295.470,358.420
-443700.750,-1172295.170,358.620
-443700.880,-1172294.870,358.350
-443701.000,-1172294.580,358.040
-443701.120,-1172294.290,357.750
-443701.240,-1172293.990,357.330
-443701.360,-1172293.700,357.030
-443701.470,-1172293.420,357.010
-443701.590,-1172293.140,356.970
-443701.710,-1172292.830,356.960
-443701.830,-1172292.530,356.920
-443701.950,-1172292.250,356.900
-443702.080,-1172291.940,356.910
-443702.190,-1172291.650,356.870
-443702.310,-1172291.350,356.880
-443702.440,-1172291.040,356.850
-443702.560,-1172290.750,356.840
-443700.230,-1172297.000,357.260
-443700.830,-1172295.520,358.450
-443700.950,-1172295.220,358.640
-443701.070,-1172294.920,358.290
-443701.190,-1172294.630,357.970
-443701.320,-1172294.310,357.560
-443701.440,-1172294.020,357.490
-443701.560,-1172293.720,357.120
-443701.680,-1172293.440,356.980
-443701.810,-1172293.120,356.970
-443701.930,-1172292.830,356.980
-443702.040,-1172292.550,356.940
-443702.150,-1172292.260,356.930
-443702.280,-1172291.960,356.880
-443702.400,-1172291.650,356.890
-443702.510,-1172291.380,356.880
-443702.630,-1172291.080,356.850
-443702.760,-1172290.770,356.830
-443701.160,-1172295.630,358.380
-443701.510,-1172294.770,358.110
-443701.640,-1172294.460,357.790
-443701.760,-1172294.160,357.540
-443701.880,-1172293.870,357.120
-443702.000,-1172293.570,357.000
-443702.130,-1172293.250,356.980
-443702.250,-1172292.950,356.970
-443702.370,-1172292.660,356.940
-443702.490,-1172292.360,356.930
-443702.620,-1172292.060,356.910
-443702.740,-1172291.760,356.870
-443702.860,-1172291.470,356.900
-443702.980,-1172291.170,356.800
-443703.090,-1172290.890,356.850
-443701.470,-1172295.800,358.310
-443701.590,-1172295.490,358.610
-443701.850,-1172294.880,358.110
-443702.100,-1172294.270,357.360
-443702.100,-1172294.270,357.270
-443702.220,-1172293.970,357.110
-443702.330,-1172293.700,357.020
-443702.450,-1172293.410,356.990
-443702.570,-1172293.100,356.930
-443702.700,-1172292.780,356.920
-443702.810,-1172292.510,356.930
-443702.940,-1172292.200,356.910
-443703.070,-1172291.890,356.900
-443703.190,-1172291.580,356.870
-443703.310,-1172291.300,356.880
-443703.430,-1172290.990,356.860
-443701.720,-1172296.410,358.220
-443701.840,-1172296.100,358.220
-443701.960,-1172295.820,358.550
-443702.080,-1172295.510,358.550
-443702.210,-1172295.200,358.290
-443702.320,-1172294.930,357.940
-443702.440,-1172294.630,357.680
-443702.570,-1172294.330,357.360
-443702.690,-1172294.020,357.080
-443702.820,-1172293.720,356.980
-443702.940,-1172293.410,356.960
-443703.070,-1172293.100,356.890
-443703.180,-1172292.810,356.940
-443703.300,-1172292.520,356.910
-443703.420,-1172292.230,356.930
-443703.540,-1172291.930,356.910
-443703.670,-1172291.620,356.840
-443703.780,-1172291.340,356.840
-443703.910,-1172291.030,356.810
-443701.860,-1172296.910,358.160
-443702.080,-1172296.350,358.190
-443702.210,-1172296.050,358.370
-443702.320,-1172295.760,358.570
-443702.440,-1172295.460,358.400
-443702.570,-1172295.160,358.110
-443702.680,-1172294.870,357.820
-443702.800,-1172294.580,357.530
-443702.920,-1172294.310,357.180
-443703.050,-1172293.980,356.990
-443703.180,-1172293.670,357.010
-443703.290,-1172293.400,356.970
-443703.400,-1172293.110,356.930
-443703.540,-1172292.780,356.910
-443703.660,-1172292.480,356.920
-443703.780,-1172292.190,356.900
-443703.900,-1172291.880,356.900
-443704.030,-1172291.560,356.860
-443704.150,-1172291.270,356.880
-443702.560,-1172296.060,358.600
-443702.680,-1172295.760,358.510
-443703.280,-1172294.310,357.080
-443703.400,-1172294.020,356.990
-443703.520,-1172293.720,356.980
-443703.640,-1172293.420,356.970
-443703.750,-1172293.140,356.930
-443703.880,-1172292.830,356.940
-443704.010,-1172292.520,356.910
-443704.120,-1172292.220,356.930
-443704.240,-1172291.940,356.900
-443704.370,-1172291.630,356.850
-443704.490,-1172291.330,356.820
-443702.820,-1172296.320,358.430
-443702.950,-1172296.000,358.590
-443703.320,-1172295.110,357.770
-443703.450,-1172294.790,357.500
-443703.560,-1172294.510,357.140
-443703.680,-1172294.220,357.020
-443703.800,-1172293.910,357.020
-443703.920,-1172293.620,357.000
-443704.040,-1172293.350,356.950
-443704.150,-1172293.060,356.960
-443704.280,-1172292.740,356.950
-443704.400,-1172292.450,356.930
-443704.510,-1172292.170,356.900
-443704.640,-1172291.860,356.870
-443704.760,-1172291.550,356.870
-443703.220,-1172296.520,358.210
-443703.340,-1172296.220,358.540
-443703.450,-1172295.940,358.470
-443704.070,-1172294.420,357.010
-443704.200,-1172294.110,357.030
-443704.310,-1172293.830,357.010
-443704.440,-1172293.510,356.980
-443704.560,-1172293.230,356.940
-443704.680,-1172292.920,356.950
-443704.790,-1172292.640,356.950
-443704.910,-1172292.350,356.910
-443705.040,-1172292.050,356.880
-443705.150,-1172291.770,356.890
-443705.270,-1172291.470,356.760
-443704.060,-1172296.310,358.550
-443704.180,-1172296.020,358.430
-443704.300,-1172295.740,358.080
-443704.550,-1172295.130,357.440
-443704.670,-1172294.820,357.110
-443704.800,-1172294.510,357.040
-443704.920,-1172294.200,356.990
-443705.040,-1172293.930,356.990
-443705.160,-1172293.630,356.980
-443705.270,-1172293.340,356.950
-443705.400,-1172293.040,356.950
-443705.530,-1172292.720,356.940
-443705.640,-1172292.440,356.890
-443705.770,-1172292.130,356.900
-443705.890,-1172291.830,356.900
-443703.460,-1172296.800,358.070
-443703.700,-1172296.190,358.620
-443703.830,-1172295.880,358.340
-443704.430,-1172294.400,357.070
-443704.550,-1172294.110,356.990
-443704.670,-1172293.810,356.980
-443704.800,-1172293.500,356.970
-443704.920,-1172293.190,356.960
-443705.040,-1172292.900,356.940
-443705.170,-1172292.590,356.960
-443705.290,-1172292.280,356.890
-443705.410,-1172291.990,356.910
-443705.530,-1172291.700,356.840
-443704.170,-1172297.190,357.850
-443704.300,-1172296.890,358.170
-443704.420,-1172296.570,358.520
-443704.540,-1172296.290,358.560
-443704.650,-1172296.010,358.350
-443705.140,-1172294.810,357.060
-443705.270,-1172294.510,357.020
-443705.380,-1172294.220,357.010
-443705.500,-1172293.930,356.980
-443705.620,-1172293.620,356.980
-443705.760,-1172293.290,356.970
-443705.880,-1172293.000,356.960
-443706.000,-1172292.700,356.950
-443706.120,-1172292.390,356.920
-443706.240,-1172292.100,356.900
-443706.350,-1172291.820,356.890
-443704.750,-1172297.570,357.820
-443705.120,-1172296.650,358.640
-443705.360,-1172296.060,357.980
-443705.610,-1172295.460,357.360
-443705.730,-1172295.170,357.040
-443704.530,-1172297.360,357.850
-443704.650,-1172297.060,358.220
-443704.770,-1172296.760,358.570
-443704.880,-1172296.480,358.530
-443705.000,-1172296.180,358.350
-443705.240,-1172295.620,357.670
-443705.370,-1172295.300,357.470
-443705.480,-1172295.020,357.000
-443705.600,-1172294.740,356.790
-443705.660,-1172297.120,358.570
-443705.790,-1172296.800,358.550
-443705.920,-1172296.500,358.270
-443706.030,-1172296.220,358.010
-443705.430,-1172296.790,358.610
-443705.540,-1172296.510,358.390
-443705.670,-1172296.210,358.160
-443706.200,-1172296.850,358.550
-443706.320,-1172296.550,358.140
-443706.400,-1172297.180,358.460
-443706.520,-1172296.880,358.570
-443698.770,-1172298.550,355.300
-443698.280,-1172298.960,354.730
-443698.050,-1172299.160,354.580
-443697.780,-1172299.380,354.410
-443698.720,-1172298.180,355.460
-443698.470,-1172298.380,355.210
-443698.210,-1172298.600,354.950
-443697.970,-1172298.800,354.770
-443697.730,-1172299.000,354.580
-443697.480,-1172299.200,354.460
-443697.900,-1172298.490,354.930
-443697.640,-1172298.710,354.710
-443697.380,-1172298.920,354.580
-443697.120,-1172299.140,354.420
-443697.820,-1172298.050,355.550
-443697.590,-1172298.250,355.050
-443697.320,-1172298.470,354.820
-443697.060,-1172298.690,354.660
-443696.830,-1172298.880,354.520
-443697.670,-1172297.770,355.470
-443697.410,-1172297.980,355.210
-443697.160,-1172298.190,354.950
-443696.900,-1172298.400,354.750
-443696.660,-1172298.600,354.600
-443699.080,-1172290.500,356.880
-443699.670,-1172290.510,356.870
-443699.440,-1172290.710,356.890
-443699.200,-1172290.910,356.910
-443698.950,-1172291.110,356.920
-443698.710,-1172291.310,356.970
-443700.240,-1172290.430,356.860
-443699.970,-1172290.660,356.880
-443699.740,-1172290.850,356.900
-443699.490,-1172291.060,356.920
-443699.250,-1172291.260,356.900
-443698.990,-1172291.470,356.950
-443698.750,-1172291.670,356.960
-443698.530,-1172291.860,357.000
-443700.800,-1172290.510,356.870
-443700.560,-1172290.710,356.870
-443700.310,-1172290.910,356.900
-443700.050,-1172291.130,356.910
-443699.820,-1172291.320,356.910
-443699.560,-1172291.530,356.940
-443699.310,-1172291.750,356.960
-443699.060,-1172291.950,357.000
-443698.810,-1172292.150,357.020
-443698.560,-1172292.370,357.040
-443698.320,-1172292.560,357.120
-443701.380,-1172290.380,356.850
-443701.110,-1172290.600,356.870
-443700.850,-1172290.820,356.880
-443700.610,-1172291.020,356.890
-443700.360,-1172291.230,356.910
-443700.100,-1172291.450,356.930
-443699.850,-1172291.650,356.940
-443699.630,-1172291.840,356.960
-443699.380,-1172292.040,356.980
-443699.120,-1172292.260,357.000
-443698.870,-1172292.460,357.010
-443698.640,-1172292.650,357.070
-443701.990,-1172290.410,356.850
-443701.750,-1172290.610,356.860
-443701.500,-1172290.820,356.890
-443701.250,-1172291.030,356.910
-443701.000,-1172291.230,356.890
-443700.770,-1172291.420,356.920
-443700.510,-1172291.640,356.930
-443700.260,-1172291.840,356.980
-443700.010,-1172292.050,357.040
-443699.750,-1172292.270,356.930
-443699.490,-1172292.480,357.080
-443699.250,-1172292.680,357.030
-443699.020,-1172292.880,357.200
-443698.780,-1172293.080,357.480
-443698.530,-1172293.280,357.740
-443702.420,-1172290.560,356.840
-443702.170,-1172290.770,356.860
-443701.940,-1172290.960,356.880
-443701.690,-1172291.170,356.900
-443701.450,-1172291.370,356.900
-443701.200,-1172291.570,356.910
-443700.950,-1172291.780,356.940
-443700.720,-1172291.970,356.960
-443700.460,-1172292.180,356.940
-443700.200,-1172292.400,356.970
-443699.970,-1172292.590,356.980
-443699.740,-1172292.790,357.030
-443699.470,-1172293.010,357.130
-443699.220,-1172293.220,357.430
-443698.980,-1172293.420,357.700
-443698.720,-1172293.630,357.970
-443698.220,-1172294.040,358.510
-443697.990,-1172294.230,358.690
-443698.880,-1172294.130,358.390
-443698.630,-1172294.340,358.660
-443698.370,-1172294.550,358.540
-443703.020,-1172290.690,356.820
-443702.780,-1172290.890,356.890
-443702.530,-1172291.100,356.880
-443702.300,-1172291.290,356.890
-443702.040,-1172291.510,356.910
-443701.800,-1172291.710,356.920
-443701.560,-1172291.900,356.930
-443701.330,-1172292.100,356.960
-443701.090,-1172292.290,356.970
-443700.840,-1172292.510,356.970
-443700.590,-1172292.710,356.980
-443700.350,-1172292.910,357.010
-443700.100,-1172293.120,357.130
-443699.850,-1172293.320,357.320
-443699.610,-1172293.530,357.610
-443703.380,-1172290.800,356.810
-443703.120,-1172291.020,356.890
-443702.880,-1172291.220,356.880
-443702.640,-1172291.420,356.900
-443702.380,-1172291.640,356.920
-443702.110,-1172291.850,356.930
-443701.880,-1172292.050,356.950
-443701.640,-1172292.250,356.950
-443701.370,-1172292.470,356.980
-443701.140,-1172292.660,356.980
-443700.900,-1172292.870,356.990
-443700.650,-1172293.070,357.010
-443700.400,-1172293.270,357.110
-443700.170,-1172293.470,357.360
-443699.940,-1172293.660,357.610
-443699.440,-1172294.070,358.140
-443699.210,-1172294.260,358.340
-443698.960,-1172294.470,358.620
-443698.700,-1172294.690,358.570
-443698.460,-1172294.890,358.320
-443698.210,-1172295.090,358.060
-443697.970,-1172295.290,357.820
-443697.710,-1172295.510,357.550
-443697.470,-1172295.710,357.300
-443697.230,-1172295.910,357.140
-443703.860,-1172290.880,356.780
-443703.610,-1172291.090,356.890
-443703.360,-1172291.300,356.900
-443703.100,-1172291.510,356.920
-443702.860,-1172291.700,356.910
-443702.620,-1172291.910,356.940
-443702.380,-1172292.110,356.930
-443702.120,-1172292.320,356.960
-443701.870,-1172292.530,356.960
-443701.630,-1172292.730,356.990
-443701.380,-1172292.930,357.010
-443701.130,-1172293.140,356.990
-443700.870,-1172293.360,357.090
-443700.640,-1172293.550,357.320
-443700.380,-1172293.770,357.570
-443700.150,-1172293.960,357.850
-443699.880,-1172294.180,358.100
-443699.660,-1172294.370,358.380
-443699.420,-1172294.560,358.630
-443699.190,-1172294.750,358.600
-443698.940,-1172294.960,358.350
-443698.680,-1172295.180,358.100
-443698.200,-1172295.570,357.590
-443697.950,-1172295.780,357.310
-443697.710,-1172295.980,357.090
-443697.460,-1172296.190,356.800
-443697.200,-1172296.410,356.560
-443696.960,-1172296.600,356.400
-443703.650,-1172291.500,356.900
-443703.410,-1172291.700,356.920
-443703.160,-1172291.900,356.930
-443702.920,-1172292.100,356.950
-443702.660,-1172292.320,356.950
-443702.400,-1172292.540,356.960
-443702.150,-1172292.740,356.970
-443701.910,-1172292.940,356.990
-443701.660,-1172293.150,357.010
-443701.410,-1172293.350,357.000
-443701.180,-1172293.550,357.120
-443700.930,-1172293.750,357.390
-443700.670,-1172293.970,357.650
-443700.430,-1172294.170,357.900
-443700.190,-1172294.370,358.170
-443699.940,-1172294.580,358.410
-443699.680,-1172294.790,358.640
-443699.440,-1172294.990,358.530
-443698.450,-1172295.810,357.470
-443698.220,-1172296.010,357.240
-443697.970,-1172296.210,356.980
-443697.470,-1172296.620,356.490
-443697.240,-1172296.820,356.230
-443704.140,-1172291.090,356.810
-443703.900,-1172291.290,356.890
-443704.710,-1172291.170,356.780
-443704.480,-1172291.370,356.900
-443704.230,-1172291.570,356.930
-443703.980,-1172291.770,356.920
-443703.750,-1172291.970,356.920
-443703.500,-1172292.180,356.940
-443703.260,-1172292.380,356.940
-443703.000,-1172292.590,356.970
-443702.750,-1172292.800,356.990
-443702.510,-1172293.000,356.980
-443702.270,-1172293.190,357.000
-443702.020,-1172293.410,357.010
-443701.770,-1172293.610,357.040
-443701.250,-1172294.040,357.550
-443701.000,-1172294.250,357.800
-443700.770,-1172294.440,358.040
-443700.530,-1172294.640,358.310
-443700.290,-1172294.840,358.530
-443700.040,-1172295.040,358.620
-443699.780,-1172295.260,358.380
-443699.540,-1172295.460,358.110
-443699.290,-1172295.670,357.870
-443699.040,-1172295.880,357.590
-443698.790,-1172296.090,357.300
-443698.290,-1172296.500,356.780
-443698.040,-1172296.710,356.550
-443697.790,-1172296.920,356.270
-443697.550,-1172297.120,356.040
-443697.320,-1172297.310,355.810
-443704.870,-1172291.370,356.870
-443704.610,-1172291.590,356.880
-443704.360,-1172291.790,356.920
-443704.130,-1172291.990,356.920
-443703.900,-1172292.180,356.950
-443703.650,-1172292.380,356.950
-443703.390,-1172292.600,356.960
-443703.160,-1172292.790,356.960
-443702.930,-1172292.990,356.970
-443702.660,-1172293.210,356.990
-443702.420,-1172293.410,357.010
-443702.180,-1172293.610,357.030
-443701.930,-1172293.820,357.130
-443701.670,-1172294.030,357.360
-443701.450,-1172294.220,357.650
-443701.200,-1172294.420,357.890
-443700.950,-1172294.630,358.120
-443700.690,-1172294.850,358.440
-443700.440,-1172295.050,358.660
-443699.470,-1172295.850,357.750
-443699.220,-1172296.060,357.470
-443698.210,-1172296.910,356.400
-443697.950,-1172297.120,356.160
-443697.710,-1172297.320,355.900
-443705.310,-1172291.420,356.840
-443705.060,-1172291.630,356.910
-443704.810,-1172291.830,356.930
-443704.550,-1172292.050,356.930
-443704.320,-1172292.240,356.950
-443704.060,-1172292.450,356.950
-443703.820,-1172292.650,356.970
-443703.570,-1172292.870,356.960
-443703.330,-1172293.060,356.990
-443703.100,-1172293.260,357.010
-443702.850,-1172293.460,357.010
-443702.610,-1172293.660,357.020
-443702.360,-1172293.870,357.100
-443702.130,-1172294.060,357.340
-443701.890,-1172294.260,357.590
-443701.630,-1172294.470,357.830
-443701.400,-1172294.670,358.070
-443701.140,-1172294.880,358.350
-443700.890,-1172295.090,358.630
-443700.650,-1172295.290,358.580
-443700.410,-1172295.490,358.340
-443700.160,-1172295.700,358.050
-443699.900,-1172295.910,357.790
-443699.650,-1172296.120,357.520
-443699.390,-1172296.330,357.250
-443699.140,-1172296.550,356.980
-443698.900,-1172296.740,356.740
-443698.660,-1172296.940,356.470
-443698.410,-1172297.150,356.250
-443698.160,-1172297.360,355.940
-443697.900,-1172297.570,355.740
-443705.470,-1172291.710,356.890
-443705.230,-1172291.900,356.930
-443704.980,-1172292.110,356.910
-443704.730,-1172292.310,356.940
-443704.480,-1172292.520,356.960
-443704.230,-1172292.730,356.970
-443703.980,-1172292.940,356.970
-443703.730,-1172293.150,356.970
-443703.490,-1172293.340,357.000
-443703.240,-1172293.550,357.020
-443703.000,-1172293.750,357.030
-443702.740,-1172293.970,357.070
-443702.500,-1172294.160,357.280
-443702.270,-1172294.360,357.520
-443701.780,-1172294.770,358.040
-443701.300,-1172295.160,358.530
-443701.070,-1172295.350,358.640
-443700.800,-1172295.580,358.390
-443700.320,-1172295.980,357.870
-443700.050,-1172296.200,357.630
-443699.810,-1172296.400,357.340
-443699.580,-1172296.590,357.110
-443699.330,-1172296.800,356.840
-443699.060,-1172297.020,356.570
-443698.810,-1172297.230,356.300
-443698.570,-1172297.430,356.220
-443698.300,-1172297.660,355.830
-443698.060,-1172297.860,355.710
-443706.050,-1172291.720,356.840
-443705.800,-1172291.930,356.910
-443705.550,-1172292.140,356.930
-443705.300,-1172292.350,356.940
-443705.040,-1172292.560,356.950
-443704.780,-1172292.770,356.950
-443704.550,-1172292.970,356.980
-443704.310,-1172293.170,356.990
-443704.060,-1172293.370,357.010
-443703.810,-1172293.580,357.010
-443703.570,-1172293.790,357.010
-443703.320,-1172293.990,357.050
-443703.070,-1172294.200,357.130
-443702.820,-1172294.410,357.400
-443702.560,-1172294.620,357.660
-443702.320,-1172294.820,357.930
-443702.070,-1172295.020,358.150
-443701.830,-1172295.220,358.410
-443701.590,-1172295.420,358.680
-443701.350,-1172295.630,358.490
-443701.110,-1172295.830,358.240
-443699.890,-1172296.840,357.010
-443699.640,-1172297.050,356.760
-443699.400,-1172297.250,356.480
-443699.140,-1172297.460,356.190
-443698.890,-1172297.670,355.920
-443698.650,-1172297.870,355.690
-443698.410,-1172298.070,355.650
-443706.360,-1172291.830,356.850
-443706.130,-1172292.020,356.920
-443705.880,-1172292.230,356.940
-443705.610,-1172292.450,356.960
-443705.380,-1172292.650,356.970
-443705.150,-1172292.840,356.970
-443704.890,-1172293.050,356.980
-443704.630,-1172293.270,357.020
-443704.380,-1172293.480,357.010
-443704.140,-1172293.680,357.020
-443703.870,-1172293.900,357.030
-443703.620,-1172294.100,357.060
-443703.400,-1172294.290,357.150
-443702.900,-1172294.700,357.640
-443702.650,-1172294.910,357.920
-443702.420,-1172295.100,358.150
-443702.160,-1172295.320,358.420
-443701.900,-1172295.530,358.650
-443701.660,-1172295.740,358.490
-443701.420,-1172295.930,358.250
-443700.190,-1172296.960,357.210
-443699.200,-1172297.780,355.990
-443698.970,-1172297.970,355.750
-443706.170,-1172292.410,356.930
-443705.930,-1172292.610,356.940
-443705.690,-1172292.800,356.970
-443705.450,-1172293.010,356.980
-443705.200,-1172293.210,356.990
-443704.950,-1172293.420,356.990
-443704.680,-1172293.640,357.010
-443704.460,-1172293.830,357.040
-443704.220,-1172294.030,357.040
-443703.960,-1172294.240,357.070
-443703.710,-1172294.450,357.230
-443703.460,-1172294.660,357.490
-443703.210,-1172294.870,357.750
-443702.720,-1172295.280,358.440
-443702.480,-1172295.470,358.510
-443702.230,-1172295.680,358.660
-443701.990,-1172295.880,358.430
-443701.730,-1172296.090,358.250
-443706.210,-1172292.750,356.930
-443705.970,-1172292.950,356.970
-443705.720,-1172293.160,356.980
-443705.480,-1172293.350,356.980
-443705.260,-1172293.540,357.000
-443705.000,-1172293.760,357.020
-443704.750,-1172293.960,357.030
-443704.520,-1172294.150,357.050
-443704.270,-1172294.360,357.060
-443704.030,-1172294.560,357.210
-443703.290,-1172295.170,357.970
-443702.770,-1172295.610,358.460
-443702.550,-1172295.790,358.660
-443702.290,-1172296.000,358.450
-443702.040,-1172296.220,358.230
-443701.780,-1172296.430,358.260
-443701.540,-1172296.630,358.140
-443705.910,-1172293.480,356.990
-443705.670,-1172293.680,357.010
-443705.410,-1172293.900,357.010
-443705.180,-1172294.090,357.020
-443704.940,-1172294.290,357.060
-443704.700,-1172294.490,357.060
-443704.460,-1172294.690,357.180
-443703.240,-1172295.700,358.450
-443702.990,-1172295.910,358.670
-443702.740,-1172296.110,358.450
-443701.750,-1172296.940,358.240
-443705.400,-1172294.750,357.040
-443705.140,-1172294.970,357.250
-443704.910,-1172295.160,357.460
-443704.660,-1172295.370,357.750
-443704.400,-1172295.580,358.000
-443704.160,-1172295.790,358.270
-443703.900,-1172296.000,358.490
-443703.660,-1172296.200,358.680
-443703.420,-1172296.390,358.410
-443703.170,-1172296.610,358.180
-443705.640,-1172294.080,356.990
-443705.400,-1172294.280,357.020
-443705.170,-1172294.480,357.080
-443704.900,-1172294.700,357.090
-443704.660,-1172294.900,357.250
-443704.420,-1172295.100,357.560
-443703.470,-1172295.890,358.510
-443703.210,-1172296.100,358.630
-443705.670,-1172295.080,357.130
-443705.420,-1172295.290,357.390
-443705.180,-1172295.480,357.640
-443704.940,-1172295.690,357.900
-443704.700,-1172295.890,358.140
-443704.460,-1172296.080,358.410
-443703.450,-1172296.920,358.000
-443705.850,-1172295.540,357.530
-443705.590,-1172295.750,357.760
-443705.340,-1172295.960,358.070
-443705.090,-1172296.170,358.340
-443704.830,-1172296.380,358.590
-443704.580,-1172296.590,358.650
-443704.330,-1172296.800,358.370
-443704.100,-1172296.990,358.140
-443703.870,-1172297.180,357.850
-443704.520,-1172297.520,357.740
-443705.770,-1172296.050,358.000
-443705.530,-1172296.250,358.270
-443705.240,-1172296.490,358.520
-443705.020,-1172296.670,358.780
-443704.790,-1172296.860,358.490
-443704.540,-1172297.070,358.210
-443704.270,-1172297.290,357.910
-443706.210,-1172296.580,358.410
-443705.940,-1172296.800,358.630
-443705.710,-1172296.990,358.640
-443704.980,-1172297.600,357.860
-443706.220,-1172296.100,357.960
-443705.980,-1172296.310,358.140
-443705.740,-1172296.500,358.450
-443705.500,-1172296.700,358.700
-443705.250,-1172296.910,358.570
-443706.100,-1172297.120,358.540
-443706.630,-1172297.040,358.580
-443706.390,-1172297.240,358.420
-443705.670,-1172296.730,358.550
-443705.980,-1172296.730,358.500
-443706.280,-1172296.620,358.300
-443706.250,-1172292.730,356.900
-443705.980,-1172293.410,356.930
-443705.850,-1172293.730,356.940
-443705.710,-1172294.080,356.960
-443705.560,-1172294.450,356.980
-443705.430,-1172294.770,357.030
-443705.320,-1172295.030,357.270
-443705.210,-1172295.310,357.470
-443705.120,-1172295.540,357.750
-443705.030,-1172295.780,357.970
-443704.920,-1172296.030,358.210
-443704.810,-1172296.310,358.480
-443705.690,-1172294.840,356.980
-443705.570,-1172295.120,357.170
-443705.380,-1172295.600,357.720
-443705.170,-1172296.130,358.200
-443705.070,-1172296.380,358.490
-443704.960,-1172296.660,358.610
-443705.810,-1172295.590,357.610
-443705.410,-1172296.600,358.510
-443705.870,-1172291.830,356.830
-443705.730,-1172292.180,356.890
-443705.610,-1172292.490,356.920
-443705.470,-1172292.820,356.910
-443705.340,-1172293.160,356.920
-443705.200,-1172293.490,356.940
-443705.060,-1172293.840,356.940
-443704.930,-1172294.150,356.990
-443704.800,-1172294.490,357.030
-443704.680,-1172294.790,357.150
-443704.590,-1172295.010,357.460
-443704.490,-1172295.260,357.720
-443704.280,-1172295.780,358.170
-443704.180,-1172296.050,358.310
-443706.210,-1172291.910,356.870
-443706.080,-1172292.250,356.900
-443705.940,-1172292.590,356.890
-443705.810,-1172292.900,356.950
-443705.670,-1172293.250,356.960
-443705.530,-1172293.590,356.960
-443705.400,-1172293.930,357.000
-443705.120,-1172294.600,357.050
-443705.010,-1172294.900,357.120
-443704.910,-1172295.150,357.430
-443704.800,-1172295.420,357.650
-443704.600,-1172295.910,358.230
-443704.490,-1172296.200,358.390
-443705.310,-1172291.500,356.810
-443705.180,-1172291.820,356.830
-443705.030,-1172292.180,356.870
-443704.890,-1172292.520,356.920
-443704.780,-1172292.810,356.950
-443704.620,-1172293.190,356.940
-443704.480,-1172293.550,356.960
-443704.350,-1172293.880,357.000
-443704.220,-1172294.200,357.020
-443704.090,-1172294.530,357.120
-443703.500,-1172295.990,358.590
-443705.470,-1172291.780,356.850
-443705.340,-1172292.100,356.910
-443705.200,-1172292.440,356.940
-443705.050,-1172292.800,356.970
-443704.920,-1172293.130,356.980
-443704.770,-1172293.500,356.960
-443704.650,-1172293.810,357.010
-443704.510,-1172294.160,357.020
-443704.380,-1172294.470,357.090
-443703.780,-1172295.980,358.440
-443704.530,-1172291.910,356.850
-443704.400,-1172292.240,356.920
-443704.250,-1172292.600,356.870
-443704.120,-1172292.920,356.940
-443703.980,-1172293.280,356.930
-443703.840,-1172293.640,356.960
-443703.700,-1172293.980,356.970
-443703.570,-1172294.290,357.070
-443703.380,-1172294.770,357.600
-443703.280,-1172295.030,357.790
-443703.070,-1172295.540,358.390
-443702.980,-1172295.770,358.590
-443704.940,-1172291.610,356.850
-443704.810,-1172291.930,356.940
-443704.660,-1172292.300,356.910
-443704.530,-1172292.630,356.950
-443704.390,-1172292.970,356.940
-443704.260,-1172293.290,356.990
-443704.120,-1172293.630,357.010
-443703.980,-1172293.970,357.010
-443703.850,-1172294.310,357.060
-443703.740,-1172294.570,357.260
-443703.230,-1172295.850,358.510
-443704.370,-1172291.450,356.890
-443704.230,-1172291.790,356.870
-443704.100,-1172292.120,356.880
-443703.970,-1172292.450,356.960
-443703.830,-1172292.790,356.930
-443703.690,-1172293.150,356.940
-443703.550,-1172293.490,356.980
-443703.430,-1172293.790,357.030
-443703.290,-1172294.130,357.060
-443703.180,-1172294.400,357.280
-443703.080,-1172294.660,357.540
-443702.970,-1172294.930,357.740
-443702.770,-1172295.430,358.310
-443702.660,-1172295.720,358.420
-443704.790,-1172291.270,356.740
-443704.670,-1172291.570,356.860
-443704.000,-1172291.300,356.850
-443703.860,-1172291.630,356.890
-443703.730,-1172291.970,356.880
-443703.590,-1172292.320,356.920
-443703.450,-1172292.650,356.920
-443703.310,-1172293.000,356.940
-443703.180,-1172293.320,356.950
-443703.040,-1172293.670,356.970
-443702.920,-1172293.980,357.050
-443702.820,-1172294.220,357.240
-443702.620,-1172294.730,357.730
-443702.410,-1172295.250,358.190
-443702.320,-1172295.480,358.460
-443704.260,-1172291.270,356.810
-443704.110,-1172291.640,356.800
-443703.990,-1172291.930,356.850
-443703.870,-1172292.240,356.900
-443703.730,-1172292.590,356.940
-443703.580,-1172292.950,356.910
-443703.450,-1172293.260,356.920
-443703.320,-1172293.610,356.910
-443703.180,-1172293.950,357.010
-443703.070,-1172294.220,357.130
-443702.860,-1172294.740,357.600
-443702.770,-1172294.980,357.890
-443702.680,-1172295.210,358.170
-443702.580,-1172295.460,358.410
-443703.270,-1172291.090,356.840
-443703.130,-1172291.440,356.880
-443703.000,-1172291.770,356.880
-443702.860,-1172292.120,356.860
-443702.730,-1172292.440,356.910
-443702.590,-1172292.770,356.950
-443702.450,-1172293.120,356.970
-443702.320,-1172293.450,356.990
-443702.190,-1172293.770,357.060
-443701.980,-1172294.310,357.540
-443701.770,-1172294.830,358.020
-443701.580,-1172295.320,358.510
-443703.720,-1172291.060,356.800
-443703.590,-1172291.390,356.870
-443703.440,-1172291.770,356.850
-443703.310,-1172292.070,356.890
-443703.170,-1172292.420,356.890
-443703.020,-1172292.790,356.920
-443702.890,-1172293.130,356.950
-443702.760,-1172293.460,356.930
-443702.620,-1172293.800,356.980
-443702.410,-1172294.320,357.460
-443702.320,-1172294.550,357.680
-443702.210,-1172294.820,357.900
-443702.120,-1172295.060,358.150
-443702.020,-1172295.300,358.360
-443701.910,-1172295.570,358.570
-443701.710,-1172293.180,356.950
-443701.580,-1172293.510,357.010
-443701.370,-1172294.020,357.520
-443701.270,-1172294.290,357.710
-443701.170,-1172294.530,357.930
-443701.080,-1172294.760,358.190
-443700.980,-1172295.030,358.460
-443702.850,-1172291.210,356.860
-443702.700,-1172291.580,356.860
-443702.560,-1172291.930,356.920
-443702.420,-1172292.280,356.910
-443702.280,-1172292.620,356.930
-443702.120,-1172293.010,356.860
-443702.000,-1172293.320,356.970
-443701.870,-1172293.620,357.010
-443701.770,-1172293.900,357.170
-443701.660,-1172294.160,357.450
-443701.560,-1172294.410,357.730
-443701.480,-1172294.630,357.990
-443701.360,-1172294.910,358.200
-443701.260,-1172295.170,358.490
-443701.140,-1172295.480,358.570
-443702.280,-1172290.860,356.860
-443702.140,-1172291.210,356.830
-443702.000,-1172291.550,356.880
-443701.870,-1172291.880,356.890
-443701.730,-1172292.220,356.920
-443701.600,-1172292.540,356.960
-443701.470,-1172292.870,356.960
-443701.320,-1172293.240,356.970
-443701.190,-1172293.570,357.070
-443701.100,-1172293.800,357.290
-443701.010,-1172294.030,357.570
-443700.890,-1172294.310,357.790
-443700.700,-1172294.790,358.340
-443700.590,-1172295.080,358.580
-443702.670,-1172290.790,356.820
-443702.540,-1172291.130,356.810
-443702.400,-1172291.470,356.850
-443702.260,-1172291.810,356.900
-443702.130,-1172292.130,356.940
-443702.000,-1172292.470,356.960
-443701.860,-1172292.810,356.940
-443701.870,-1172290.520,356.820
-443701.740,-1172290.850,356.840
-443701.590,-1172291.220,356.860
-443701.450,-1172291.580,356.850
-443701.310,-1172291.910,356.870
-443701.180,-1172292.250,356.900
-443701.040,-1172292.600,356.940
-443700.910,-1172292.910,356.950
-443700.770,-1172293.270,356.930
-443700.670,-1172293.510,357.220
-443700.570,-1172293.760,357.450
-443700.490,-1172293.970,357.740
-443700.390,-1172294.220,357.950
-443700.290,-1172294.480,358.230
-443700.200,-1172294.710,358.490
-443698.940,-1172297.800,355.940
-443702.150,-1172290.580,356.750
-443702.030,-1172290.880,356.830
-443701.890,-1172291.220,356.860
-443701.750,-1172291.560,356.850
-443701.610,-1172291.920,356.860
-443701.480,-1172292.240,356.890
-443701.350,-1172292.550,356.940
-443701.210,-1172292.900,356.910
-443701.090,-1172293.210,356.970
-443700.970,-1172293.510,357.140
-443700.770,-1172294.010,357.580
-443700.670,-1172294.250,357.870
-443700.580,-1172294.480,358.120
-443700.480,-1172294.740,358.410
-443700.370,-1172295.020,358.600
-443701.150,-1172290.560,356.800
-443701.010,-1172290.900,356.820
-443700.860,-1172291.290,356.790
-443700.730,-1172291.610,356.900
-443700.590,-1172291.960,356.870
-443700.460,-1172292.280,356.910
-443700.330,-1172292.610,356.950
-443700.200,-1172292.930,356.970
-443700.080,-1172293.240,357.090
-443699.980,-1172293.490,357.380
-443699.890,-1172293.710,357.670
-443699.690,-1172294.220,358.190
-443699.580,-1172294.490,358.420
-443699.490,-1172294.730,358.660
-443701.640,-1172290.460,356.810
-443701.500,-1172290.790,356.840
-443701.370,-1172291.110,356.880
-443701.230,-1172291.480,356.870
-443701.090,-1172291.820,356.890
-443700.950,-1172292.160,356.890
-443700.810,-1172292.510,356.900
-443700.670,-1172292.850,356.940
-443700.540,-1172293.190,357.010
-443700.440,-1172293.430,357.230
-443700.340,-1172293.690,357.490
-443700.250,-1172293.920,357.740
-443700.140,-1172294.180,358.010
-443700.050,-1172294.420,358.240
-443699.950,-1172294.670,358.470
-443700.720,-1172290.700,356.830
-443700.580,-1172291.050,356.890
-443700.450,-1172291.370,356.910
-443700.310,-1172291.720,356.850
-443700.180,-1172292.040,356.940
-443700.040,-1172292.380,357.020
-443699.900,-1172292.740,357.010
-443699.780,-1172293.050,357.100
-443699.670,-1172293.330,357.330
-443699.280,-1172294.300,358.360
-443699.180,-1172294.560,358.560
-443700.100,-1172290.560,356.850
-443699.960,-1172290.900,356.820
-443699.840,-1172291.210,356.900
-443699.700,-1172291.570,356.850
-443699.570,-1172291.870,356.950
-443699.430,-1172292.220,356.950
-443699.310,-1172292.540,356.990
-443699.190,-1172292.840,357.110
-443699.080,-1172293.110,357.330
-443698.980,-1172293.350,357.560
-443698.600,-1172294.330,358.600
-443700.470,-1172290.410,356.790
-443700.340,-1172290.740,356.830
-443700.220,-1172291.050,356.840
-443700.080,-1172291.400,356.870
-443699.940,-1172291.740,356.890
-443699.810,-1172292.080,356.920
-443699.670,-1172292.410,356.960
-443699.540,-1172292.740,357.010
-443699.430,-1172293.030,357.170
-443699.330,-1172293.260,357.480
-443699.230,-1172293.520,357.680
-443699.120,-1172293.800,357.950
-443698.920,-1172294.300,358.440
-443699.740,-1172290.410,356.850
-443699.580,-1172290.800,356.790
-443699.460,-1172291.100,356.860
-443699.330,-1172291.440,356.900
-443699.190,-1172291.790,356.880
-443699.060,-1172292.110,356.990
-443698.930,-1172292.430,357.010
-443698.810,-1172292.740,357.080
-443698.710,-1172292.980,357.340
-443698.330,-1172293.940,358.380
-443699.290,-1172290.530,356.870
-443699.150,-1172290.880,356.860
-443699.030,-1172291.190,356.940
-443698.890,-1172291.530,356.970
-443698.750,-1172291.890,356.960
-443698.610,-1172292.230,357.020
-443696.890,-1172298.470,354.690
-443697.280,-1172298.110,355.030
-443697.690,-1172297.730,355.520
-443696.950,-1172298.800,354.490
-443697.270,-1172298.500,354.700
-443697.080,-1172299.190,354.380
-443697.430,-1172298.860,354.630
-443697.830,-1172299.120,354.490
-443698.140,-1172298.830,354.680
-443698.540,-1172298.460,355.070
-443698.960,-1172298.070,355.490
-443706.360,-1172297.030,358.590
-443706.620,-1172296.790,358.560
-443705.740,-1172297.110,358.470
-443706.050,-1172296.820,358.600
-443706.270,-1172296.630,358.380
-443706.490,-1172296.420,358.160
-443704.420,-1172297.280,357.900
-443704.830,-1172296.900,358.410
-443705.150,-1172296.600,358.600
-443705.380,-1172296.390,358.380
-443705.590,-1172296.200,358.200
-443704.640,-1172297.630,357.750
-443705.480,-1172296.850,358.640
-443705.700,-1172296.650,358.490
-443705.890,-1172296.470,358.260
-443706.110,-1172296.270,358.070
-443706.350,-1172296.050,357.960
-443704.070,-1172297.070,357.990
-443704.500,-1172296.670,358.480
-443704.780,-1172296.410,358.530
-443704.990,-1172296.220,358.360
-443705.200,-1172296.020,358.100
-443705.600,-1172295.660,357.620
-443705.820,-1172295.460,357.480
-443703.430,-1172296.840,358.020
-443703.880,-1172296.430,358.550
-443704.150,-1172296.180,358.510
-443704.350,-1172295.990,358.310
-443704.560,-1172295.800,358.080
-443704.760,-1172295.610,357.870
-443704.960,-1172295.430,357.600
-443705.160,-1172295.240,357.400
-443705.360,-1172295.060,357.180
-443705.560,-1172294.870,356.990
-443705.750,-1172294.700,356.740
-443703.840,-1172296.920,358.030
-443704.270,-1172296.530,358.510
-443704.520,-1172296.290,358.530
-443704.720,-1172296.110,358.310
-443705.140,-1172295.730,357.850
-443705.340,-1172295.540,357.650
-443705.520,-1172295.370,357.430
-443705.750,-1172295.160,357.220
-443703.310,-1172296.430,358.250
-443703.670,-1172296.100,358.590
-443703.880,-1172295.900,358.400
-443704.510,-1172295.320,357.720
-443704.720,-1172295.130,357.470
-443704.940,-1172294.920,357.240
-443705.140,-1172294.740,357.060
-443705.390,-1172294.510,357.000
-443705.640,-1172294.270,356.930
-443701.620,-1172296.780,358.110
-443701.930,-1172296.490,358.220
-443702.200,-1172296.240,358.150
-443702.570,-1172295.900,358.540
-443702.840,-1172295.650,358.500
-443703.090,-1172295.430,358.350
-443704.070,-1172294.510,357.110
-443704.320,-1172294.280,357.030
-443704.600,-1172294.030,356.980
-443704.850,-1172293.790,356.950
-443705.110,-1172293.560,356.960
-443705.370,-1172293.320,356.940
-443705.660,-1172293.050,356.930
-443705.930,-1172292.800,356.910
-443706.170,-1172292.570,356.890
-443701.920,-1172297.020,358.110
-443702.860,-1172296.160,358.410
-443703.170,-1172295.870,358.560
-443704.400,-1172294.730,357.210
-443704.620,-1172294.530,357.040
-443704.880,-1172294.290,356.990
-443705.150,-1172294.040,356.980
-443705.430,-1172293.780,356.970
-443705.700,-1172293.530,356.930
-443701.500,-1172295.720,358.360
-443701.830,-1172295.410,358.560
-443702.050,-1172295.210,358.330
-443702.240,-1172295.040,358.110
-443702.430,-1172294.860,357.900
-443702.640,-1172294.660,357.680
-443702.840,-1172294.480,357.480
-443703.040,-1172294.300,357.220
-443703.240,-1172294.110,357.030
-443703.490,-1172293.880,356.950
-443703.760,-1172293.630,356.940
-443704.010,-1172293.400,356.930
-443704.300,-1172293.130,356.910
-443704.580,-1172292.870,356.900
-443704.840,-1172292.630,356.890
-443705.100,-1172292.390,356.890
-443705.390,-1172292.130,356.880
-443705.660,-1172291.870,356.850
-443705.900,-1172291.660,356.740
-443701.740,-1172296.170,358.160
-443702.130,-1172295.800,358.590
-443702.390,-1172295.570,358.500
-443702.590,-1172295.380,358.300
-443702.780,-1172295.200,358.080
-443703.170,-1172294.840,357.590
-443703.390,-1172294.640,357.380
-443703.600,-1172294.440,357.140
-443703.830,-1172294.230,357.010
-443704.080,-1172294.000,357.010
-443704.360,-1172293.740,356.980
-443704.640,-1172293.480,356.970
-443704.920,-1172293.230,356.950
-443705.190,-1172292.970,356.940
-443705.470,-1172292.720,356.920
-443705.740,-1172292.470,356.900
-443705.980,-1172292.240,356.880
-443706.240,-1172292.000,356.880
-443698.320,-1172298.040,355.660
-443698.680,-1172297.700,355.930
-443699.470,-1172296.970,356.700
-443699.880,-1172296.590,357.180
-443701.140,-1172295.420,358.570
-443701.800,-1172294.810,358.030
-443702.210,-1172294.440,357.580
-443702.410,-1172294.250,357.340
-443702.620,-1172294.060,357.130
-443702.860,-1172293.840,357.000
-443703.110,-1172293.610,356.970
-443703.360,-1172293.370,356.960
-443703.630,-1172293.120,356.940
-443703.900,-1172292.870,356.920
-443704.160,-1172292.630,356.920
-443704.440,-1172292.370,356.920
-443704.690,-1172292.140,356.890
-443704.970,-1172291.890,356.860
-443705.220,-1172291.650,356.880
-443698.520,-1172296.960,356.400
-443698.940,-1172296.580,356.900
-443699.370,-1172296.170,357.390
-443699.800,-1172295.770,357.890
-443700.210,-1172295.390,358.340
-443700.560,-1172295.070,358.610
-443700.770,-1172294.880,358.390
-443700.990,-1172294.680,358.160
-443701.190,-1172294.490,357.900
-443701.400,-1172294.290,357.690
-443701.620,-1172294.100,357.470
-443701.810,-1172293.920,357.230
-443702.020,-1172293.720,357.030
-443702.260,-1172293.500,356.980
-443702.540,-1172293.240,356.950
-443702.800,-1172293.000,356.940
-443703.080,-1172292.740,356.940
-443703.350,-1172292.500,356.900
-443703.620,-1172292.240,356.910
-443703.900,-1172291.980,356.880
-443704.160,-1172291.740,356.870
-443704.430,-1172291.490,356.830
-443704.670,-1172291.270,356.750
-443698.160,-1172297.680,355.690
-443698.570,-1172297.300,356.190
-443698.920,-1172296.970,356.490
-443699.360,-1172296.570,356.930
-443699.790,-1172296.160,357.470
-443700.210,-1172295.780,357.950
-443700.660,-1172295.360,358.440
-443700.970,-1172295.070,358.530
-443701.160,-1172294.900,358.330
-443701.360,-1172294.710,358.130
-443701.570,-1172294.520,357.860
-443701.770,-1172294.330,357.650
-443701.960,-1172294.150,357.410
-443702.170,-1172293.970,357.200
-443702.390,-1172293.760,356.980
-443702.670,-1172293.500,356.950
-443702.930,-1172293.260,356.940
-443703.190,-1172293.020,356.920
-443703.480,-1172292.750,356.920
-443703.740,-1172292.520,356.910
-443704.010,-1172292.270,356.890
-443704.270,-1172292.020,356.860
-443704.540,-1172291.770,356.850
-443704.780,-1172291.550,356.820
-443705.010,-1172291.340,356.720
-443697.720,-1172297.220,355.920
-443698.130,-1172296.840,356.350
-443698.540,-1172296.460,356.820
-443698.930,-1172296.100,357.260
-443699.380,-1172295.690,357.800
-443699.810,-1172295.280,358.280
-443700.170,-1172294.950,358.610
-443700.380,-1172294.750,358.400
-443700.580,-1172294.570,358.200
-443700.800,-1172294.360,357.940
-443701.000,-1172294.180,357.730
-443701.200,-1172294.000,357.500
-443701.620,-1172293.610,357.070
-443701.860,-1172293.390,356.960
-443702.130,-1172293.140,356.950
-443702.420,-1172292.870,356.910
-443702.690,-1172292.620,356.910
-443702.950,-1172292.380,356.900
-443703.210,-1172292.140,356.880
-443703.480,-1172291.890,356.860
-443703.740,-1172291.650,356.850
-443704.020,-1172291.380,356.840
-443704.270,-1172291.150,356.780
-443698.140,-1172297.310,356.060
-443697.480,-1172297.010,356.090
-443697.880,-1172296.640,356.500
-443698.290,-1172296.260,356.960
-443698.710,-1172295.870,357.410
-443699.150,-1172295.460,357.980
-443699.540,-1172295.100,358.410
-443699.870,-1172294.790,358.590
-443700.080,-1172294.600,358.380
-443700.290,-1172294.410,358.180
-443700.480,-1172294.230,357.910
-443700.670,-1172294.060,357.680
-443701.080,-1172293.680,357.230
-443701.280,-1172293.490,357.040
-443701.540,-1172293.250,356.950
-443701.820,-1172292.990,356.920
-443702.070,-1172292.760,356.900
-443702.330,-1172292.520,356.920
-443702.610,-1172292.260,356.900
-443702.890,-1172292.000,356.890
-443703.160,-1172291.750,356.850
-443703.430,-1172291.500,356.850
-443703.720,-1172291.230,356.860
-443703.960,-1172291.010,356.780
-443697.360,-1172296.710,356.240
-443698.170,-1172295.970,357.140
-443699.460,-1172294.770,358.600
-443699.690,-1172294.550,358.460
-443699.910,-1172294.350,358.220
-443700.100,-1172294.180,358.000
-443700.310,-1172293.990,357.790
-443700.500,-1172293.810,357.550
-443700.700,-1172293.630,357.320
-443700.900,-1172293.440,357.110
-443701.110,-1172293.240,356.950
-443701.390,-1172292.990,356.910
-443701.660,-1172292.730,356.920
-443701.910,-1172292.510,356.910
-443702.180,-1172292.250,356.880
-443702.450,-1172292.010,356.870
-443702.720,-1172291.750,356.850
-443703.000,-1172291.500,356.860
-443703.270,-1172291.250,356.840
-443703.520,-1172291.010,356.820
-443700.560,-1172292.900,356.930
-443700.850,-1172292.640,356.960
-443701.120,-1172292.390,356.920
-443701.400,-1172292.130,356.920
-443701.650,-1172291.890,356.890
-443701.920,-1172291.640,356.870
-443702.190,-1172291.390,356.870
-443702.470,-1172291.130,356.830
-443702.720,-1172290.910,356.820
-443702.970,-1172290.680,356.770
-443697.060,-1172296.650,356.430
-443697.420,-1172296.320,356.700
-443697.840,-1172295.920,357.150
-443698.270,-1172295.530,357.680
-443698.670,-1172295.160,358.110
-443699.070,-1172294.780,358.550
-443699.340,-1172294.530,358.530
-443699.540,-1172294.350,358.280
-443699.750,-1172294.160,358.070
-443699.950,-1172293.970,357.840
-443700.160,-1172293.780,357.610
-443700.380,-1172293.580,357.360
-443700.570,-1172293.400,357.140
-443700.800,-1172293.190,356.970
-443701.060,-1172292.940,356.960
-443701.340,-1172292.690,356.950
-443701.600,-1172292.440,356.910
-443701.870,-1172292.200,356.930
-443702.120,-1172291.960,356.910
-443702.370,-1172291.730,356.880
-443702.650,-1172291.470,356.860
-443702.920,-1172291.220,356.860
-443703.170,-1172290.990,356.840
-443703.420,-1172290.760,356.740
-443698.620,-1172294.300,358.590
-443698.810,-1172294.120,358.370
-443699.000,-1172293.940,358.130
-443699.210,-1172293.750,357.890
-443699.420,-1172293.560,357.670
-443699.620,-1172293.370,357.410
-443699.820,-1172293.190,357.150
-443700.050,-1172292.980,356.990
-443700.310,-1172292.740,356.960
-443700.580,-1172292.480,356.950
-443700.830,-1172292.250,356.910
-443701.100,-1172292.000,356.890
-443701.370,-1172291.750,356.880
-443701.640,-1172291.500,356.870
-443701.920,-1172291.240,356.870
-443702.190,-1172290.990,356.850
-443702.480,-1172290.730,356.850
-443697.320,-1172295.900,357.090
-443697.660,-1172295.590,357.370
-443698.110,-1172295.180,357.910
-443698.550,-1172294.770,358.380
-443698.900,-1172294.440,358.610
-443699.100,-1172294.260,358.390
-443699.710,-1172293.690,357.700
-443699.900,-1172293.520,357.470
-443700.100,-1172293.340,357.240
-443700.320,-1172293.130,357.010
-443698.250,-1172294.310,358.600
-443698.470,-1172294.110,358.460
-443698.880,-1172293.730,357.970
-443699.070,-1172293.550,357.760
-443699.280,-1172293.360,357.530
-443699.480,-1172293.170,357.270
-443699.690,-1172292.980,357.070
-443699.910,-1172292.770,356.960
-443700.190,-1172292.510,356.930
-443700.480,-1172292.250,356.910
-443700.740,-1172292.000,356.900
-443701.010,-1172291.760,356.880
-443701.290,-1172291.490,356.850
-443701.560,-1172291.250,356.860
-443701.810,-1172291.010,356.840
-443702.070,-1172290.780,356.820
-443702.360,-1172290.510,356.790
-443698.280,-1172294.610,358.440
-443698.040,-1172294.310,358.660
-443698.260,-1172294.100,358.510
-443698.460,-1172293.910,358.320
-443698.840,-1172293.560,357.790
-443699.040,-1172293.380,357.550
-443699.240,-1172293.190,357.350
-443699.440,-1172293.010,357.130
-443699.680,-1172292.780,356.970
-443699.920,-1172292.570,356.950
-443700.200,-1172292.300,356.920
-443700.480,-1172292.050,356.890
-443700.740,-1172291.800,356.870
-443700.990,-1172291.570,356.870
-443701.270,-1172291.310,356.860
-443701.550,-1172291.050,356.830
-443701.820,-1172290.800,356.830
-443702.100,-1172290.550,356.810
-443698.640,-1172293.300,357.660
-443698.850,-1172293.100,357.420
-443699.030,-1172292.940,357.190
-443699.230,-1172292.740,357.020
-443699.480,-1172292.520,356.920
-443699.750,-1172292.260,356.930
-443700.010,-1172292.020,356.900
-443700.270,-1172291.780,356.870
-443700.530,-1172291.540,356.850
-443700.810,-1172291.280,356.860
-443701.070,-1172291.050,356.840
-443701.340,-1172290.790,356.820
-443701.630,-1172290.530,356.810
-443698.780,-1172292.680,357.050
-443699.010,-1172292.460,356.960
-443699.290,-1172292.200,356.940
-443699.550,-1172291.970,356.930
-443699.820,-1172291.710,356.890
-443700.090,-1172291.460,356.900
-443700.340,-1172291.230,356.870
-443700.600,-1172290.990,356.860
-443700.860,-1172290.750,356.840
-443701.130,-1172290.500,356.810
-443698.310,-1172292.520,357.090
-443698.570,-1172292.280,356.980
-443698.820,-1172292.050,356.930
-443699.080,-1172291.810,356.920
-443699.370,-1172291.540,356.900
-443699.640,-1172291.280,356.890
-443699.900,-1172291.040,356.870
-443700.170,-1172290.800,356.850
-443700.450,-1172290.530,356.810
-443698.710,-1172291.620,356.970
-443698.960,-1172291.380,356.920
-443699.220,-1172291.150,356.880
-443699.480,-1172290.900,356.850
-443699.750,-1172290.650,356.840
-443700.020,-1172290.400,356.830
-443699.210,-1172290.390,356.810
-443698.890,-1172298.000,355.690
-443698.800,-1172298.240,355.460
-443698.700,-1172298.510,355.190
-443698.540,-1172297.970,355.700
-443698.420,-1172298.280,355.600
-443698.360,-1172298.450,355.060
-443698.240,-1172298.750,354.850
-443698.150,-1172299.010,354.670
-443698.040,-1172299.300,354.500
-443698.210,-1172298.150,355.620
-443698.040,-1172298.590,354.830
-443697.940,-1172298.880,354.680
-443697.830,-1172299.160,354.530
-443697.720,-1172299.460,354.360
-443697.950,-1172297.860,355.690
-443697.560,-1172298.890,354.610
-443697.460,-1172299.150,354.430
-443697.700,-1172297.650,355.650
-443697.590,-1172297.920,355.330
-443697.510,-1172298.140,355.000
-443697.410,-1172298.390,354.810
-443697.300,-1172298.690,354.650
-443697.180,-1172299.010,354.490
-443697.300,-1172297.780,355.310
-443697.200,-1172298.050,355.090
-443697.100,-1172298.290,354.840
-443697.000,-1172298.570,354.640
-443696.890,-1172298.870,354.510
-443696.860,-1172298.210,354.840
-443696.760,-1172298.490,354.660
-443696.650,-1172298.770,354.500
-443705.930,-1172297.080,358.570
-443705.240,-1172296.710,358.590
-443705.630,-1172292.650,356.920
-443705.500,-1172293.000,356.980
-443705.380,-1172293.320,356.950
-443705.250,-1172293.670,356.990
-443705.110,-1172294.030,357.040
-443704.980,-1172294.390,357.030
-443704.060,-1172296.870,358.170
-443706.270,-1172291.970,356.890
-443706.140,-1172292.320,356.890
-443706.010,-1172292.680,356.930
-443705.880,-1172293.030,356.910
-443705.740,-1172293.380,356.980
-443705.620,-1172293.730,357.000
-443705.480,-1172294.080,356.990
-443705.350,-1172294.430,357.030
-443705.220,-1172294.800,357.020
-443704.510,-1172296.710,358.550
-443704.430,-1172296.920,358.190
-443704.320,-1172297.220,358.040
-443704.870,-1172296.680,358.430
-443704.760,-1172296.970,358.250
-443704.570,-1172297.490,357.770
-443703.650,-1172296.220,358.580
-443703.460,-1172296.720,358.140
-443705.660,-1172291.800,356.910
-443705.550,-1172292.110,356.920
-443705.410,-1172292.490,356.950
-443705.280,-1172292.830,356.950
-443705.160,-1172293.150,356.950
-443705.040,-1172293.480,357.000
-443704.910,-1172293.830,356.960
-443704.770,-1172294.210,357.020
-443703.760,-1172296.920,357.980
-443705.880,-1172291.980,356.950
-443705.760,-1172292.290,356.930
-443705.050,-1172291.360,356.940
-443704.930,-1172291.700,356.930
-443704.810,-1172292.020,356.910
-443704.680,-1172292.350,356.890
-443704.540,-1172292.740,356.950
-443704.410,-1172293.080,356.940
-443704.280,-1172293.440,356.990
-443704.140,-1172293.810,357.000
-443703.290,-1172296.100,358.610
-443703.190,-1172296.370,358.450
-443705.400,-1172291.490,356.860
-443705.270,-1172291.860,356.890
-443705.130,-1172292.220,356.910
-443705.000,-1172292.570,356.910
-443704.870,-1172292.910,356.930
-443704.730,-1172293.290,356.980
-443704.610,-1172293.630,357.020
-443704.480,-1172293.960,356.940
-443704.580,-1172291.370,356.890
-443704.450,-1172291.720,356.950
-443704.310,-1172292.090,356.930
-443704.170,-1172292.460,356.970
-443704.060,-1172292.760,356.930
-443703.920,-1172293.130,357.040
-443703.800,-1172293.460,356.990
-443703.670,-1172293.820,356.980
-443703.530,-1172294.180,357.070
-443702.950,-1172295.750,358.580
-443703.950,-1172291.070,356.870
-443703.820,-1172291.430,356.910
-443703.690,-1172291.770,356.950
-443703.570,-1172292.100,356.880
-443703.430,-1172292.470,356.970
-443703.300,-1172292.820,356.980
-443703.160,-1172293.190,356.990
-443703.050,-1172293.500,356.910
-443702.910,-1172293.860,357.020
-443702.190,-1172295.810,358.580
-443701.970,-1172296.390,358.220
-443704.170,-1172291.400,356.910
-443704.040,-1172291.750,356.880
-443703.910,-1172292.100,356.880
-443703.780,-1172292.450,356.980
-443703.660,-1172292.790,356.950
-443703.520,-1172293.160,356.970
-443703.380,-1172293.530,356.990
-443703.250,-1172293.870,357.000
-443702.690,-1172295.400,358.440
-443702.550,-1172295.770,358.590
-443703.480,-1172291.280,356.870
-443703.360,-1172291.610,356.870
-443703.230,-1172291.960,356.890
-443703.100,-1172292.300,356.920
-443702.980,-1172292.620,356.900
-443702.840,-1172293.010,356.970
-443702.710,-1172293.350,356.990
-443702.580,-1172293.680,356.990
-443701.780,-1172295.870,358.340
-443701.670,-1172296.140,358.110
-443701.550,-1172296.470,358.080
-443703.240,-1172290.800,356.910
-443703.110,-1172291.160,356.900
-443702.970,-1172291.510,356.950
-443702.850,-1172291.850,356.960
-443702.720,-1172292.200,356.980
-443702.580,-1172292.570,356.980
-443702.460,-1172292.880,356.940
-443702.330,-1172293.240,357.050
-443702.200,-1172293.580,357.070
-443701.400,-1172295.750,358.370
-443701.610,-1172293.200,357.000
-443701.490,-1172293.520,356.940
-443700.780,-1172295.440,358.460
-443702.870,-1172290.830,356.880
-443702.750,-1172291.160,356.810
-443702.610,-1172291.540,356.890
-443702.490,-1172291.870,356.890
-443702.350,-1172292.230,356.910
-443702.210,-1172292.610,356.940
-443702.080,-1172292.950,356.950
-443701.950,-1172293.310,357.020
-443701.830,-1172293.620,356.870
-443701.120,-1172295.540,358.490
-443701.030,-1172295.780,358.260
-443702.190,-1172290.410,356.860
-443702.070,-1172290.740,356.870
-443701.950,-1172291.070,356.850
-443701.800,-1172291.460,356.920
-443701.680,-1172291.800,356.900
-443701.540,-1172292.170,356.940
-443701.400,-1172292.530,356.910
-443701.270,-1172292.880,356.940
-443701.150,-1172293.200,356.950
-443700.440,-1172295.140,358.550
-443700.340,-1172295.400,358.340
-443700.140,-1172295.910,357.790
-443700.040,-1172296.190,357.580
-443699.850,-1172296.700,357.050
-443699.750,-1172296.970,356.880
-443702.530,-1172290.740,356.860
-443702.400,-1172291.100,356.880
-443702.270,-1172291.450,356.910
-443702.140,-1172291.800,356.920
-443702.020,-1172292.110,356.930
-443701.870,-1172292.510,356.980
-443701.750,-1172292.840,356.930
-443701.720,-1172290.430,356.830
-443701.590,-1172290.780,356.840
-443701.470,-1172291.120,356.860
-443701.330,-1172291.480,356.920
-443701.190,-1172291.850,356.930
-443701.060,-1172292.210,356.960
-443700.940,-1172292.540,356.960
-443700.810,-1172292.880,356.980
-443699.580,-1172296.170,357.470
-443699.490,-1172296.410,357.180
-443699.100,-1172297.440,356.110
-443699.000,-1172297.700,355.890
-443701.220,-1172290.810,356.880
-443701.100,-1172291.140,356.870
-443700.970,-1172291.480,356.890
-443700.830,-1172291.850,356.890
-443700.710,-1172292.170,356.900
-443700.580,-1172292.530,356.950
-443700.450,-1172292.870,356.920
-443699.720,-1172294.840,358.610
-443699.620,-1172295.100,358.420
-443699.530,-1172295.350,358.170
-443699.430,-1172295.620,357.900
-443699.330,-1172295.870,357.580
-443699.240,-1172296.120,357.330
-443699.130,-1172296.400,357.100
-443699.040,-1172296.650,356.830
-443698.940,-1172296.900,356.580
-443698.850,-1172297.130,356.340
-443698.650,-1172297.690,355.840
-443700.630,-1172290.710,356.880
-443700.500,-1172291.060,356.890
-443700.370,-1172291.420,356.870
-443700.220,-1172291.810,356.950
-443700.100,-1172292.140,356.950
-443699.960,-1172292.500,356.970
-443699.840,-1172292.830,356.990
-443699.130,-1172294.740,358.570
-443698.650,-1172296.010,357.320
-443698.360,-1172296.770,356.500
-443698.270,-1172297.010,356.240
-443698.180,-1172297.240,355.960
-443698.070,-1172297.550,355.820
-443700.990,-1172290.730,356.900
-443700.870,-1172291.060,356.910
-443700.740,-1172291.400,356.890
-443700.610,-1172291.740,356.900
-443700.490,-1172292.080,356.890
-443700.350,-1172292.430,356.980
-443700.230,-1172292.780,357.020
-443699.510,-1172294.720,358.670
-443699.220,-1172295.490,357.880
-443699.120,-1172295.730,357.620
-443699.030,-1172295.980,357.380
-443698.730,-1172296.770,356.570
-443698.630,-1172297.050,356.350
-443698.430,-1172297.560,355.860
-443698.320,-1172297.860,355.740
-443700.360,-1172290.550,356.900
-443700.230,-1172290.890,356.860
-443700.100,-1172291.250,356.930
-443699.960,-1172291.620,356.980
-443699.830,-1172291.950,356.950
-443699.700,-1172292.310,356.990
-443699.570,-1172292.660,357.000
-443698.850,-1172294.600,358.600
-443698.750,-1172294.860,358.410
-443698.660,-1172295.100,358.060
-443698.470,-1172295.610,357.630
-443698.380,-1172295.840,357.310
-443698.180,-1172296.360,356.800
-443697.800,-1172297.380,355.850
-443700.070,-1172290.400,356.850
-443699.930,-1172290.780,356.900
-443699.790,-1172291.140,356.940
-443699.670,-1172291.470,356.910
-443699.530,-1172291.850,356.960
-443699.390,-1172292.210,357.000
-443699.270,-1172292.520,356.990
-443698.560,-1172294.450,358.610
-443698.350,-1172295.010,358.160
-443698.160,-1172295.520,357.670
-443698.070,-1172295.750,357.270
-443697.860,-1172296.280,356.840
-443697.680,-1172296.780,356.380
-443697.590,-1172297.010,356.020
-443697.490,-1172297.260,355.850
-443699.250,-1172290.820,356.840
-443699.120,-1172291.180,356.920
-443698.980,-1172291.550,356.950
-443698.860,-1172291.880,356.980
-443698.720,-1172292.250,357.000
-443697.400,-1172295.780,357.220
-443697.120,-1172296.520,356.380
-443699.710,-1172290.640,356.870
-443699.570,-1172291.010,356.890
-443699.320,-1172291.680,356.930
-443699.180,-1172292.040,356.970
-443699.030,-1172292.460,357.070
-443698.220,-1172294.620,358.380
-443698.040,-1172295.100,357.800
-443697.830,-1172295.660,357.450
-443697.740,-1172295.910,357.140
-443697.630,-1172296.180,356.850
-443697.530,-1172296.450,356.620
-443697.440,-1172296.680,356.340
-443697.340,-1172296.950,356.090
-443698.740,-1172291.280,356.910
-443698.600,-1172291.640,356.970
-443698.470,-1172292.000,357.030
-443699.380,-1172290.480,356.840
-443697.800,-1172299.280,354.490
-443698.030,-1172299.080,354.630
-443698.280,-1172298.860,354.750
-443698.490,-1172298.680,354.980
-443698.710,-1172298.490,355.190
-443698.900,-1172298.320,355.410
-443697.330,-1172299.160,354.480
-443697.580,-1172298.940,354.600
-443697.810,-1172298.740,354.730
-443698.030,-1172298.550,354.900
-443698.240,-1172298.370,355.110
-443698.640,-1172298.020,355.630
-443696.840,-1172298.890,354.530
-443697.100,-1172298.670,354.650
-443697.330,-1172298.460,354.820
-443697.540,-1172298.280,355.000
-443697.920,-1172297.950,355.630
-443696.850,-1172298.460,354.720
-443697.080,-1172298.260,354.890
-443697.290,-1172298.080,355.130
-443697.500,-1172297.890,355.350
-443697.720,-1172297.700,355.550
-443706.510,-1172297.230,358.400
-443705.680,-1172297.140,358.500
-443705.880,-1172296.970,358.710
-443706.220,-1172296.680,358.450
-443706.590,-1172296.350,358.180
-443705.510,-1172296.060,358.100
-443704.670,-1172297.500,357.840
-443705.310,-1172296.950,358.540
-443705.530,-1172296.750,358.690
-443705.910,-1172296.430,358.280
-443706.280,-1172296.100,357.930
-443703.840,-1172297.030,358.000
-443704.050,-1172296.840,358.250
-443704.260,-1172296.670,358.460
-443704.460,-1172296.500,358.670
-443704.820,-1172296.180,358.400
-443705.210,-1172295.840,358.000
-443705.610,-1172295.490,357.520
-443704.170,-1172297.220,357.940
-443704.370,-1172297.050,358.170
-443704.590,-1172296.860,358.410
-443704.800,-1172296.670,358.660
-443705.130,-1172296.380,358.470
-443703.180,-1172296.330,358.420
-443703.380,-1172296.160,358.650
-443703.730,-1172295.850,358.410
-443704.490,-1172295.190,357.640
-443704.900,-1172294.840,357.160
-443705.210,-1172294.570,357.060
-443705.480,-1172294.330,357.060
-443703.290,-1172296.710,358.120
-443703.500,-1172296.530,358.370
-443703.720,-1172296.340,358.610
-443704.030,-1172296.070,358.520
-443704.420,-1172295.730,358.110
-443704.820,-1172295.380,357.700
-443705.230,-1172295.030,357.240
-443705.560,-1172294.740,356.980
-443701.850,-1172296.900,358.200
-443702.830,-1172296.050,358.570
-443703.070,-1172295.840,358.610
-443704.880,-1172294.270,357.030
-443705.170,-1172294.020,357.040
-443705.450,-1172293.780,357.020
-443705.720,-1172293.530,356.970
-443706.000,-1172293.300,356.980
-443701.630,-1172296.650,358.190
-443701.890,-1172296.420,358.260
-443702.170,-1172296.180,358.270
-443702.380,-1172296.000,358.480
-443702.610,-1172295.800,358.680
-443702.940,-1172295.510,358.450
-443703.360,-1172295.150,357.940
-443704.410,-1172294.240,357.050
-443704.670,-1172294.010,357.060
-443704.970,-1172293.750,357.030
-443705.240,-1172293.520,357.040
-443705.510,-1172293.280,356.980
-443705.800,-1172293.030,356.960
-443706.070,-1172292.790,356.980
-443704.050,-1172293.320,357.020
-443704.340,-1172293.060,357.000
-443704.610,-1172292.830,356.990
-443704.900,-1172292.580,356.980
-443705.160,-1172292.350,356.970
-443705.460,-1172292.090,356.930
-443705.740,-1172291.850,356.910
-443699.130,-1172298.130,355.670
-443700.340,-1172297.080,357.280
-443701.480,-1172296.080,358.120
-443701.710,-1172295.890,358.340
-443701.910,-1172295.710,358.600
-443702.170,-1172295.480,358.590
-443702.570,-1172295.130,358.200
-443703.000,-1172294.760,357.660
-443703.390,-1172294.420,357.270
-443703.720,-1172294.130,357.050
-443704.020,-1172293.880,357.050
-443704.290,-1172293.640,357.030
-443704.570,-1172293.400,357.020
-443704.850,-1172293.160,357.000
-443705.120,-1172292.920,356.970
-443705.370,-1172292.700,356.990
-443705.650,-1172292.460,356.960
-443705.950,-1172292.200,356.940
-443706.200,-1172291.980,356.980
-443699.010,-1172297.000,356.560
-443699.430,-1172296.630,357.050
-443699.640,-1172296.450,357.260
-443699.850,-1172296.270,357.500
-443700.060,-1172296.080,357.700
-443700.290,-1172295.880,357.940
-443700.700,-1172295.530,358.410
-443700.900,-1172295.360,358.640
-443701.230,-1172295.070,358.480
-443701.630,-1172294.730,358.060
-443702.040,-1172294.370,357.570
-443702.460,-1172294.000,357.110
-443702.770,-1172293.730,357.040
-443703.040,-1172293.500,356.990
-443703.310,-1172293.260,356.980
-443703.590,-1172293.020,356.960
-443703.870,-1172292.780,356.960
-443704.150,-1172292.530,356.930
-443704.430,-1172292.290,356.950
-443704.720,-1172292.040,356.920
-443705.000,-1172291.790,356.920
-443705.290,-1172291.540,356.900
-443698.870,-1172297.820,355.780
-443699.080,-1172297.640,355.990
-443699.290,-1172297.460,356.240
-443699.710,-1172297.090,356.730
-443699.920,-1172296.910,356.980
-443701.230,-1172295.770,358.310
-443701.430,-1172295.590,358.550
-443701.660,-1172295.400,358.700
-443702.040,-1172295.070,358.280
-443702.420,-1172294.740,357.860
-443702.820,-1172294.390,357.430
-443703.200,-1172294.060,357.070
-443703.490,-1172293.810,357.040
-443703.770,-1172293.560,357.030
-443697.930,-1172297.520,355.810
-443698.160,-1172297.320,355.980
-443698.380,-1172297.130,356.270
-443698.590,-1172296.950,356.480
-443698.810,-1172296.760,356.700
-443699.000,-1172296.590,356.940
-443699.240,-1172296.380,357.150
-443699.430,-1172296.220,357.420
-443699.620,-1172296.050,357.630
-443699.830,-1172295.870,357.830
-443700.050,-1172295.680,358.070
-443700.270,-1172295.490,358.310
-443700.470,-1172295.310,358.520
-443700.690,-1172295.120,358.670
-443701.080,-1172294.780,358.300
-443701.460,-1172294.450,357.860
-443701.850,-1172294.110,357.430
-443702.250,-1172293.760,357.060
-443702.530,-1172293.520,357.030
-443702.800,-1172293.280,357.000
-443703.090,-1172293.030,356.970
-443703.380,-1172292.780,356.980
-443703.670,-1172292.530,356.960
-443703.950,-1172292.280,356.930
-443704.240,-1172292.030,356.920
-443704.520,-1172291.790,356.910
-443704.780,-1172291.560,356.920
-443705.050,-1172291.330,356.880
-443698.180,-1172297.730,355.730
-443698.400,-1172297.530,355.860
-443698.570,-1172297.380,356.220
-443698.800,-1172297.180,356.360
-443697.460,-1172297.200,355.950
-443697.670,-1172297.010,356.180
-443697.890,-1172296.820,356.400
-443698.100,-1172296.640,356.640
-443698.310,-1172296.450,356.860
-443698.750,-1172296.080,357.340
-443698.960,-1172295.890,357.580
-443699.170,-1172295.710,357.810
-443699.410,-1172295.500,358.010
-443699.590,-1172295.340,358.250
-443699.810,-1172295.150,358.480
-443700.030,-1172294.960,358.690
-443700.390,-1172294.650,358.340
-443700.740,-1172294.340,357.970
-443701.140,-1172293.990,357.530
-443701.560,-1172293.630,357.060
-443701.830,-1172293.400,357.020
-443702.110,-1172293.150,356.990
-443702.400,-1172292.900,356.990
-443702.670,-1172292.660,356.970
-443702.950,-1172292.420,356.930
-443703.240,-1172292.170,356.950
-443703.510,-1172291.930,356.950
-443703.780,-1172291.700,356.920
-443704.070,-1172291.450,356.880
-443704.370,-1172291.190,356.880
-443697.460,-1172296.770,356.300
-443697.680,-1172296.580,356.510
-443697.900,-1172296.390,356.740
-443698.110,-1172296.210,356.960
-443698.320,-1172296.030,357.200
-443698.510,-1172295.860,357.420
-443699.160,-1172295.290,358.110
-443699.370,-1172295.110,358.360
-443699.590,-1172294.920,358.590
-443699.860,-1172294.690,358.640
-443700.240,-1172294.350,358.190
-443700.660,-1172293.990,357.730
-443701.050,-1172293.650,357.280
-443701.400,-1172293.340,357.040
-443701.670,-1172293.110,357.010
-443701.940,-1172292.870,356.980
-443702.220,-1172292.630,356.980
-443702.490,-1172292.400,356.950
-443702.770,-1172292.150,356.940
-443703.030,-1172291.920,356.960
-443703.320,-1172291.680,356.920
-443703.610,-1172291.430,356.900
-443703.870,-1172291.200,356.910
-443696.890,-1172296.690,356.360
-443697.110,-1172296.510,356.530
-443697.330,-1172296.310,356.730
-443697.560,-1172296.110,356.930
-443697.770,-1172295.930,357.160
-443697.990,-1172295.740,357.400
-443698.220,-1172295.540,357.630
-443698.630,-1172295.180,358.070
-443698.840,-1172295.000,358.330
-443699.040,-1172294.820,358.550
-443699.280,-1172294.620,358.710
-443699.690,-1172294.260,358.210
-443700.070,-1172293.920,357.840
-443700.480,-1172293.570,357.390
-443700.850,-1172293.250,357.020
-443701.140,-1172293.000,357.010
-443701.430,-1172292.750,356.980
-443701.710,-1172292.500,356.980
-443701.970,-1172292.270,356.960
-443702.260,-1172292.020,356.940
-443702.540,-1172291.780,356.940
-443702.810,-1172291.550,356.900
-443703.070,-1172291.320,356.900
-443703.350,-1172291.070,356.890
-443697.330,-1172295.970,357.060
-443697.560,-1172295.770,357.220
-443697.770,-1172295.590,357.460
-443697.980,-1172295.410,357.680
-443698.190,-1172295.220,357.890
-443698.390,-1172295.050,358.130
-443698.620,-1172294.850,358.350
-443698.840,-1172294.660,358.620
-443699.130,-1172294.400,358.600
-443699.530,-1172294.050,358.110
-443699.910,-1172293.720,357.720
-443700.310,-1172293.380,357.290
-443700.640,-1172293.090,357.030
-443700.920,-1172292.840,357.000
-443701.220,-1172292.590,357.000
-443701.500,-1172292.340,356.950
-443701.770,-1172292.110,356.980
-443702.060,-1172291.860,356.950
-443702.370,-1172291.590,356.890
-443702.630,-1172291.360,356.900
-443702.910,-1172291.120,356.880
-443703.170,-1172290.890,356.890
-443698.130,-1172294.570,358.460
-443698.350,-1172294.380,358.670
-443698.680,-1172294.090,358.460
-443699.110,-1172293.720,357.930
-443699.490,-1172293.390,357.500
-443699.890,-1172293.040,357.050
-443700.210,-1172292.770,357.000
-443700.490,-1172292.520,356.980
-443700.770,-1172292.280,356.980
-443701.050,-1172292.030,356.930
-443701.330,-1172291.790,356.930
-443701.590,-1172291.560,356.910
-443701.880,-1172291.310,356.880
-443702.170,-1172291.050,356.870
-443702.440,-1172290.820,356.870
-443702.730,-1172290.570,356.870
-443700.670,-1172291.900,356.940
-443700.960,-1172291.650,356.930
-443701.240,-1172291.410,356.920
-443701.520,-1172291.160,356.900
-443701.820,-1172290.900,356.900
-443702.100,-1172290.660,356.900
-443702.370,-1172290.430,356.900
-443698.010,-1172294.220,358.670
-443698.310,-1172293.960,358.550
-443698.780,-1172293.550,357.830
-443699.140,-1172293.230,357.510
-443699.530,-1172292.890,357.050
-443699.830,-1172292.630,357.000
-443700.120,-1172292.380,356.980
-443700.390,-1172292.140,356.960
-443698.440,-1172293.220,357.620
-443698.830,-1172292.890,357.200
-443699.150,-1172292.600,357.020
-443699.420,-1172292.370,356.980
-443699.700,-1172292.130,356.960
-443699.980,-1172291.880,356.940
-443700.260,-1172291.640,356.920
-443700.540,-1172291.400,356.910
-443700.810,-1172291.160,356.880
-443701.100,-1172290.910,356.890
-443701.390,-1172290.660,356.860
-443701.650,-1172290.430,356.840
-443698.740,-1172292.570,357.040
-443699.040,-1172292.310,357.010
-443699.290,-1172292.090,357.000
-443699.590,-1172291.830,356.950
-443699.860,-1172291.590,356.960
-443700.140,-1172291.350,356.940
-443700.400,-1172291.120,356.920
-443700.670,-1172290.890,356.890
-443700.970,-1172290.630,356.890
-443701.230,-1172290.400,356.880
-443699.550,-1172291.180,356.930
-443699.860,-1172290.920,356.890
-443700.130,-1172290.680,356.890
-443700.420,-1172290.430,356.860
-443699.000,-1172291.660,356.980
-443699.290,-1172291.410,356.930
-443699.140,-1172291.070,356.930
-443699.430,-1172290.820,356.910
-443699.700,-1172290.580,356.890
-443699.210,-1172290.390,356.840
