-579485.01,-1266073.18,177.51
-579485.15,-1266072.96,177.51
-579484.72,-1266073.15,177.51
-579485.12,-1266072.31,177.53
-579484.69,-1266072.50,177.52
-579484.75,-1266072.14,177.53
-579484.85,-1266074.64,177.46
-579485.33,-1266073.91,177.49
-579484.89,-1266074.10,177.48
-579485.38,-1266073.54,177.50
-579484.95,-1266073.73,177.49
-579485.44,-1266075.62,177.42
-579485.05,-1266075.79,177.41
-579485.50,-1266075.08,177.45
-579485.09,-1266075.26,177.44
-579485.63,-1266074.70,177.46
-579485.21,-1266074.88,177.45
-579485.70,-1266076.41,177.39
-579485.26,-1266076.61,177.39
-579484.87,-1266076.78,177.38
-579485.75,-1266075.88,177.40
-579485.32,-1266076.06,177.40
-579484.91,-1266076.23,177.40
-579485.51,-1266077.37,177.36
-579486.01,-1266076.61,177.39
-579485.56,-1266076.80,177.38
-579485.12,-1266076.99,177.38
-579486.18,-1266077.88,177.35
-579485.76,-1266078.06,177.34
-579485.33,-1266078.24,177.33
-579485.82,-1266077.60,177.36
-579485.39,-1266077.79,177.35
-579484.97,-1266077.97,177.34
-579486.04,-1266078.27,177.34
-579485.64,-1266078.44,177.33
-579484.57,-1266073.37,177.50
-579484.13,-1266073.56,177.49
-579483.74,-1266073.73,177.48
-579483.32,-1266073.91,177.48
-579484.29,-1266073.33,177.51
-579483.87,-1266073.51,177.49
-579483.45,-1266073.69,177.48
-579484.25,-1266072.69,177.51
-579483.86,-1266072.86,177.51
-579483.44,-1266073.04,177.51
-579484.30,-1266072.33,177.52
-579483.90,-1266072.50,177.51
-579483.50,-1266072.67,177.51
-579484.41,-1266074.85,177.45
-579483.58,-1266075.21,177.43
-579484.00,-1266074.49,177.46
-579483.60,-1266074.66,177.45
-579484.07,-1266074.10,177.47
-579483.67,-1266074.28,177.47
-579484.60,-1266075.98,177.40
-579484.16,-1266076.17,177.40
-579483.74,-1266076.36,177.39
-579484.65,-1266075.45,177.43
-579484.22,-1266075.64,177.41
-579483.78,-1266075.84,177.40
-579484.76,-1266075.07,177.44
-579484.34,-1266075.25,177.43
-579483.91,-1266075.44,177.42
-579483.50,-1266075.62,177.41
-579484.44,-1266076.97,177.38
-579483.99,-1266077.17,177.37
-579483.56,-1266077.35,177.36
-579484.48,-1266076.42,177.39
-579484.05,-1266076.62,177.38
-579483.62,-1266076.80,177.38
-579484.67,-1266077.74,177.35
-579484.71,-1266077.17,177.37
-579484.28,-1266077.36,177.36
-579483.85,-1266077.56,177.35
-579482.77,-1266072.51,177.51
-579482.33,-1266072.71,177.51
-579481.93,-1266072.88,177.51
-579481.49,-1266073.07,177.51
-579481.09,-1266073.25,177.50
-579480.69,-1266073.42,177.50
-579480.26,-1266073.61,177.50
-579479.82,-1266073.80,177.50
-579479.42,-1266073.97,177.50
-579478.97,-1266074.16,177.49
-579478.53,-1266074.35,177.48
-579478.11,-1266074.54,177.46
-579477.69,-1266074.72,177.45
-579481.16,-1266072.85,177.51
-579480.76,-1266073.02,177.51
-579480.32,-1266073.21,177.51
-579479.88,-1266073.40,177.51
-579479.48,-1266073.58,177.50
-579479.03,-1266073.77,177.50
-579478.61,-1266073.96,177.49
-579478.18,-1266074.14,177.49
-579477.75,-1266074.33,177.48
-579479.56,-1266073.10,177.52
-579479.14,-1266073.28,177.51
-579478.70,-1266073.48,177.50
-579478.25,-1266073.67,177.49
-579477.86,-1266073.84,177.49
-579478.28,-1266073.17,177.50
-579477.48,-1266073.52,177.50
-579482.92,-1266074.09,177.47
-579482.52,-1266074.26,177.46
-579482.09,-1266074.45,177.46
-579481.69,-1266074.62,177.46
-579481.25,-1266074.81,177.45
-579480.86,-1266074.98,177.45
-579480.44,-1266075.16,177.45
-579480.01,-1266075.35,177.44
-579479.59,-1266075.54,177.44
-579479.17,-1266075.72,177.43
-579483.08,-1266073.86,177.48
-579482.67,-1266074.04,177.47
-579482.24,-1266074.23,177.47
-579481.85,-1266074.40,177.46
-579481.40,-1266074.59,177.46
-579480.60,-1266074.94,177.45
-579480.17,-1266075.13,177.45
-579479.71,-1266075.32,177.44
-579479.33,-1266075.50,177.44
-579483.04,-1266073.22,177.50
-579482.64,-1266073.39,177.50
-579482.20,-1266073.58,177.49
-579481.81,-1266073.75,177.49
-579481.37,-1266073.94,177.49
-579480.97,-1266074.12,177.49
-579480.56,-1266074.30,177.48
-579480.14,-1266074.48,177.48
-579479.69,-1266074.67,177.47
-579479.29,-1266074.85,177.46
-579478.86,-1266075.04,177.45
-579483.10,-1266072.85,177.51
-579482.69,-1266073.03,177.51
-579482.26,-1266073.21,177.50
-579481.86,-1266073.39,177.50
-579481.42,-1266073.58,177.50
-579481.02,-1266073.75,177.50
-579480.62,-1266073.93,177.50
-579480.19,-1266074.11,177.49
-579479.75,-1266074.30,177.48
-579479.35,-1266074.48,177.48
-579478.91,-1266074.67,177.47
-579483.16,-1266075.38,177.42
-579482.76,-1266075.56,177.42
-579482.37,-1266075.73,177.41
-579481.93,-1266075.92,177.42
-579481.53,-1266076.10,177.41
-579481.11,-1266076.28,177.41
-579483.21,-1266074.83,177.44
-579482.81,-1266075.01,177.43
-579482.41,-1266075.18,177.43
-579481.97,-1266075.37,177.43
-579481.14,-1266075.74,177.43
-579480.74,-1266075.91,177.43
-579483.27,-1266074.46,177.45
-579482.87,-1266074.63,177.45
-579482.46,-1266074.81,177.44
-579482.03,-1266075.00,177.44
-579481.63,-1266075.17,177.44
-579480.39,-1266075.71,177.43
-579479.97,-1266075.89,177.43
-579483.33,-1266076.53,177.38
-579482.92,-1266076.71,177.38
-579482.54,-1266076.88,177.38
-579483.38,-1266076.01,177.40
-579482.98,-1266076.18,177.40
-579482.57,-1266076.36,177.40
-579482.18,-1266076.53,177.40
-579481.77,-1266076.71,177.39
-579483.10,-1266075.80,177.41
-579482.71,-1266075.97,177.41
-579482.30,-1266076.14,177.40
-579481.87,-1266076.33,177.40
-579481.47,-1266076.51,177.40
-579481.03,-1266076.70,177.40
-579483.16,-1266077.53,177.35
-579483.22,-1266076.98,177.37
-579482.81,-1266077.16,177.37
-579483.41,-1266077.74,177.34
-579483.49,-1266077.99,177.33
-579483.68,-1266077.73,177.34
-579483.86,-1266077.46,177.35
-579484.64,-1266077.47,177.35
-579483.45,-1266077.43,177.36
-579483.69,-1266078.32,177.32
-579483.87,-1266078.04,177.33
-579484.08,-1266077.76,177.34
-579484.27,-1266077.49,177.36
-579483.68,-1266078.85,177.32
-579483.87,-1266078.58,177.32
-579484.07,-1266078.30,177.32
-579484.26,-1266078.03,177.33
-579484.47,-1266077.74,177.34
-579483.64,-1266079.40,177.31
-579483.84,-1266079.12,177.31
-579484.04,-1266078.83,177.32
-579484.22,-1266078.57,177.32
-579484.42,-1266078.27,177.33
-579484.61,-1266078.00,177.34
-579484.80,-1266077.74,177.35
-579485.00,-1266077.44,177.36
-579484.47,-1266078.87,177.32
-579484.66,-1266078.60,177.32
-579485.05,-1266078.04,177.34
-579485.26,-1266077.75,177.35
-579485.44,-1266077.49,177.36
-579484.70,-1266079.21,177.31
-579484.89,-1266078.95,177.32
-579485.09,-1266078.65,177.32
-579485.30,-1266078.36,177.33
-579485.49,-1266078.09,177.34
-579485.68,-1266077.80,177.35
-579485.89,-1266077.51,177.36
-579485.66,-1266078.35,177.34
-579485.85,-1266078.06,177.35
-579486.06,-1266077.77,177.35
-579485.06,-1266079.19,177.32
-579485.27,-1266078.91,177.32
-579485.44,-1266078.64,177.32
-579485.63,-1266078.91,177.32
-579485.83,-1266078.61,177.33
-579486.03,-1266078.32,177.34
-579486.04,-1266078.88,177.33
-579484.23,-1266073.53,177.49
-579484.61,-1266072.98,177.51
-579485.00,-1266072.41,177.52
-579483.42,-1266075.16,177.43
-579483.38,-1266072.96,177.51
-579483.57,-1266072.69,177.51
-579483.36,-1266073.46,177.49
-579483.55,-1266073.20,177.51
-579483.74,-1266072.93,177.51
-579483.94,-1266072.64,177.51
-579483.44,-1266074.08,177.47
-579483.63,-1266073.81,177.48
-579483.82,-1266073.55,177.49
-579484.01,-1266073.26,177.50
-579484.21,-1266072.99,177.51
-579484.40,-1266072.70,177.51
-579484.59,-1266072.43,177.52
-579483.45,-1266074.64,177.45
-579483.65,-1266074.35,177.46
-579483.83,-1266074.09,177.47
-579484.03,-1266073.80,177.49
-579484.06,-1266077.17,177.37
-579484.26,-1266076.90,177.38
-579484.45,-1266076.61,177.38
-579484.64,-1266076.34,177.39
-579484.82,-1266076.07,177.40
-579485.03,-1266075.78,177.41
-579485.23,-1266075.50,177.43
-579485.42,-1266075.22,177.44
-579483.60,-1266074.89,177.44
-579483.79,-1266074.62,177.45
-579484.00,-1266074.33,177.46
-579484.18,-1266074.06,177.48
-579484.39,-1266073.77,177.49
-579484.57,-1266073.50,177.50
-579484.76,-1266073.24,177.51
-579484.97,-1266072.94,177.51
-579485.16,-1266072.65,177.52
-579484.95,-1266073.49,177.50
-579485.16,-1266073.20,177.51
-579483.42,-1266075.71,177.41
-579483.60,-1266075.44,177.41
-579483.79,-1266075.18,177.43
-579483.99,-1266074.88,177.44
-579484.18,-1266074.61,177.46
-579484.57,-1266074.05,177.48
-579484.76,-1266073.77,177.49
-579483.46,-1266076.34,177.39
-579483.65,-1266076.07,177.40
-579483.84,-1266075.80,177.41
-579484.22,-1266075.24,177.43
-579484.44,-1266074.95,177.44
-579484.61,-1266074.69,177.46
-579484.80,-1266074.41,177.47
-579485.01,-1266074.12,177.48
-579485.20,-1266073.84,177.49
-579485.40,-1266073.56,177.50
-579484.84,-1266077.20,177.37
-579485.04,-1266076.91,177.38
-579485.24,-1266076.63,177.39
-579485.43,-1266076.35,177.39
-579485.63,-1266076.06,177.40
-579483.47,-1266076.88,177.38
-579483.66,-1266076.60,177.38
-579483.85,-1266076.34,177.39
-579484.05,-1266076.05,177.40
-579484.24,-1266075.78,177.41
-579484.43,-1266075.49,177.43
-579484.63,-1266075.22,177.43
-579484.82,-1266074.94,177.45
-579485.01,-1266074.66,177.46
-579485.22,-1266074.37,177.47
-579485.40,-1266074.09,177.49
-579484.61,-1266075.78,177.41
-579484.81,-1266075.50,177.43
-579485.00,-1266075.21,177.44
-579485.21,-1266074.92,177.45
-579485.39,-1266074.65,177.45
-579483.65,-1266077.16,177.37
-579483.83,-1266076.89,177.37
-579484.03,-1266076.60,177.39
-579484.23,-1266076.33,177.40
-579484.43,-1266076.04,177.40
-579484.47,-1266077.19,177.37
-579484.66,-1266076.93,177.38
-579484.84,-1266076.66,177.38
-579485.05,-1266076.37,177.39
-579485.24,-1266076.08,177.40
-579485.43,-1266075.81,177.42
-579485.21,-1266077.16,177.37
-579485.39,-1266076.89,177.38
-579485.59,-1266076.60,177.39
-579485.80,-1266076.30,177.39
-579485.64,-1266077.19,177.37
-579485.85,-1266076.90,177.38
-579486.04,-1266076.62,177.39
-579480.09,-1266077.67,177.37
-579480.31,-1266079.61,177.33
-579480.50,-1266079.34,177.33
-579480.69,-1266079.07,177.33
-579480.87,-1266078.80,177.34
-579481.08,-1266078.51,177.34
-579481.47,-1266077.95,177.35
-579481.66,-1266077.69,177.36
-579481.52,-1266079.67,177.32
-579481.71,-1266079.39,177.32
-579481.90,-1266079.12,177.32
-579482.10,-1266078.84,177.32
-579482.30,-1266078.54,177.33
-579482.49,-1266078.27,177.33
-579482.69,-1266077.99,177.34
-579482.90,-1266077.70,177.35
-579483.10,-1266077.41,177.36
-579480.44,-1266077.64,177.37
-579480.52,-1266078.26,177.36
-579480.71,-1266077.99,177.36
-579480.89,-1266077.73,177.37
-579480.35,-1266079.07,177.34
-579480.54,-1266078.80,177.34
-579480.72,-1266078.54,177.35
-579480.91,-1266078.27,177.35
-579481.12,-1266077.97,177.36
-579481.30,-1266077.71,177.36
-579482.50,-1266079.40,177.32
-579482.71,-1266079.11,177.32
-579482.91,-1266078.82,177.32
-579483.11,-1266078.53,177.32
-579483.30,-1266078.26,177.33
-579480.50,-1266079.88,177.33
-579480.69,-1266079.61,177.33
-579480.87,-1266079.35,177.33
-579481.08,-1266079.05,177.33
-579481.26,-1266078.78,177.34
-579481.46,-1266078.50,177.34
-579481.65,-1266078.23,177.35
-579481.84,-1266077.96,177.35
-579482.04,-1266077.68,177.36
-579480.92,-1266079.98,177.32
-579481.12,-1266079.69,177.33
-579481.31,-1266079.42,177.33
-579481.51,-1266079.13,177.33
-579481.70,-1266078.86,177.33
-579481.89,-1266078.59,177.33
-579482.48,-1266077.74,177.35
-579482.68,-1266077.45,177.36
-579481.89,-1266079.68,177.32
-579482.09,-1266079.39,177.32
-579482.29,-1266079.11,177.32
-579482.68,-1266078.54,177.32
-579482.88,-1266078.26,177.33
-579483.08,-1266077.96,177.34
-579483.27,-1266077.69,177.35
-579482.32,-1266079.67,177.32
-579482.92,-1266079.41,177.31
-579483.12,-1266079.12,177.31
-579483.31,-1266078.85,177.32
-579483.50,-1266078.58,177.32
-579483.31,-1266079.39,177.31
-579483.49,-1266079.12,177.31
-579480.13,-1266079.87,177.33
-579479.14,-1266080.23,177.32
-579479.35,-1266079.94,177.33
-579479.76,-1266079.92,177.33
-579479.96,-1266079.63,177.33
-579480.16,-1266079.35,177.33
-579479.54,-1266079.67,177.33
-579479.73,-1266079.38,177.33
-579479.94,-1266079.09,177.33
-579480.15,-1266078.79,177.35
-579478.49,-1266080.44,177.32
-579478.68,-1266080.17,177.32
-579478.86,-1266079.91,177.33
-579479.06,-1266079.61,177.33
-579479.27,-1266079.32,177.33
-579479.45,-1266079.06,177.34
-579479.66,-1266078.76,177.35
-579479.87,-1266078.47,177.35
-579480.06,-1266078.19,177.36
-579478.30,-1266080.22,177.32
-579478.50,-1266079.93,177.32
-579478.69,-1266079.66,177.33
-579478.88,-1266079.40,177.33
-579479.08,-1266079.11,177.34
-579479.29,-1266078.81,177.34
-579479.48,-1266078.54,177.35
-579479.68,-1266078.26,177.35
-579479.88,-1266077.96,177.37
-579478.30,-1266079.67,177.33
-579478.69,-1266079.11,177.34
-579478.88,-1266078.84,177.34
-579479.08,-1266078.54,177.35
-579479.29,-1266078.25,177.36
-579479.47,-1266077.99,177.36
-579479.67,-1266077.70,177.38
-579478.91,-1266078.36,177.35
-579479.12,-1266078.06,177.36
-579479.32,-1266077.77,177.37
-579478.33,-1266079.19,177.34
-579478.54,-1266078.90,177.34
-579478.73,-1266078.62,177.35
-579478.20,-1266078.55,177.35
-579478.41,-1266078.26,177.36
-579478.59,-1266078.00,177.36
-579478.78,-1266077.73,177.37
-579478.24,-1266078.09,177.36
-579478.45,-1266077.80,177.37
-579478.12,-1266080.49,177.32
-579477.72,-1266080.50,177.32
-579477.91,-1266080.23,177.32
-579478.11,-1266079.94,177.32
-579477.75,-1266080.02,177.32
-579477.94,-1266079.74,177.33
-579478.15,-1266079.45,177.33
-579477.57,-1266080.28,177.32
-579477.06,-1266080.19,177.33
-579477.25,-1266079.92,177.33
-579477.44,-1266079.65,177.33
-579477.63,-1266079.38,177.34
-579477.82,-1266079.11,177.34
-579478.02,-1266078.82,177.35
-579476.69,-1266080.30,177.33
-579476.89,-1266080.02,177.33
-579477.10,-1266079.72,177.33
-579477.29,-1266079.45,177.34
-579477.48,-1266079.18,177.34
-579477.66,-1266078.92,177.34
-579477.85,-1266078.65,177.35
-579478.06,-1266078.36,177.35
-579476.07,-1266080.62,177.33
-579476.28,-1266080.33,177.33
-579476.47,-1266080.06,177.33
-579476.67,-1266079.77,177.33
-579476.87,-1266079.48,177.34
-579477.08,-1266079.19,177.35
-579477.27,-1266078.92,177.35
-579477.45,-1266078.65,177.35
-579477.64,-1266078.38,177.36
-579477.83,-1266078.11,177.36
-579478.03,-1266077.83,177.37
-579475.50,-1266080.96,177.33
-579475.68,-1266080.70,177.33
-579475.87,-1266080.42,177.33
-579476.08,-1266080.13,177.33
-579476.27,-1266079.85,177.33
-579476.47,-1266079.57,177.34
-579476.67,-1266079.28,177.34
-579476.87,-1266078.99,177.35
-579477.08,-1266078.70,177.36
-579477.27,-1266078.43,177.36
-579477.45,-1266078.16,177.37
-579477.64,-1266077.89,177.37
-579476.59,-1266078.69,177.36
-579476.80,-1266078.40,177.37
-579477.00,-1266078.10,177.37
-579477.19,-1266077.84,177.37
-579475.03,-1266080.93,177.34
-579475.22,-1266080.65,177.34
-579475.42,-1266080.37,177.34
-579475.61,-1266080.10,177.34
-579475.80,-1266079.83,177.34
-579476.00,-1266079.54,177.34
-579476.20,-1266079.25,177.35
-579476.39,-1266078.97,177.36
-579474.82,-1266080.72,177.34
-579475.03,-1266080.43,177.34
-579475.22,-1266080.15,177.34
-579475.42,-1266079.87,177.34
-579475.61,-1266079.60,177.35
-579475.80,-1266079.33,177.35
-579476.01,-1266079.03,177.36
-579476.21,-1266078.75,177.37
-579476.39,-1266078.48,177.37
-579476.60,-1266078.18,177.37
-579476.80,-1266077.90,177.37
-579476.44,-1266077.97,177.37
-579474.50,-1266080.74,177.34
-579474.87,-1266080.20,177.34
-579475.08,-1266079.91,177.35
-579475.27,-1266079.65,177.35
-579475.47,-1266079.35,177.35
-579475.66,-1266079.08,177.36
-579475.85,-1266078.82,177.37
-579476.05,-1266078.52,177.37
-579476.25,-1266078.24,177.37
-579474.06,-1266080.72,177.33
-579474.25,-1266080.46,177.34
-579474.44,-1266080.19,177.34
-579474.63,-1266079.91,177.35
-579474.81,-1266079.65,177.35
-579475.02,-1266079.36,177.36
-579475.21,-1266079.08,177.36
-579475.41,-1266078.80,177.37
-579475.60,-1266078.53,177.37
-579475.79,-1266078.26,177.37
-579473.81,-1266079.94,177.34
-579474.02,-1266079.65,177.35
-579474.20,-1266079.38,177.36
-579474.39,-1266079.12,177.37
-579474.58,-1266078.84,177.38
-579474.77,-1266078.58,177.38
-579475.16,-1266078.01,177.39
-579473.40,-1266081.02,177.32
-579473.60,-1266080.72,177.33
-579473.81,-1266080.43,177.33
-579474.01,-1266080.15,177.34
-579474.20,-1266079.87,177.35
-579474.39,-1266079.60,177.36
-579474.57,-1266079.34,177.37
-579474.76,-1266079.07,177.37
-579474.97,-1266078.77,177.37
-579475.15,-1266078.51,177.38
-579475.36,-1266078.22,177.38
-579475.55,-1266077.94,177.39
-579472.81,-1266081.38,177.32
-579473.22,-1266080.80,177.32
-579473.40,-1266080.53,177.32
-579473.61,-1266080.24,177.33
-579472.46,-1266081.42,177.32
-579472.65,-1266081.15,177.32
-579472.83,-1266080.89,177.32
-579473.04,-1266080.59,177.32
-579473.24,-1266080.30,177.33
-579473.43,-1266080.03,177.33
-579473.63,-1266079.74,177.35
-579473.84,-1266079.45,177.36
-579474.04,-1266079.16,177.37
-579474.23,-1266078.89,177.37
-579474.42,-1266078.61,177.38
-579474.61,-1266078.35,177.39
-579474.79,-1266078.08,177.39
-579475.00,-1266077.79,177.40
-579472.03,-1266081.48,177.32
-579472.21,-1266081.21,177.32
-579472.41,-1266080.92,177.32
-579472.61,-1266080.64,177.32
-579472.79,-1266080.38,177.32
-579473.00,-1266080.09,177.33
-579473.20,-1266079.80,177.34
-579473.39,-1266079.53,177.35
-579473.59,-1266079.24,177.36
-579473.80,-1266078.94,177.37
-579474.19,-1266078.38,177.39
-579474.38,-1266078.11,177.40
-579474.57,-1266077.84,177.41
-579471.73,-1266081.20,177.32
-579471.93,-1266080.91,177.32
-579472.12,-1266080.64,177.32
-579472.33,-1266080.35,177.33
-579472.51,-1266080.09,177.33
-579472.70,-1266079.81,177.34
-579472.91,-1266079.51,177.35
-579473.11,-1266079.23,177.35
-579473.30,-1266078.96,177.37
-579473.51,-1266078.66,177.38
-579473.71,-1266078.37,177.39
-579473.91,-1266078.08,177.40
-579471.12,-1266081.50,177.32
-579471.31,-1266081.23,177.32
-579471.50,-1266080.97,177.32
-579471.69,-1266080.70,177.32
-579471.89,-1266080.40,177.33
-579472.08,-1266080.14,177.33
-579472.28,-1266079.85,177.34
-579472.47,-1266079.57,177.34
-579472.66,-1266079.30,177.35
-579472.86,-1266079.02,177.36
-579473.07,-1266078.72,177.37
-579473.26,-1266078.44,177.38
-579473.46,-1266078.16,177.40
-579473.67,-1266077.86,177.41
-579470.73,-1266081.09,177.32
-579470.94,-1266080.79,177.33
-579471.12,-1266080.53,177.33
-579471.32,-1266080.26,177.33
-579471.51,-1266079.98,177.34
-579471.69,-1266079.72,177.34
-579471.90,-1266079.42,177.35
-579472.09,-1266079.15,177.35
-579472.29,-1266078.87,177.36
-579472.48,-1266078.59,177.37
-579472.67,-1266078.32,177.38
-579472.87,-1266078.03,177.38
-579470.82,-1266081.62,177.32
-579471.02,-1266081.34,177.32
-579471.21,-1266081.07,177.32
-579471.40,-1266080.80,177.32
-579471.58,-1266080.54,177.32
-579471.78,-1266080.26,177.33
-579471.98,-1266079.97,177.33
-579472.17,-1266079.71,177.34
-579472.37,-1266079.41,177.35
-579472.56,-1266079.14,177.35
-579472.75,-1266078.88,177.36
-579472.96,-1266078.58,177.37
-579473.16,-1266078.28,177.38
-579473.34,-1266078.02,177.40
-579470.53,-1266081.38,177.32
-579470.12,-1266081.41,177.33
-579470.30,-1266081.14,177.33
-579470.51,-1266080.84,177.33
-579470.72,-1266080.55,177.33
-579470.91,-1266080.27,177.33
-579471.11,-1266079.99,177.34
-579471.30,-1266079.72,177.34
-579471.48,-1266079.46,177.34
-579471.67,-1266079.19,177.35
-579471.88,-1266078.89,177.36
-579472.06,-1266078.63,177.36
-579472.46,-1266078.06,177.38
-579469.88,-1266081.18,177.33
-579470.09,-1266080.88,177.33
-579470.27,-1266080.62,177.34
-579470.48,-1266080.32,177.34
-579470.69,-1266080.03,177.34
-579470.89,-1266079.74,177.34
-579471.08,-1266079.47,177.35
-579471.27,-1266079.20,177.35
-579471.45,-1266078.94,177.36
-579471.64,-1266078.66,177.37
-579471.85,-1266078.37,177.38
-579472.03,-1266078.10,177.38
-579469.34,-1266081.50,177.34
-579469.53,-1266081.23,177.34
-579469.72,-1266080.96,177.34
-579469.92,-1266080.67,177.34
-579470.12,-1266080.38,177.34
-579470.31,-1266080.11,177.34
-579470.51,-1266079.82,177.34
-579470.72,-1266079.53,177.35
-579470.92,-1266079.24,177.35
-579471.11,-1266078.97,177.36
-579471.30,-1266078.70,177.37
-579471.49,-1266078.43,177.37
-579471.68,-1266078.16,177.38
-579468.89,-1266081.53,177.34
-579469.08,-1266081.26,177.34
-579469.28,-1266080.97,177.35
-579469.48,-1266080.70,177.35
-579469.87,-1266080.14,177.36
-579470.07,-1266079.85,177.36
-579470.26,-1266079.58,177.36
-579470.46,-1266079.29,177.36
-579470.67,-1266079.00,177.36
-579470.87,-1266078.71,177.37
-579471.25,-1266078.18,177.38
-579468.12,-1266082.05,177.33
-579468.31,-1266081.78,177.34
-579468.50,-1266081.50,177.34
-579468.69,-1266081.23,177.34
-579468.89,-1266080.94,177.35
-579469.08,-1266080.67,177.36
-579469.28,-1266080.39,177.36
-579469.47,-1266080.11,177.36
-579469.66,-1266079.84,177.36
-579469.86,-1266079.56,177.36
-579470.07,-1266079.26,177.37
-579470.26,-1266078.99,177.37
-579470.46,-1266078.70,177.37
-579470.67,-1266078.41,177.38
-579470.87,-1266078.12,177.38
-579468.53,-1266081.01,177.35
-579468.72,-1266080.75,177.36
-579468.92,-1266080.45,177.36
-579469.11,-1266080.18,177.36
-579469.32,-1266079.89,177.37
-579469.51,-1266079.62,177.37
-579469.70,-1266079.35,177.37
-579469.90,-1266079.06,177.37
-579470.10,-1266078.77,177.37
-579470.29,-1266078.50,177.38
-579470.50,-1266078.21,177.38
-579467.76,-1266082.11,177.33
-579467.96,-1266081.83,177.34
-579468.15,-1266081.56,177.34
-579468.34,-1266081.29,177.34
-579467.93,-1266080.73,177.35
-579468.12,-1266080.46,177.36
-579468.32,-1266080.18,177.37
-579468.50,-1266079.92,177.37
-579468.69,-1266079.65,177.38
-579468.90,-1266079.36,177.38
-579469.08,-1266079.09,177.38
-579469.29,-1266078.79,177.39
-579469.48,-1266078.52,177.39
-579469.66,-1266078.26,177.39
-579467.75,-1266081.58,177.34
-579467.96,-1266081.28,177.34
-579468.15,-1266081.01,177.35
-579468.33,-1266080.74,177.35
-579468.53,-1266080.46,177.36
-579468.71,-1266080.20,177.37
-579468.91,-1266079.91,177.37
-579469.11,-1266079.63,177.37
-579469.31,-1266079.34,177.38
-579469.69,-1266078.80,177.38
-579469.89,-1266078.51,177.38
-579470.09,-1266078.23,177.39
-579467.75,-1266080.45,177.36
-579467.96,-1266080.15,177.37
-579468.15,-1266079.87,177.37
-579468.33,-1266079.61,177.38
-579468.52,-1266079.34,177.38
-579468.71,-1266079.06,177.39
-579468.91,-1266078.78,177.39
-579469.10,-1266078.51,177.39
-579469.31,-1266078.22,177.39
-579467.82,-1266079.93,177.37
-579468.03,-1266079.64,177.38
-579468.21,-1266079.38,177.38
-579468.41,-1266079.10,177.39
-579468.59,-1266078.83,177.39
-579468.78,-1266078.57,177.39
-579468.99,-1266078.27,177.40
-579467.86,-1266079.36,177.38
-579468.06,-1266079.08,177.39
-579468.25,-1266078.80,177.39
-579468.44,-1266078.53,177.39
-579468.63,-1266078.27,177.40
-579467.85,-1266078.81,177.39
-579468.05,-1266078.51,177.39
-579468.24,-1266078.25,177.40
-579467.83,-1266078.24,177.40
-579480.27,-1266076.85,177.40
-579480.46,-1266076.58,177.41
-579480.64,-1266076.31,177.41
-579480.83,-1266076.05,177.42
-579481.04,-1266075.75,177.43
-579481.22,-1266075.48,177.43
-579481.42,-1266075.20,177.44
-579481.61,-1266074.92,177.45
-579481.80,-1266074.66,177.46
-579482.00,-1266074.37,177.47
-579482.21,-1266074.07,177.48
-579482.39,-1266073.81,177.48
-579482.59,-1266073.52,177.50
-579482.80,-1266073.23,177.51
-579483.00,-1266072.94,177.51
-579483.19,-1266072.67,177.51
-579480.27,-1266077.40,177.38
-579480.46,-1266077.13,177.39
-579480.65,-1266076.86,177.40
-579480.84,-1266076.60,177.40
-579481.04,-1266076.30,177.41
-579481.23,-1266076.04,177.42
-579481.85,-1266077.41,177.37
-579482.05,-1266077.12,177.38
-579482.25,-1266076.83,177.39
-579482.44,-1266076.56,177.39
-579482.64,-1266076.28,177.40
-579482.84,-1266075.98,177.41
-579483.04,-1266075.70,177.41
-579483.23,-1266075.43,177.42
-579479.77,-1266073.20,177.51
-579479.73,-1266073.71,177.50
-579479.93,-1266073.43,177.51
-579480.12,-1266073.15,177.51
-579479.72,-1266074.21,177.49
-579479.92,-1266073.93,177.50
-579480.11,-1266073.65,177.50
-579480.30,-1266073.38,177.50
-579480.49,-1266073.11,177.51
-579479.80,-1266074.80,177.46
-579480.00,-1266074.51,177.48
-579480.19,-1266074.25,177.49
-579480.38,-1266073.97,177.50
-579480.56,-1266073.71,177.50
-579480.75,-1266073.44,177.50
-579480.96,-1266073.15,177.51
-579479.80,-1266075.30,177.45
-579480.00,-1266075.01,177.46
-579480.19,-1266074.73,177.47
-579480.38,-1266074.47,177.48
-579480.56,-1266074.21,177.49
-579480.75,-1266073.93,177.50
-579480.96,-1266073.64,177.50
-579481.14,-1266073.38,177.50
-579481.35,-1266073.08,177.51
-579481.53,-1266072.82,177.51
-579480.02,-1266075.54,177.44
-579480.21,-1266075.28,177.44
-579480.40,-1266075.00,177.45
-579480.59,-1266074.73,177.46
-579480.77,-1266074.47,177.47
-579481.17,-1266073.91,177.49
-579481.36,-1266073.62,177.50
-579481.56,-1266073.34,177.50
-579481.74,-1266073.08,177.51
-579479.99,-1266076.00,177.43
-579480.18,-1266075.73,177.43
-579480.37,-1266075.46,177.44
-579480.55,-1266075.20,177.45
-579480.74,-1266074.93,177.45
-579480.94,-1266074.64,177.47
-579481.13,-1266074.37,177.48
-579481.33,-1266074.08,177.48
-579481.52,-1266073.81,177.49
-579481.71,-1266073.54,177.50
-579481.91,-1266073.25,177.50
-579482.11,-1266072.96,177.51
-579482.30,-1266072.69,177.52
-579480.12,-1266076.63,177.41
-579480.30,-1266076.36,177.41
-579480.50,-1266076.09,177.42
-579480.68,-1266075.83,177.43
-579480.87,-1266075.56,177.43
-579481.07,-1266075.27,177.44
-579481.26,-1266075.00,177.45
-579481.46,-1266074.71,177.46
-579481.65,-1266074.44,177.46
-579481.84,-1266074.17,177.47
-579482.04,-1266073.88,177.48
-579482.43,-1266073.32,177.50
-579482.63,-1266073.04,177.51
-579482.83,-1266072.74,177.51
-579480.08,-1266077.12,177.39
-579483.28,-1266077.14,177.37
-579481.43,-1266075.75,177.43
-579481.62,-1266075.48,177.43
-579481.80,-1266075.21,177.44
-579482.21,-1266074.64,177.45
-579482.40,-1266074.36,177.46
-579482.60,-1266074.07,177.47
-579482.80,-1266073.79,177.48
-579483.01,-1266073.49,177.49
-579483.19,-1266073.22,177.50
-579482.98,-1266074.00,177.48
-579483.17,-1266073.73,177.48
-579480.82,-1266077.11,177.39
-579481.02,-1266076.81,177.40
-579481.20,-1266076.55,177.40
-579481.41,-1266076.26,177.41
-579481.60,-1266075.99,177.42
-579481.78,-1266075.72,177.42
-579481.99,-1266075.43,177.43
-579482.19,-1266075.14,177.43
-579482.38,-1266074.88,177.44
-579482.58,-1266074.58,177.45
-579482.78,-1266074.29,177.46
-579481.10,-1266077.44,177.38
-579481.29,-1266077.16,177.38
-579481.49,-1266076.88,177.39
-579481.68,-1266076.61,177.39
-579481.87,-1266076.33,177.40
-579482.06,-1266076.05,177.41
-579482.27,-1266075.76,177.42
-579482.46,-1266075.48,177.42
-579482.66,-1266075.20,177.43
-579482.86,-1266074.91,177.44
-579483.07,-1266074.62,177.45
-579481.51,-1266077.42,177.37
-579481.70,-1266077.15,177.38
-579481.88,-1266076.88,177.39
-579482.08,-1266076.59,177.40
-579482.29,-1266076.30,177.40
-579482.48,-1266076.03,177.41
-579482.68,-1266075.74,177.41
-579482.88,-1266075.45,177.42
-579483.08,-1266075.16,177.43
-579483.27,-1266074.90,177.44
-579482.25,-1266077.38,177.37
-579482.43,-1266077.11,177.38
-579482.63,-1266076.82,177.38
-579482.84,-1266076.53,177.39
-579483.04,-1266076.24,177.40
-579483.22,-1266075.98,177.40
-579482.88,-1266077.16,177.37
-579483.09,-1266076.87,177.38
-579483.28,-1266076.60,177.38
-579479.88,-1266077.41,177.38
-579479.51,-1266077.51,177.38
-579479.71,-1266077.21,177.39
-579479.92,-1266076.92,177.40
-579479.82,-1266075.83,177.43
-579478.99,-1266077.43,177.38
-579479.19,-1266077.15,177.38
-579479.38,-1266076.87,177.40
-579479.59,-1266076.58,177.41
-579479.79,-1266076.29,177.42
-579478.64,-1266077.53,177.38
-579478.82,-1266077.26,177.38
-579479.02,-1266076.97,177.39
-579479.23,-1266076.67,177.40
-579479.41,-1266076.41,177.41
-579479.62,-1266076.12,177.42
-579479.39,-1266075.39,177.44
-579479.60,-1266075.10,177.45
-579478.22,-1266077.55,177.38
-579478.42,-1266077.26,177.38
-579478.61,-1266076.99,177.39
-579479.00,-1266076.43,177.41
-579479.20,-1266076.15,177.42
-579479.39,-1266075.88,177.43
-579479.60,-1266075.58,177.44
-579479.52,-1266074.50,177.48
-579478.22,-1266077.06,177.39
-579478.43,-1266076.77,177.40
-579478.61,-1266076.51,177.40
-579479.01,-1266075.94,177.43
-579479.21,-1266075.66,177.43
-579478.15,-1266076.47,177.40
-579478.35,-1266076.18,177.42
-579478.53,-1266075.91,177.42
-579478.73,-1266075.64,177.43
-579478.93,-1266075.35,177.44
-579479.13,-1266075.06,177.45
-579479.32,-1266074.80,177.47
-579479.17,-1266074.06,177.49
-579479.37,-1266073.78,177.50
-579479.57,-1266073.49,177.51
-579478.14,-1266075.98,177.42
-579478.35,-1266075.68,177.43
-579478.54,-1266075.41,177.43
-579478.72,-1266075.15,177.44
-579478.93,-1266074.85,177.46
-579479.13,-1266074.56,177.47
-579479.32,-1266074.30,177.48
-579479.53,-1266074.00,177.50
-579478.20,-1266075.46,177.43
-579478.40,-1266075.17,177.44
-579478.58,-1266074.91,177.45
-579478.77,-1266074.63,177.47
-579478.98,-1266074.34,177.48
-579478.14,-1266074.90,177.45
-579478.34,-1266074.60,177.47
-579478.53,-1266074.34,177.48
-579478.71,-1266074.07,177.49
-579478.92,-1266073.78,177.49
-579479.12,-1266073.49,177.50
-579479.30,-1266073.23,177.51
-579478.09,-1266074.32,177.47
-579478.48,-1266073.76,177.50
-579478.67,-1266073.49,177.50
-579478.09,-1266073.82,177.49
-579478.29,-1266073.54,177.50
-579477.83,-1266077.62,177.37
-579478.03,-1266077.34,177.38
-579477.38,-1266077.57,177.38
-579477.57,-1266077.30,177.38
-579477.75,-1266077.04,177.39
-579477.95,-1266076.74,177.40
-579477.00,-1266077.61,177.38
-579477.19,-1266077.34,177.38
-579477.38,-1266077.07,177.39
-579477.56,-1266076.81,177.39
-579477.76,-1266076.53,177.40
-579477.96,-1266076.24,177.41
-579476.84,-1266077.39,177.38
-579477.05,-1266077.09,177.39
-579477.24,-1266076.83,177.39
-579477.42,-1266076.56,177.40
-579477.62,-1266076.29,177.41
-579477.80,-1266076.03,177.42
-579478.00,-1266075.73,177.42
-579477.95,-1266075.17,177.43
-579476.14,-1266077.10,177.40
-579476.33,-1266076.83,177.40
-579476.53,-1266076.54,177.40
-579476.74,-1266076.25,177.41
-579477.13,-1266075.69,177.43
-579477.32,-1266075.42,177.43
-579477.51,-1266075.15,177.44
-579477.69,-1266074.88,177.44
-579477.90,-1266074.59,177.46
-579476.19,-1266077.68,177.38
-579476.38,-1266077.41,177.38
-579476.79,-1266076.83,177.40
-579477.00,-1266076.53,177.40
-579477.18,-1266076.27,177.41
-579477.37,-1266075.99,177.42
-579477.56,-1266075.72,177.42
-579477.74,-1266075.46,177.43
-579475.94,-1266077.39,177.39
-579475.37,-1266077.72,177.40
-579475.55,-1266077.45,177.40
-579475.74,-1266077.18,177.40
-579475.95,-1266076.90,177.40
-579476.15,-1266076.61,177.41
-579476.34,-1266076.34,177.41
-579476.54,-1266076.05,177.41
-579476.74,-1266075.76,177.42
-579477.14,-1266075.20,177.44
-579477.32,-1266074.94,177.44
-579477.51,-1266074.65,177.45
-579477.70,-1266074.39,177.47
-579477.90,-1266074.10,177.49
-579475.73,-1266077.68,177.39
-579475.19,-1266077.52,177.40
-579475.39,-1266077.24,177.40
-579475.58,-1266076.96,177.40
-579475.77,-1266076.69,177.41
-579475.97,-1266076.41,177.41
-579476.18,-1266076.11,177.41
-579476.36,-1266075.85,177.42
-579476.56,-1266075.56,177.43
-579476.77,-1266075.26,177.43
-579476.97,-1266074.97,177.44
-579477.16,-1266074.71,177.45
-579477.35,-1266074.43,177.47
-579477.72,-1266073.90,177.49
-579477.93,-1266073.60,177.49
-579474.75,-1266077.58,177.41
-579474.96,-1266077.28,177.41
-579475.15,-1266077.01,177.41
-579475.35,-1266076.73,177.41
-579475.54,-1266076.46,177.42
-579475.73,-1266076.19,177.42
-579476.13,-1266075.61,177.43
-579476.32,-1266075.34,177.44
-579476.52,-1266075.05,177.44
-579476.73,-1266074.76,177.46
-579476.93,-1266074.47,177.47
-579477.12,-1266074.20,177.49
-579474.10,-1266077.81,177.41
-579474.29,-1266077.54,177.41
-579474.48,-1266077.28,177.42
-579474.67,-1266077.00,177.42
-579474.87,-1266076.71,177.43
-579475.26,-1266076.16,177.43
-579475.64,-1266075.62,177.43
-579475.84,-1266075.33,177.44
-579476.05,-1266075.03,177.45
-579476.24,-1266074.76,177.46
-579476.43,-1266074.48,177.47
-579477.03,-1266073.63,177.50
-579475.10,-1266075.51,177.45
-579475.31,-1266075.22,177.46
-579475.50,-1266074.94,177.46
-579475.68,-1266074.68,177.48
-579475.89,-1266074.39,177.49
-579476.09,-1266074.09,177.49
-579476.28,-1266073.82,177.50
-579473.87,-1266077.57,177.41
-579474.05,-1266077.31,177.42
-579474.25,-1266077.03,177.43
-579474.43,-1266076.77,177.44
-579474.62,-1266076.50,177.44
-579474.82,-1266076.21,177.44
-579475.01,-1266075.94,177.44
-579475.21,-1266075.66,177.45
-579475.40,-1266075.38,177.45
-579475.59,-1266075.11,177.46
-579475.80,-1266074.82,177.47
-579476.00,-1266074.53,177.48
-579476.19,-1266074.25,177.49
-579476.39,-1266073.96,177.50
-579476.59,-1266073.68,177.50
-579473.55,-1266077.73,177.41
-579473.76,-1266077.43,177.42
-579473.96,-1266077.14,177.43
-579474.15,-1266076.87,177.44
-579474.34,-1266076.60,177.44
-579474.52,-1266076.33,177.44
-579474.71,-1266076.06,177.45
-579474.92,-1266075.77,177.45
-579473.08,-1266077.74,177.40
-579473.27,-1266077.46,177.41
-579473.47,-1266077.18,177.42
-579473.67,-1266076.89,177.44
-579473.88,-1266076.59,177.44
-579474.06,-1266076.33,177.44
-579474.25,-1266076.06,177.45
-579474.44,-1266075.78,177.45
-579474.83,-1266075.23,177.46
-579475.03,-1266074.95,177.47
-579475.22,-1266074.67,177.48
-579475.41,-1266074.40,177.48
-579475.61,-1266074.12,177.49
-579475.80,-1266073.84,177.49
-579472.65,-1266077.79,177.39
-579472.85,-1266077.50,177.41
-579473.06,-1266077.20,177.42
-579473.45,-1266076.65,177.44
-579473.65,-1266076.35,177.45
-579473.85,-1266076.06,177.45
-579474.05,-1266075.79,177.46
-579474.23,-1266075.52,177.47
-579474.42,-1266075.26,177.47
-579474.61,-1266074.99,177.48
-579474.81,-1266074.69,177.48
-579475.00,-1266074.43,177.49
-579475.20,-1266074.14,177.49
-579475.40,-1266073.86,177.50
-579472.24,-1266077.81,177.39
-579472.43,-1266077.54,177.40
-579472.62,-1266077.27,177.41
-579472.82,-1266076.98,177.42
-579473.03,-1266076.68,177.43
-579473.22,-1266076.41,177.44
-579473.42,-1266076.13,177.45
-579473.62,-1266075.83,177.46
-579474.01,-1266075.27,177.48
-579474.58,-1266074.46,177.49
-579474.78,-1266074.18,177.50
-579474.97,-1266073.90,177.50
-579473.25,-1266075.91,177.46
-579473.45,-1266075.62,177.47
-579473.66,-1266075.32,177.48
-579473.86,-1266075.04,177.49
-579474.05,-1266074.77,177.49
-579474.43,-1266074.23,177.49
-579474.61,-1266073.97,177.50
-579472.23,-1266076.77,177.42
-579473.01,-1266075.65,177.48
-579473.20,-1266075.38,177.49
-579473.40,-1266075.09,177.49
-579473.60,-1266074.80,177.49
-579473.81,-1266074.50,177.50
-579474.00,-1266074.23,177.50
-579471.88,-1266077.87,177.39
-579472.07,-1266077.60,177.40
-579472.27,-1266077.31,177.41
-579472.47,-1266077.04,177.41
-579472.85,-1266076.48,177.44
-579471.44,-1266077.90,177.38
-579471.63,-1266077.63,177.40
-579471.83,-1266077.34,177.40
-579472.02,-1266077.06,177.41
-579471.06,-1266077.85,177.39
-579471.25,-1266077.58,177.40
-579471.44,-1266077.31,177.40
-579471.62,-1266077.04,177.41
-579471.83,-1266076.75,177.42
-579472.02,-1266076.47,177.43
-579472.41,-1266075.90,177.46
-579472.80,-1266075.37,177.49
-579473.01,-1266075.06,177.49
-579473.20,-1266074.79,177.50
-579473.40,-1266074.50,177.50
-579473.60,-1266074.21,177.51
-579470.70,-1266077.92,177.39
-579470.90,-1266077.63,177.40
-579471.10,-1266077.35,177.40
-579471.28,-1266077.08,177.41
-579471.47,-1266076.81,177.42
-579471.66,-1266076.54,177.43
-579471.86,-1266076.25,177.44
-579472.26,-1266075.69,177.47
-579472.45,-1266075.42,177.48
-579472.63,-1266075.16,177.49
-579472.84,-1266074.85,177.49
-579473.04,-1266074.57,177.50
-579472.83,-1266074.31,177.50
-579469.87,-1266077.96,177.39
-579470.08,-1266077.67,177.40
-579470.26,-1266077.41,177.40
-579470.47,-1266077.11,177.41
-579470.67,-1266076.82,177.42
-579470.87,-1266076.53,177.43
-579471.06,-1266076.26,177.44
-579471.26,-1266075.99,177.45
-579471.44,-1266075.72,177.46
-579471.63,-1266075.45,177.47
-579471.84,-1266075.15,177.48
-579472.02,-1266074.89,177.49
-579472.22,-1266074.60,177.49
-579472.42,-1266074.32,177.50
-579470.29,-1266077.96,177.39
-579470.49,-1266077.66,177.40
-579470.69,-1266077.37,177.40
-579470.90,-1266077.08,177.41
-579471.09,-1266076.80,177.42
-579471.27,-1266076.54,177.43
-579471.46,-1266076.27,177.44
-579471.65,-1266076.00,177.45
-579471.85,-1266075.71,177.46
-579472.05,-1266075.43,177.47
-579472.25,-1266075.14,177.49
-579472.43,-1266074.88,177.49
-579472.63,-1266074.60,177.50
-579469.49,-1266077.95,177.39
-579469.68,-1266077.68,177.40
-579469.89,-1266077.38,177.41
-579470.09,-1266077.10,177.41
-579470.28,-1266076.83,177.43
-579470.49,-1266076.53,177.43
-579470.69,-1266076.24,177.44
-579470.89,-1266075.95,177.45
-579471.08,-1266075.68,177.46
-579471.27,-1266075.41,177.47
-579471.46,-1266075.14,177.47
-579471.65,-1266074.87,177.48
-579471.85,-1266074.58,177.49
-579472.04,-1266074.31,177.50
-579469.38,-1266077.72,177.40
-579469.57,-1266077.44,177.41
-579469.76,-1266077.17,177.41
-579469.96,-1266076.88,177.43
-579470.17,-1266076.59,177.43
-579470.36,-1266076.31,177.44
-579470.56,-1266076.03,177.44
-579470.76,-1266075.73,177.45
-579470.97,-1266075.44,177.47
-579471.15,-1266075.17,177.47
-579471.34,-1266074.91,177.48
-579471.53,-1266074.63,177.48
-579468.82,-1266078.00,177.40
-579469.02,-1266077.70,177.41
-579469.41,-1266077.14,177.42
-579469.61,-1266076.87,177.43
-579469.79,-1266076.60,177.43
-579470.00,-1266076.31,177.44
-579470.20,-1266076.02,177.45
-579470.39,-1266075.75,177.45
-579470.59,-1266075.46,177.46
-579470.80,-1266075.17,177.47
-579471.00,-1266074.88,177.47
-579471.19,-1266074.61,177.48
-579468.43,-1266077.98,177.40
-579468.62,-1266077.70,177.41
-579468.81,-1266077.44,177.42
-579469.01,-1266077.14,177.43
-579469.20,-1266076.87,177.43
-579469.41,-1266076.58,177.44
-579469.59,-1266076.32,177.45
-579469.78,-1266076.04,177.45
-579469.99,-1266075.75,177.46
-579470.19,-1266075.46,177.46
-579470.38,-1266075.18,177.47
-579470.58,-1266074.90,177.47
-579470.78,-1266074.61,177.47
-579468.04,-1266077.95,177.41
-579468.23,-1266077.68,177.41
-579468.42,-1266077.40,177.42
-579468.61,-1266077.13,177.43
-579468.79,-1266076.87,177.44
-579469.00,-1266076.58,177.44
-579469.19,-1266076.30,177.45
-579469.39,-1266076.01,177.45
-579469.58,-1266075.74,177.46
-579469.97,-1266075.18,177.47
-579470.17,-1266074.90,177.47
-579470.36,-1266074.62,177.48
-579467.84,-1266077.69,177.42
-579468.04,-1266077.40,177.42
-579468.23,-1266077.13,177.43
-579468.42,-1266076.86,177.44
-579468.61,-1266076.59,177.45
-579468.80,-1266076.32,177.45
-579469.01,-1266076.03,177.46
-579469.19,-1266075.76,177.46
-579469.40,-1266075.47,177.47
-579469.59,-1266075.19,177.47
-579469.77,-1266074.92,177.47
-579469.98,-1266074.63,177.48
-579467.93,-1266077.19,177.42
-579468.13,-1266076.91,177.44
-579468.32,-1266076.63,177.45
-579468.51,-1266076.36,177.45
-579468.70,-1266076.09,177.46
-579468.89,-1266075.82,177.46
-579469.09,-1266075.52,177.47
-579469.28,-1266075.27,177.48
-579469.49,-1266074.96,177.48
-579467.91,-1266076.63,177.44
-579468.12,-1266076.34,177.45
-579468.30,-1266076.07,177.47
-579468.68,-1266075.53,177.48
-579468.87,-1266075.26,177.48
-579469.07,-1266074.97,177.48
-579467.90,-1266076.04,177.47
-579468.11,-1266075.75,177.48
-579468.30,-1266075.47,177.48
-579468.48,-1266075.21,177.49
-579468.67,-1266074.94,177.49
-579467.79,-1266075.26,177.49
-579468.00,-1266074.96,177.49
-579467.74,-1266075.81,177.48
-579467.94,-1266075.52,177.48
-579468.14,-1266075.23,177.49
-579468.33,-1266074.96,177.49
-579467.13,-1266081.88,177.34
-579467.32,-1266081.61,177.34
-579467.53,-1266081.31,177.34
-579467.73,-1266081.02,177.34
-579467.55,-1266081.86,177.34
-579466.55,-1266082.15,177.34
-579466.74,-1266081.88,177.34
-579466.95,-1266081.58,177.34
-579467.15,-1266081.30,177.34
-579467.34,-1266081.03,177.35
-579467.55,-1266080.73,177.35
-579466.44,-1266081.91,177.34
-579466.63,-1266081.64,177.34
-579466.82,-1266081.37,177.34
-579467.02,-1266081.08,177.34
-579467.23,-1266080.79,177.35
-579467.41,-1266080.52,177.35
-579467.61,-1266080.23,177.36
-579465.68,-1266082.47,177.33
-579465.88,-1266082.20,177.34
-579466.08,-1266081.91,177.34
-579466.27,-1266081.64,177.34
-579466.48,-1266081.34,177.34
-579466.66,-1266081.07,177.34
-579466.85,-1266080.81,177.35
-579467.06,-1266080.51,177.35
-579467.26,-1266080.22,177.36
-579467.45,-1266079.95,177.36
-579467.65,-1266079.66,177.37
-579466.84,-1266080.24,177.35
-579467.04,-1266079.96,177.36
-579467.25,-1266079.66,177.37
-579467.44,-1266079.39,177.37
-579467.64,-1266079.10,177.38
-579465.48,-1266082.18,177.34
-579465.68,-1266081.90,177.34
-579465.86,-1266081.64,177.34
-579466.07,-1266081.35,177.35
-579466.26,-1266081.08,177.35
-579466.46,-1266080.79,177.35
-579466.64,-1266079.95,177.36
-579466.82,-1266079.68,177.36
-579467.03,-1266079.39,177.37
-579467.24,-1266079.09,177.38
-579467.42,-1266078.82,177.38
-579467.63,-1266078.54,177.39
-579464.69,-1266082.19,177.35
-579464.89,-1266081.90,177.35
-579465.10,-1266081.61,177.35
-579465.29,-1266081.34,177.35
-579465.48,-1266081.07,177.35
-579465.67,-1266080.80,177.35
-579465.86,-1266080.52,177.35
-579466.06,-1266080.23,177.36
-579466.25,-1266079.96,177.36
-579466.46,-1266079.67,177.36
-579466.64,-1266079.41,177.37
-579466.83,-1266079.13,177.37
-579467.04,-1266078.84,177.38
-579467.24,-1266078.55,177.39
-579467.43,-1266078.28,177.40
-579465.09,-1266082.16,177.35
-579465.47,-1266081.61,177.35
-579465.66,-1266081.35,177.35
-579465.85,-1266081.08,177.35
-579466.24,-1266080.52,177.35
-579466.45,-1266080.22,177.35
-579466.15,-1266079.74,177.36
-579466.34,-1266079.47,177.37
-579466.55,-1266079.17,177.37
-579466.73,-1266078.90,177.38
-579466.92,-1266078.64,177.39
-579467.13,-1266078.34,177.39
-579463.96,-1266082.28,177.36
-579464.16,-1266081.99,177.36
-579464.37,-1266081.70,177.35
-579464.56,-1266081.43,177.35
-579464.76,-1266081.14,177.35
-579464.97,-1266080.85,177.36
-579465.17,-1266080.55,177.36
-579465.36,-1266080.29,177.36
-579465.74,-1266079.74,177.36
-579465.92,-1266079.48,177.37
-579466.13,-1266079.18,177.38
-579466.32,-1266078.91,177.38
-579466.52,-1266078.62,177.39
-579464.38,-1266082.26,177.35
-579464.58,-1266081.99,177.35
-579464.78,-1266081.69,177.35
-579464.98,-1266081.40,177.35
-579465.19,-1266081.11,177.35
-579465.38,-1266080.84,177.35
-579465.57,-1266080.57,177.35
-579465.76,-1266080.30,177.36
-579465.95,-1266080.03,177.36
-579464.16,-1266081.39,177.36
-579464.37,-1266081.10,177.36
-579464.55,-1266080.84,177.37
-579464.75,-1266080.54,177.36
-579464.96,-1266080.25,177.37
-579465.17,-1266079.96,177.37
-579465.35,-1266079.69,177.37
-579465.54,-1266079.42,177.38
-579465.73,-1266079.14,177.38
-579465.92,-1266078.88,177.38
-579466.13,-1266078.58,177.39
-579466.32,-1266078.31,177.40
-579463.61,-1266081.71,177.37
-579463.80,-1266081.44,177.37
-579463.99,-1266081.17,177.37
-579464.19,-1266080.88,177.37
-579464.39,-1266080.59,177.37
-579464.58,-1266080.32,177.37
-579464.79,-1266080.02,177.37
-579464.99,-1266079.74,177.38
-579463.57,-1266082.23,177.36
-579463.77,-1266081.96,177.36
-579465.20,-1266079.44,177.38
-579465.39,-1266079.17,177.38
-579465.57,-1266078.90,177.39
-579465.77,-1266078.63,177.39
-579465.96,-1266078.35,177.40
-579463.27,-1266081.72,177.37
-579463.47,-1266081.44,177.37
-579463.67,-1266081.16,177.37
-579463.86,-1266080.89,177.37
-579464.05,-1266080.61,177.38
-579464.25,-1266080.32,177.38
-579464.45,-1266080.03,177.38
-579464.64,-1266079.76,177.38
-579464.85,-1266079.47,177.38
-579465.05,-1266079.18,177.38
-579465.25,-1266078.89,177.39
-579465.45,-1266078.62,177.40
-579465.63,-1266078.35,177.40
-579463.28,-1266080.56,177.39
-579463.46,-1266080.30,177.39
-579463.67,-1266080.00,177.39
-579463.86,-1266079.73,177.39
-579464.05,-1266079.46,177.40
-579464.25,-1266079.16,177.40
-579464.46,-1266078.87,177.41
-579464.64,-1266078.61,177.41
-579464.85,-1266078.31,177.41
-579463.27,-1266081.16,177.37
-579463.46,-1266080.89,177.38
-579463.67,-1266080.59,177.38
-579463.85,-1266080.32,177.38
-579464.04,-1266080.05,177.38
-579464.25,-1266079.76,177.39
-579464.45,-1266079.47,177.39
-579464.64,-1266079.20,177.39
-579464.85,-1266078.90,177.40
-579465.05,-1266078.61,177.40
-579465.25,-1266078.32,177.41
-579463.90,-1266079.21,177.41
-579464.09,-1266078.93,177.41
-579464.29,-1266078.65,177.41
-579464.49,-1266078.36,177.42
-579462.99,-1266080.05,177.40
-579463.18,-1266079.79,177.40
-579463.39,-1266079.49,177.41
-579463.31,-1266080.04,177.39
-579463.50,-1266079.77,177.40
-579463.71,-1266079.48,177.41
-579463.18,-1266079.20,177.42
-579463.38,-1266078.91,177.42
-579463.56,-1266078.65,177.42
-579463.58,-1266079.22,177.41
-579463.78,-1266078.93,177.42
-579463.97,-1266078.66,177.42
-579464.16,-1266078.39,177.42
-579463.02,-1266078.86,177.43
-579463.21,-1266078.59,177.43
-579462.68,-1266078.82,177.43
-579462.87,-1266078.56,177.44
-579467.64,-1266077.98,177.41
-579467.33,-1266078.04,177.41
-579467.52,-1266077.78,177.42
-579467.72,-1266077.48,177.42
-579466.91,-1266078.07,177.41
-579467.11,-1266077.78,177.42
-579467.32,-1266077.49,177.42
-579467.50,-1266077.21,177.43
-579467.70,-1266076.93,177.44
-579466.52,-1266078.02,177.41
-579466.71,-1266077.75,177.42
-579466.90,-1266077.48,177.43
-579467.10,-1266077.19,177.43
-579467.31,-1266076.89,177.44
-579467.49,-1266076.63,177.44
-579467.70,-1266076.33,177.45
-579466.41,-1266077.24,177.43
-579466.61,-1266076.95,177.44
-579466.80,-1266076.68,177.44
-579466.98,-1266076.41,177.46
-579467.19,-1266076.12,177.46
-579467.40,-1266075.82,177.47
-579467.58,-1266075.55,177.48
-579466.16,-1266078.07,177.42
-579466.35,-1266077.79,177.42
-579466.55,-1266077.50,177.43
-579466.74,-1266077.24,177.43
-579466.93,-1266076.96,177.44
-579467.14,-1266076.67,177.44
-579467.34,-1266076.38,177.45
-579467.53,-1266076.11,177.46
-579465.82,-1266078.08,177.41
-579466.01,-1266077.80,177.42
-579466.22,-1266077.51,177.43
-579465.06,-1266078.02,177.42
-579465.26,-1266077.73,177.42
-579465.45,-1266077.46,177.43
-579465.64,-1266077.18,177.44
-579465.82,-1266076.92,177.44
-579466.02,-1266076.64,177.45
-579466.22,-1266076.35,177.46
-579466.40,-1266076.09,177.46
-579466.80,-1266075.52,177.48
-579466.99,-1266075.26,177.48
-579465.44,-1266078.06,177.42
-579465.63,-1266077.78,177.42
-579466.01,-1266077.24,177.43
-579466.21,-1266076.95,177.44
-579466.40,-1266076.67,177.45
-579466.60,-1266076.39,177.46
-579466.79,-1266076.11,177.47
-579466.98,-1266075.84,177.47
-579467.18,-1266075.56,177.48
-579467.39,-1266075.26,177.49
-579464.68,-1266078.08,177.42
-579464.89,-1266077.79,177.42
-579465.09,-1266077.50,177.43
-579465.30,-1266077.20,177.44
-579465.49,-1266076.93,177.45
-579465.67,-1266076.67,177.46
-579465.86,-1266076.39,177.46
-579466.05,-1266076.12,177.46
-579466.25,-1266075.83,177.47
-579466.45,-1266075.56,177.47
-579466.65,-1266075.27,177.49
-579463.96,-1266078.08,177.44
-579464.15,-1266077.81,177.44
-579464.36,-1266077.51,177.45
-579464.56,-1266077.22,177.45
-579464.75,-1266076.95,177.46
-579464.95,-1266076.66,177.46
-579465.16,-1266076.37,177.46
-579465.36,-1266076.07,177.47
-579465.54,-1266075.81,177.48
-579464.36,-1266078.10,177.43
-579464.57,-1266077.80,177.43
-579464.76,-1266077.53,177.44
-579464.96,-1266077.24,177.45
-579465.16,-1266076.95,177.45
-579465.37,-1266076.65,177.46
-579465.56,-1266076.39,177.46
-579465.74,-1266076.12,177.47
-579465.94,-1266075.84,177.47
-579466.12,-1266075.58,177.48
-579466.33,-1266075.29,177.48
-579463.42,-1266078.29,177.44
-579463.81,-1266077.74,177.45
-579464.01,-1266077.45,177.45
-579464.19,-1266077.20,177.46
-579464.39,-1266076.90,177.46
-579464.60,-1266076.60,177.47
-579464.79,-1266076.34,177.47
-579464.99,-1266076.05,177.47
-579465.20,-1266075.75,177.48
-579462.78,-1266078.25,177.45
-579462.96,-1266077.98,177.45
-579463.15,-1266077.71,177.46
-579463.34,-1266077.43,177.47
-579463.55,-1266077.14,177.47
-579463.73,-1266076.88,177.47
-579463.94,-1266076.58,177.47
-579464.13,-1266076.31,177.48
-579464.31,-1266076.05,177.48
-579463.06,-1266078.28,177.44
-579463.25,-1266078.01,177.45
-579463.45,-1266077.72,177.45
-579463.64,-1266077.45,177.46
-579463.85,-1266077.15,177.46
-579464.03,-1266076.88,177.47
-579464.22,-1266076.61,177.47
-579464.43,-1266076.32,177.47
-579464.63,-1266076.03,177.48
-579464.82,-1266075.76,177.48
-579463.18,-1266077.08,177.47
-579463.36,-1266076.82,177.47
-579463.57,-1266076.52,177.48
-579463.76,-1266076.25,177.48
-579464.15,-1266075.69,177.49
-579462.79,-1266077.63,177.46
-579462.99,-1266077.36,177.47
-579462.47,-1266077.55,177.46
-579462.67,-1266077.26,177.47
-579462.87,-1266076.99,177.47
-579463.05,-1266076.72,177.48
-579463.24,-1266076.45,177.48
-579463.43,-1266076.17,177.49
-579463.63,-1266075.89,177.49
-579462.64,-1266076.33,177.49
-579462.84,-1266076.04,177.49
-579463.03,-1266075.78,177.49
-579462.76,-1266076.67,177.48
-579462.95,-1266076.40,177.49
-579463.14,-1266076.13,177.49
-579463.33,-1266075.86,177.49
-579463.52,-1266075.59,177.49
-579462.27,-1266076.31,177.49
-579462.48,-1266076.01,177.49
-579485.32,-1266073.57,177.50
-579485.00,-1266073.71,177.49
-579484.64,-1266073.84,177.49
-579484.33,-1266073.97,177.48
-579483.99,-1266074.10,177.47
-579485.41,-1266073.19,177.51
-579485.09,-1266073.31,177.51
-579484.73,-1266073.46,177.50
-579484.41,-1266073.59,177.49
-579484.08,-1266073.71,177.49
-579483.74,-1266073.85,177.48
-579483.39,-1266074.00,177.48
-579485.14,-1266072.81,177.52
-579484.81,-1266072.95,177.51
-579484.47,-1266073.07,177.51
-579484.14,-1266073.21,177.51
-579483.79,-1266073.35,177.50
-579483.44,-1266073.48,177.49
-579485.20,-1266072.43,177.53
-579484.52,-1266072.69,177.52
-579484.20,-1266072.83,177.51
-579483.48,-1266073.11,177.51
-579484.54,-1266072.17,177.53
-579483.85,-1266072.44,177.51
-579483.50,-1266072.59,177.51
-579485.47,-1266074.82,177.45
-579485.12,-1266074.97,177.45
-579484.80,-1266075.10,177.44
-579484.44,-1266075.24,177.43
-579484.13,-1266075.36,177.43
-579483.79,-1266075.50,177.42
-579483.44,-1266075.64,177.41
-579485.20,-1266074.52,177.46
-579484.86,-1266074.64,177.46
-579484.52,-1266074.79,177.45
-579484.19,-1266074.92,177.44
-579483.86,-1266075.05,177.43
-579483.51,-1266075.19,177.43
-579485.61,-1266073.91,177.49
-579485.26,-1266074.04,177.49
-579484.94,-1266074.17,177.48
-579484.58,-1266074.32,177.47
-579484.25,-1266074.44,177.46
-579483.94,-1266074.57,177.45
-579483.57,-1266074.72,177.44
-579485.33,-1266075.72,177.41
-579484.97,-1266075.87,177.41
-579484.65,-1266076.00,177.40
-579484.30,-1266076.13,177.40
-579483.96,-1266076.27,177.39
-579483.65,-1266076.40,177.39
-579485.38,-1266075.26,177.44
-579485.04,-1266075.40,177.43
-579484.72,-1266075.52,177.42
-579484.04,-1266075.80,177.41
-579483.72,-1266075.93,177.40
-579485.80,-1266076.31,177.39
-579485.47,-1266076.44,177.39
-579485.15,-1266076.57,177.39
-579484.80,-1266076.71,177.38
-579484.47,-1266076.84,177.38
-579484.12,-1266076.98,177.37
-579483.81,-1266077.11,177.37
-579483.47,-1266077.25,177.36
-579485.56,-1266076.01,177.40
-579485.25,-1266076.14,177.40
-579484.89,-1266076.28,177.40
-579484.56,-1266076.41,177.39
-579484.22,-1266076.56,177.38
-579483.89,-1266076.68,177.38
-579483.55,-1266076.82,177.38
-579485.64,-1266077.31,177.37
-579485.33,-1266077.43,177.36
-579484.99,-1266077.56,177.36
-579484.32,-1266077.83,177.34
-579483.64,-1266078.11,177.33
-579486.08,-1266076.69,177.39
-579485.75,-1266076.83,177.38
-579485.43,-1266076.96,177.38
-579485.10,-1266077.09,177.37
-579484.74,-1266077.23,177.37
-579484.42,-1266077.37,177.36
-579484.08,-1266077.51,177.35
-579483.74,-1266077.63,177.35
-579485.88,-1266077.61,177.36
-579485.55,-1266077.75,177.35
-579485.22,-1266077.89,177.34
-579484.90,-1266078.01,177.34
-579484.56,-1266078.15,177.33
-579484.23,-1266078.29,177.33
-579483.87,-1266078.43,177.32
-579483.55,-1266078.55,177.32
-579486.07,-1266077.91,177.35
-579485.73,-1266078.03,177.34
-579485.42,-1266078.16,177.34
-579485.09,-1266078.29,177.33
-579484.76,-1266078.42,177.33
-579484.42,-1266078.56,177.32
-579484.10,-1266078.69,177.32
-579483.73,-1266078.83,177.32
-579485.98,-1266078.40,177.34
-579485.67,-1266078.53,177.33
-579485.33,-1266078.66,177.32
-579485.01,-1266078.79,177.32
-579484.70,-1266078.91,177.32
-579483.67,-1266079.34,177.31
-579485.91,-1266078.86,177.33
-579485.58,-1266079.00,177.32
-579485.26,-1266079.13,177.32
-579483.93,-1266079.66,177.31
-579480.82,-1266073.67,177.50
-579480.47,-1266073.81,177.50
-579480.13,-1266073.95,177.50
-579479.79,-1266074.08,177.49
-579482.87,-1266072.49,177.51
-579482.18,-1266072.76,177.51
-579481.84,-1266072.90,177.51
-579481.53,-1266073.03,177.51
-579481.19,-1266073.16,177.50
-579480.87,-1266073.29,177.50
-579480.52,-1266073.43,177.50
-579480.19,-1266073.56,177.50
-579479.84,-1266073.70,177.50
-579480.25,-1266073.11,177.51
-579479.89,-1266073.26,177.51
-579483.29,-1266074.38,177.46
-579482.97,-1266074.51,177.45
-579482.62,-1266074.65,177.45
-579482.26,-1266074.80,177.45
-579481.58,-1266075.07,177.44
-579481.26,-1266075.20,177.44
-579480.93,-1266075.33,177.44
-579480.61,-1266075.46,177.43
-579480.25,-1266075.61,177.43
-579479.93,-1266075.74,177.43
-579483.06,-1266074.12,177.47
-579482.70,-1266074.27,177.47
-579482.36,-1266074.41,177.46
-579482.00,-1266074.55,177.46
-579481.35,-1266074.82,177.45
-579481.02,-1266074.95,177.45
-579480.70,-1266075.08,177.45
-579480.35,-1266075.22,177.44
-579480.02,-1266075.35,177.44
-579483.11,-1266073.62,177.49
-579482.76,-1266073.77,177.48
-579482.42,-1266073.90,177.48
-579481.73,-1266074.18,177.48
-579481.41,-1266074.31,177.47
-579481.08,-1266074.44,177.47
-579480.76,-1266074.57,177.46
-579480.42,-1266074.71,177.46
-579480.08,-1266074.85,177.46
-579483.17,-1266073.24,177.50
-579482.82,-1266073.38,177.50
-579482.47,-1266073.52,177.49
-579481.78,-1266073.80,177.49
-579481.46,-1266073.93,177.49
-579481.14,-1266074.06,177.49
-579480.80,-1266074.19,177.48
-579480.45,-1266074.33,177.48
-579480.13,-1266074.46,177.48
-579479.78,-1266074.60,177.47
-579483.18,-1266072.72,177.51
-579482.83,-1266072.86,177.51
-579482.47,-1266073.01,177.50
-579482.13,-1266073.14,177.50
-579481.80,-1266073.27,177.50
-579481.46,-1266073.41,177.50
-579481.14,-1266073.54,177.50
-579483.10,-1266075.78,177.41
-579482.77,-1266075.91,177.41
-579482.41,-1266076.06,177.41
-579482.07,-1266076.19,177.40
-579481.71,-1266076.34,177.40
-579481.38,-1266076.47,177.40
-579481.06,-1266076.60,177.40
-579480.74,-1266076.73,177.40
-579480.40,-1266076.86,177.40
-579480.06,-1266077.00,177.39
-579482.84,-1266075.46,177.42
-579482.48,-1266075.61,177.42
-579482.14,-1266075.74,177.42
-579481.78,-1266075.89,177.42
-579481.45,-1266076.02,177.42
-579481.13,-1266076.15,177.42
-579480.80,-1266076.28,177.41
-579480.47,-1266076.42,177.41
-579480.13,-1266076.56,177.41
-579483.23,-1266074.86,177.44
-579482.91,-1266074.99,177.43
-579482.55,-1266075.13,177.43
-579482.19,-1266075.28,177.43
-579481.84,-1266075.42,177.43
-579481.52,-1266075.55,177.43
-579481.19,-1266075.68,177.43
-579480.87,-1266075.81,177.43
-579480.53,-1266075.94,177.42
-579483.29,-1266076.54,177.39
-579482.94,-1266076.68,177.38
-579482.62,-1266076.81,177.38
-579482.26,-1266076.95,177.38
-579481.90,-1266077.10,177.38
-579481.56,-1266077.24,177.38
-579481.24,-1266077.37,177.38
-579480.90,-1266077.50,177.37
-579480.58,-1266077.63,177.38
-579480.26,-1266077.76,177.37
-579483.36,-1266076.07,177.40
-579483.01,-1266076.21,177.40
-579482.68,-1266076.34,177.40
-579482.33,-1266076.48,177.40
-579481.98,-1266076.63,177.40
-579481.62,-1266076.77,177.39
-579481.30,-1266076.90,177.39
-579480.98,-1266077.03,177.39
-579480.65,-1266077.16,177.39
-579480.32,-1266077.30,177.38
-579483.12,-1266077.39,177.36
-579482.77,-1266077.53,177.36
-579482.44,-1266077.66,177.36
-579482.08,-1266077.80,177.36
-579481.75,-1266077.94,177.35
-579481.39,-1266078.08,177.35
-579481.05,-1266078.22,177.35
-579480.74,-1266078.35,177.35
-579480.41,-1266078.48,177.35
-579483.21,-1266076.96,177.37
-579482.87,-1266077.10,177.37
-579482.53,-1266077.23,177.37
-579482.18,-1266077.38,177.36
-579481.83,-1266077.52,177.36
-579481.48,-1266077.66,177.36
-579481.15,-1266077.79,177.36
-579480.82,-1266077.92,177.36
-579480.50,-1266078.05,177.36
-579480.17,-1266078.18,177.36
-579483.32,-1266078.24,177.33
-579482.97,-1266078.38,177.33
-579482.61,-1266078.52,177.32
-579482.29,-1266078.65,177.32
-579481.94,-1266078.79,177.33
-579481.58,-1266078.94,177.33
-579481.23,-1266079.08,177.33
-579480.91,-1266079.21,177.33
-579480.59,-1266079.34,177.33
-579480.25,-1266079.47,177.33
-579483.42,-1266077.77,177.34
-579483.07,-1266077.91,177.34
-579482.71,-1266078.05,177.34
-579482.39,-1266078.18,177.33
-579482.04,-1266078.32,177.34
-579481.69,-1266078.47,177.34
-579481.33,-1266078.61,177.34
-579481.01,-1266078.74,177.34
-579480.68,-1266078.87,177.34
-579483.23,-1266078.69,177.32
-579482.87,-1266078.83,177.32
-579482.52,-1266078.97,177.32
-579482.19,-1266079.10,177.32
-579481.84,-1266079.25,177.32
-579481.49,-1266079.39,177.33
-579481.14,-1266079.53,177.33
-579480.81,-1266079.66,177.33
-579480.49,-1266079.79,177.33
-579483.41,-1266078.97,177.31
-579483.09,-1266079.10,177.32
-579482.73,-1266079.24,177.32
-579482.38,-1266079.38,177.32
-579482.06,-1266079.51,177.32
-579481.70,-1266079.66,177.32
-579482.65,-1266079.74,177.31
-579468.43,-1266074.90,177.49
-579468.09,-1266075.04,177.49
-579470.42,-1266074.58,177.48
-579470.07,-1266074.72,177.48
-579469.76,-1266074.85,177.48
-579469.43,-1266074.98,177.48
-579469.08,-1266075.12,177.48
-579468.73,-1266075.26,177.48
-579468.41,-1266075.39,177.48
-579468.05,-1266075.54,177.48
-579472.31,-1266074.12,177.50
-579471.99,-1266074.25,177.50
-579471.66,-1266074.38,177.49
-579471.34,-1266074.51,177.48
-579471.04,-1266074.63,177.48
-579470.68,-1266074.78,177.47
-579470.35,-1266074.91,177.47
-579470.00,-1266075.05,177.47
-579469.68,-1266075.17,177.47
-579469.36,-1266075.30,177.48
-579469.02,-1266075.44,177.48
-579468.66,-1266075.59,177.48
-579468.34,-1266075.71,177.48
-579467.99,-1266075.86,177.48
-579472.98,-1266074.35,177.50
-579472.63,-1266074.49,177.50
-579472.28,-1266074.63,177.49
-579471.96,-1266074.76,177.49
-579471.65,-1266074.89,177.48
-579471.32,-1266075.02,177.47
-579471.00,-1266075.15,177.47
-579470.65,-1266075.29,177.47
-579470.33,-1266075.42,177.47
-579469.98,-1266075.56,177.46
-579469.66,-1266075.69,177.46
-579469.34,-1266075.82,177.46
-579468.99,-1266075.96,177.46
-579468.63,-1266076.10,177.46
-579468.32,-1266076.23,177.45
-579467.98,-1266076.36,177.45
-579471.60,-1266075.40,177.47
-579471.28,-1266075.52,177.46
-579470.96,-1266075.65,177.46
-579470.60,-1266075.80,177.45
-579470.28,-1266075.93,177.45
-579469.94,-1266076.06,177.45
-579469.62,-1266076.19,177.45
-579469.30,-1266076.32,177.45
-579468.95,-1266076.46,177.45
-579468.60,-1266076.61,177.45
-579468.28,-1266076.73,177.44
-579467.94,-1266076.87,177.44
-579475.63,-1266073.78,177.50
-579475.31,-1266073.90,177.50
-579474.96,-1266074.04,177.49
-579474.63,-1266074.18,177.49
-579474.31,-1266074.31,177.50
-579473.96,-1266074.45,177.50
-579473.61,-1266074.59,177.50
-579473.29,-1266074.72,177.49
-579472.94,-1266074.86,177.50
-579472.59,-1266075.00,177.49
-579472.24,-1266075.14,177.49
-579471.92,-1266075.27,177.48
-579477.21,-1266073.44,177.50
-579476.88,-1266073.57,177.50
-579476.24,-1266073.83,177.50
-579475.91,-1266073.96,177.49
-579475.56,-1266074.11,177.49
-579475.24,-1266074.23,177.49
-579474.89,-1266074.38,177.49
-579474.56,-1266074.51,177.49
-579473.88,-1266074.78,177.49
-579473.53,-1266074.92,177.49
-579473.22,-1266075.05,177.49
-579472.87,-1266075.19,177.49
-579472.51,-1266075.33,177.48
-579472.17,-1266075.47,177.48
-579471.85,-1266075.60,177.47
-579471.53,-1266075.73,177.46
-579471.21,-1266075.85,177.46
-579470.89,-1266075.98,177.45
-579470.53,-1266076.13,177.44
-579470.21,-1266076.25,177.44
-579469.88,-1266076.39,177.44
-579469.54,-1266076.53,177.44
-579469.22,-1266076.65,177.44
-579468.87,-1266076.80,177.44
-579468.53,-1266076.93,177.44
-579468.20,-1266077.06,177.43
-579467.86,-1266077.20,177.43
-579479.23,-1266073.06,177.52
-579478.21,-1266073.46,177.50
-579477.86,-1266073.60,177.49
-579477.52,-1266073.74,177.50
-579476.84,-1266074.02,177.49
-579476.51,-1266074.15,177.49
-579476.20,-1266074.27,177.49
-579475.86,-1266074.41,177.48
-579475.52,-1266074.55,177.48
-579475.20,-1266074.68,177.48
-579474.85,-1266074.82,177.48
-579474.53,-1266074.95,177.48
-579473.83,-1266075.23,177.48
-579473.49,-1266075.37,177.48
-579473.17,-1266075.49,177.48
-579472.82,-1266075.63,177.47
-579472.46,-1266075.78,177.46
-579472.13,-1266075.91,177.45
-579471.81,-1266076.04,177.45
-579471.48,-1266076.17,177.44
-579471.17,-1266076.30,177.44
-579470.84,-1266076.43,177.43
-579470.49,-1266076.57,177.43
-579470.17,-1266076.70,177.43
-579469.83,-1266076.84,177.43
-579469.49,-1266076.97,177.43
-579468.83,-1266077.24,177.42
-579468.48,-1266077.38,177.42
-579468.16,-1266077.51,177.42
-579479.56,-1266073.39,177.51
-579479.24,-1266073.52,177.50
-579478.89,-1266073.66,177.49
-579478.54,-1266073.80,177.50
-579478.22,-1266073.93,177.49
-579477.86,-1266074.07,177.49
-579477.17,-1266074.35,177.48
-579476.84,-1266074.48,177.47
-579476.19,-1266074.75,177.46
-579475.87,-1266074.88,177.46
-579475.51,-1266075.02,177.46
-579475.20,-1266075.14,177.46
-579474.85,-1266075.28,177.46
-579474.51,-1266075.42,177.47
-579474.19,-1266075.55,177.47
-579473.84,-1266075.69,177.46
-579473.49,-1266075.83,177.46
-579473.17,-1266075.96,177.46
-579471.81,-1266076.51,177.43
-579471.48,-1266076.64,177.43
-579471.16,-1266076.77,177.43
-579470.84,-1266076.90,177.42
-579470.50,-1266077.03,177.41
-579470.17,-1266077.17,177.41
-579469.82,-1266077.31,177.41
-579469.50,-1266077.43,177.41
-579468.82,-1266077.71,177.41
-579468.49,-1266077.84,177.41
-579468.16,-1266077.98,177.41
-579479.52,-1266073.83,177.50
-579479.20,-1266073.96,177.50
-579478.84,-1266074.10,177.49
-579478.49,-1266074.25,177.48
-579478.19,-1266074.37,177.48
-579477.82,-1266074.52,177.46
-579477.47,-1266074.66,177.45
-579477.12,-1266074.80,177.45
-579476.79,-1266074.93,177.44
-579476.47,-1266075.06,177.44
-579476.15,-1266075.19,177.44
-579475.82,-1266075.32,177.44
-579475.47,-1266075.46,177.44
-579475.15,-1266075.59,177.45
-579474.80,-1266075.73,177.45
-579474.15,-1266075.99,177.45
-579473.80,-1266076.13,177.45
-579473.45,-1266076.27,177.45
-579473.13,-1266076.40,177.44
-579472.79,-1266076.54,177.43
-579472.08,-1266076.82,177.42
-579471.78,-1266076.95,177.42
-579471.45,-1266077.08,177.41
-579470.80,-1266077.34,177.40
-579470.46,-1266077.48,177.40
-579470.12,-1266077.61,177.40
-579469.78,-1266077.75,177.40
-579469.46,-1266077.88,177.39
-579469.13,-1266078.01,177.40
-579468.79,-1266078.15,177.40
-579468.44,-1266078.29,177.40
-579468.11,-1266078.42,177.39
-579479.46,-1266074.22,177.49
-579479.14,-1266074.35,177.48
-579478.79,-1266074.48,177.47
-579478.11,-1266074.76,177.46
-579477.77,-1266074.90,177.44
-579477.41,-1266075.04,177.44
-579477.06,-1266075.18,177.44
-579476.74,-1266075.31,177.43
-579476.42,-1266075.44,177.43
-579476.10,-1266075.56,177.43
-579475.77,-1266075.70,177.43
-579474.74,-1266076.11,177.45
-579474.41,-1266076.25,177.44
-579474.09,-1266076.38,177.44
-579473.75,-1266076.52,177.44
-579473.40,-1266076.66,177.44
-579473.07,-1266076.79,177.43
-579472.72,-1266076.93,177.42
-579472.38,-1266077.07,177.41
-579472.03,-1266077.21,177.41
-579471.71,-1266077.34,177.40
-579471.39,-1266077.46,177.40
-579471.07,-1266077.59,177.40
-579470.74,-1266077.72,177.39
-579470.39,-1266077.86,177.39
-579470.07,-1266077.99,177.39
-579469.72,-1266078.14,177.39
-579469.41,-1266078.26,177.39
-579469.08,-1266078.39,177.39
-579468.74,-1266078.53,177.39
-579468.38,-1266078.67,177.39
-579468.07,-1266078.80,177.39
-579479.44,-1266074.74,177.47
-579479.13,-1266074.86,177.46
-579478.79,-1266075.00,177.45
-579478.44,-1266075.14,177.44
-579478.10,-1266075.28,177.43
-579477.75,-1266075.41,177.43
-579477.41,-1266075.55,177.43
-579477.06,-1266075.69,177.42
-579476.73,-1266075.82,177.42
-579476.41,-1266075.95,177.42
-579476.08,-1266076.09,177.41
-579475.76,-1266076.22,177.42
-579475.41,-1266076.36,177.42
-579475.08,-1266076.49,177.42
-579474.73,-1266076.63,177.44
-579474.41,-1266076.76,177.44
-579474.08,-1266076.89,177.43
-579473.74,-1266077.03,177.43
-579473.39,-1266077.17,177.42
-579473.06,-1266077.30,177.41
-579472.72,-1266077.44,177.40
-579472.37,-1266077.58,177.40
-579472.03,-1266077.72,177.39
-579471.70,-1266077.85,177.39
-579471.06,-1266078.11,177.38
-579470.74,-1266078.24,177.38
-579470.39,-1266078.37,177.38
-579470.06,-1266078.51,177.38
-579469.72,-1266078.64,177.38
-579469.40,-1266078.77,177.39
-579469.07,-1266078.91,177.39
-579468.72,-1266079.05,177.39
-579468.38,-1266079.19,177.39
-579468.06,-1266079.31,177.38
-579479.73,-1266074.98,177.46
-579479.41,-1266075.11,177.45
-579479.08,-1266075.25,177.44
-579478.73,-1266075.39,177.44
-579478.38,-1266075.53,177.43
-579478.06,-1266075.66,177.43
-579477.71,-1266075.80,177.42
-579477.35,-1266075.94,177.42
-579477.02,-1266076.08,177.41
-579476.68,-1266076.21,177.41
-579476.35,-1266076.34,177.41
-579476.04,-1266076.47,177.41
-579475.71,-1266076.60,177.41
-579475.35,-1266076.75,177.41
-579475.04,-1266076.87,177.42
-579474.68,-1266077.02,177.42
-579474.35,-1266077.15,177.42
-579474.04,-1266077.28,177.42
-579473.69,-1266077.42,177.42
-579473.33,-1266077.56,177.41
-579473.02,-1266077.68,177.40
-579472.67,-1266077.82,177.39
-579472.32,-1266077.97,177.38
-579471.98,-1266078.10,177.38
-579471.65,-1266078.24,177.38
-579471.33,-1266078.37,177.37
-579471.01,-1266078.49,177.37
-579470.68,-1266078.63,177.37
-579470.34,-1266078.77,177.37
-579470.02,-1266078.89,177.37
-579469.67,-1266079.03,177.38
-579469.34,-1266079.17,177.38
-579469.02,-1266079.30,177.38
-579468.68,-1266079.43,177.38
-579468.32,-1266079.58,177.38
-579468.00,-1266079.71,177.38
-579479.67,-1266075.49,177.44
-579479.35,-1266075.62,177.43
-579479.02,-1266075.75,177.43
-579478.67,-1266075.90,177.42
-579478.33,-1266076.03,177.42
-579478.00,-1266076.16,177.41
-579477.65,-1266076.30,177.41
-579477.30,-1266076.44,177.40
-579476.95,-1266076.59,177.40
-579476.30,-1266076.85,177.40
-579475.98,-1266076.98,177.40
-579475.64,-1266077.11,177.40
-579475.30,-1266077.25,177.40
-579474.98,-1266077.38,177.41
-579474.62,-1266077.52,177.41
-579474.29,-1266077.65,177.41
-579473.98,-1266077.78,177.41
-579473.62,-1266077.92,177.40
-579473.29,-1266078.06,177.40
-579472.97,-1266078.19,177.38
-579472.62,-1266078.33,177.38
-579472.27,-1266078.47,177.37
-579471.92,-1266078.61,177.37
-579471.60,-1266078.74,177.36
-579471.28,-1266078.87,177.36
-579470.96,-1266078.99,177.36
-579470.63,-1266079.13,177.36
-579470.28,-1266079.27,177.36
-579469.96,-1266079.40,177.36
-579469.61,-1266079.54,177.37
-579469.29,-1266079.67,177.37
-579468.96,-1266079.80,177.37
-579468.62,-1266079.94,177.37
-579468.27,-1266080.08,177.37
-579467.95,-1266080.21,177.36
-579479.58,-1266075.88,177.43
-579479.25,-1266076.01,177.43
-579478.93,-1266076.14,177.42
-579478.60,-1266076.27,177.42
-579478.23,-1266076.42,177.41
-579477.90,-1266076.55,177.40
-579477.56,-1266076.69,177.40
-579477.20,-1266076.83,177.40
-579476.86,-1266076.97,177.39
-579476.54,-1266077.10,177.39
-579476.21,-1266077.24,177.39
-579475.88,-1266077.37,177.39
-579475.56,-1266077.49,177.40
-579475.21,-1266077.64,177.40
-579474.88,-1266077.77,177.40
-579474.53,-1266077.91,177.41
-579474.20,-1266078.04,177.40
-579473.88,-1266078.17,177.40
-579473.54,-1266078.31,177.39
-579473.20,-1266078.44,177.38
-579472.87,-1266078.58,177.37
-579472.52,-1266078.72,177.36
-579472.18,-1266078.86,177.36
-579471.83,-1266079.00,177.35
-579471.51,-1266079.12,177.36
-579471.18,-1266079.26,177.35
-579470.86,-1266079.39,177.35
-579470.54,-1266079.52,177.35
-579470.19,-1266079.66,177.36
-579469.87,-1266079.79,177.36
-579469.52,-1266079.93,177.36
-579469.20,-1266080.06,177.36
-579468.88,-1266080.19,177.37
-579468.53,-1266080.33,177.37
-579468.18,-1266080.47,177.36
-579467.86,-1266080.60,177.36
-579479.86,-1266076.22,177.42
-579479.51,-1266076.36,177.42
-579479.18,-1266076.49,177.41
-579478.86,-1266076.62,177.40
-579478.52,-1266076.75,177.40
-579478.17,-1266076.90,177.40
-579477.84,-1266077.03,177.39
-579477.49,-1266077.17,177.38
-579477.15,-1266077.30,177.38
-579476.79,-1266077.45,177.38
-579476.47,-1266077.58,177.38
-579476.15,-1266077.71,177.38
-579475.82,-1266077.84,177.38
-579475.50,-1266077.97,177.39
-579475.15,-1266078.11,177.39
-579474.46,-1266078.39,177.39
-579474.15,-1266078.51,177.39
-579473.82,-1266078.64,177.38
-579473.48,-1266078.78,177.37
-579473.14,-1266078.92,177.36
-579472.81,-1266079.05,177.36
-579472.46,-1266079.19,177.35
-579472.12,-1266079.32,177.35
-579471.77,-1266079.47,177.34
-579471.45,-1266079.60,177.34
-579471.13,-1266079.72,177.34
-579470.80,-1266079.86,177.34
-579470.49,-1266079.98,177.34
-579470.14,-1266080.12,177.35
-579469.81,-1266080.25,177.36
-579469.46,-1266080.40,177.36
-579469.14,-1266080.53,177.36
-579468.81,-1266080.66,177.36
-579468.46,-1266080.80,177.36
-579468.12,-1266080.93,177.35
-579479.80,-1266076.69,177.40
-579479.45,-1266076.83,177.40
-579479.13,-1266076.96,177.39
-579478.80,-1266077.09,177.39
-579478.45,-1266077.23,177.38
-579478.11,-1266077.37,177.38
-579477.79,-1266077.50,177.38
-579477.43,-1266077.64,177.37
-579477.08,-1266077.78,177.37
-579476.73,-1266077.92,177.37
-579476.41,-1266078.05,177.37
-579476.08,-1266078.18,177.37
-579475.76,-1266078.31,177.37
-579475.43,-1266078.45,177.37
-579475.07,-1266078.59,177.38
-579474.76,-1266078.72,177.38
-579474.41,-1266078.86,177.37
-579474.08,-1266078.99,177.37
-579473.77,-1266079.11,177.36
-579473.42,-1266079.26,177.35
-579473.07,-1266079.40,177.35
-579472.76,-1266079.52,177.34
-579472.40,-1266079.67,177.34
-579472.06,-1266079.80,177.34
-579471.72,-1266079.94,177.34
-579471.39,-1266080.08,177.33
-579471.07,-1266080.20,177.33
-579470.75,-1266080.33,177.33
-579470.42,-1266080.46,177.34
-579470.07,-1266080.61,177.34
-579469.75,-1266080.73,177.34
-579469.40,-1266080.88,177.35
-579469.07,-1266081.01,177.35
-579468.76,-1266081.14,177.35
-579468.42,-1266081.27,177.34
-579468.06,-1266081.41,177.34
-579478.04,-1266077.81,177.37
-579477.71,-1266077.95,177.37
-579477.36,-1266078.09,177.37
-579477.01,-1266078.23,177.37
-579476.33,-1266078.50,177.37
-579476.02,-1266078.63,177.37
-579475.69,-1266078.76,177.37
-579475.36,-1266078.89,177.37
-579475.02,-1266079.03,177.37
-579474.69,-1266079.16,177.37
-579474.34,-1266079.30,177.37
-579474.02,-1266079.43,177.36
-579473.70,-1266079.56,177.35
-579473.35,-1266079.70,177.34
-579473.01,-1266079.84,177.34
-579472.68,-1266079.97,177.33
-579472.33,-1266080.11,177.33
-579471.99,-1266080.25,177.33
-579471.65,-1266080.39,177.33
-579471.32,-1266080.52,177.33
-579470.99,-1266080.65,177.33
-579470.68,-1266080.78,177.33
-579470.35,-1266080.91,177.33
-579470.00,-1266081.05,177.33
-579469.68,-1266081.18,177.34
-579469.33,-1266081.32,177.34
-579469.01,-1266081.45,177.34
-579468.69,-1266081.58,177.34
-579468.34,-1266081.72,177.34
-579468.00,-1266081.85,177.34
-579479.73,-1266077.13,177.39
-579479.38,-1266077.28,177.38
-579479.06,-1266077.40,177.38
-579478.74,-1266077.53,177.38
-579478.38,-1266077.67,177.37
-579473.62,-1266079.99,177.34
-579473.28,-1266080.13,177.33
-579472.93,-1266080.27,177.33
-579472.60,-1266080.40,177.33
-579472.26,-1266080.54,177.32
-579471.90,-1266080.68,177.32
-579471.55,-1266080.82,177.32
-579471.24,-1266080.95,177.32
-579470.91,-1266081.08,177.32
-579470.59,-1266081.21,177.32
-579470.27,-1266081.34,177.33
-579469.92,-1266081.48,177.33
-579479.97,-1266077.43,177.38
-579479.65,-1266077.56,177.38
-579479.30,-1266077.70,177.37
-579478.97,-1266077.84,177.37
-579478.65,-1266077.97,177.37
-579478.30,-1266078.11,177.36
-579477.96,-1266078.24,177.36
-579477.63,-1266078.38,177.36
-579477.28,-1266078.52,177.36
-579476.57,-1266078.80,177.36
-579476.26,-1266078.93,177.36
-579475.93,-1266079.06,177.36
-579475.60,-1266079.19,177.36
-579475.29,-1266079.32,177.36
-579474.93,-1266079.46,177.36
-579474.60,-1266079.60,177.35
-579474.26,-1266079.73,177.35
-579473.94,-1266079.86,177.35
-579479.91,-1266077.90,177.37
-579479.58,-1266078.03,177.36
-579479.23,-1266078.17,177.36
-579478.91,-1266078.30,177.35
-579478.59,-1266078.43,177.35
-579478.23,-1266078.58,177.35
-579477.88,-1266078.72,177.35
-579477.56,-1266078.85,177.35
-579477.21,-1266078.99,177.35
-579476.86,-1266079.13,177.35
-579476.50,-1266079.27,177.35
-579476.19,-1266079.40,177.35
-579475.87,-1266079.53,177.35
-579475.54,-1266079.66,177.35
-579475.22,-1266079.79,177.35
-579474.87,-1266079.93,177.35
-579474.54,-1266080.06,177.35
-579474.19,-1266080.20,177.34
-579473.88,-1266080.33,177.34
-579473.55,-1266080.46,177.33
-579473.21,-1266080.60,177.32
-579472.86,-1266080.74,177.32
-579472.53,-1266080.87,177.32
-579472.19,-1266081.01,177.32
-579471.85,-1266081.15,177.32
-579471.50,-1266081.29,177.32
-579471.17,-1266081.42,177.32
-579479.83,-1266078.32,177.36
-579479.50,-1266078.45,177.35
-579479.15,-1266078.59,177.35
-579478.83,-1266078.72,177.35
-579477.80,-1266079.14,177.34
-579477.49,-1266079.26,177.34
-579477.12,-1266079.41,177.34
-579476.78,-1266079.55,177.34
-579476.43,-1266079.69,177.34
-579476.10,-1266079.82,177.34
-579475.78,-1266079.95,177.34
-579475.46,-1266080.08,177.34
-579475.13,-1266080.21,177.34
-579474.78,-1266080.35,177.34
-579474.46,-1266080.48,177.34
-579474.11,-1266080.62,177.34
-579473.79,-1266080.75,177.33
-579473.48,-1266080.88,177.32
-579473.12,-1266081.02,177.32
-579472.77,-1266081.16,177.32
-579472.46,-1266081.29,177.32
-579472.11,-1266081.43,177.32
-579471.78,-1266081.56,177.32
-579480.08,-1266078.61,177.35
-579479.74,-1266078.75,177.34
-579479.41,-1266078.88,177.34
-579479.06,-1266079.02,177.34
-579478.74,-1266079.15,177.34
-579478.41,-1266079.28,177.33
-579478.06,-1266079.42,177.33
-579477.72,-1266079.56,177.33
-579477.39,-1266079.69,177.33
-579477.04,-1266079.83,177.33
-579476.69,-1266079.97,177.33
-579476.34,-1266080.11,177.33
-579476.01,-1266080.25,177.33
-579475.70,-1266080.37,177.33
-579475.37,-1266080.51,177.34
-579475.04,-1266080.64,177.34
-579474.70,-1266080.78,177.34
-579480.04,-1266079.13,177.33
-579479.68,-1266079.27,177.33
-579479.35,-1266079.40,177.33
-579479.01,-1266079.54,177.33
-579478.69,-1266079.67,177.33
-579478.36,-1266079.80,177.33
-579478.02,-1266079.94,177.32
-579477.66,-1266080.08,177.33
-579477.34,-1266080.22,177.33
-579476.28,-1266080.64,177.33
-579475.96,-1266080.77,177.33
-579475.64,-1266080.90,177.33
-579475.31,-1266081.03,177.33
-579479.93,-1266079.60,177.33
-579479.58,-1266079.74,177.33
-579479.26,-1266079.87,177.33
-579478.91,-1266080.01,177.32
-579478.59,-1266080.15,177.32
-579478.26,-1266080.28,177.32
-579477.90,-1266080.42,177.32
-579480.17,-1266079.92,177.33
-579479.48,-1266080.20,177.33
-579463.86,-1266075.52,177.49
-579463.54,-1266075.65,177.49
-579463.19,-1266075.80,177.49
-579462.84,-1266075.94,177.49
-579464.11,-1266075.61,177.49
-579463.77,-1266075.75,177.49
-579463.45,-1266075.88,177.49
-579463.09,-1266076.02,177.49
-579462.76,-1266076.15,177.49
-579466.81,-1266075.18,177.48
-579466.49,-1266075.31,177.48
-579466.16,-1266075.44,177.48
-579465.82,-1266075.58,177.48
-579465.51,-1266075.70,177.48
-579465.15,-1266075.84,177.48
-579464.83,-1266075.98,177.47
-579464.51,-1266076.10,177.48
-579464.17,-1266076.24,177.48
-579463.82,-1266076.38,177.48
-579463.50,-1266076.51,177.48
-579463.15,-1266076.65,177.48
-579462.80,-1266076.79,177.48
-579467.39,-1266075.32,177.48
-579467.07,-1266075.45,177.48
-579466.75,-1266075.57,177.47
-579466.43,-1266075.70,177.47
-579466.11,-1266075.83,177.47
-579465.77,-1266075.97,177.47
-579465.44,-1266076.10,177.47
-579465.09,-1266076.24,177.47
-579464.78,-1266076.37,177.47
-579464.46,-1266076.50,177.47
-579464.10,-1266076.64,177.47
-579463.76,-1266076.78,177.47
-579463.45,-1266076.90,177.47
-579463.09,-1266077.05,177.47
-579462.75,-1266077.18,177.47
-579467.72,-1266075.67,177.48
-579467.37,-1266075.81,177.47
-579467.05,-1266075.94,177.47
-579466.73,-1266076.07,177.47
-579466.41,-1266076.20,177.46
-579466.08,-1266076.33,177.46
-579465.74,-1266076.47,177.46
-579465.42,-1266076.59,177.46
-579465.07,-1266076.73,177.46
-579464.75,-1266076.86,177.46
-579464.43,-1266076.99,177.46
-579464.08,-1266077.13,177.46
-579463.74,-1266077.27,177.46
-579463.42,-1266077.40,177.46
-579463.07,-1266077.54,177.47
-579467.65,-1266075.99,177.47
-579467.30,-1266076.13,177.46
-579466.98,-1266076.26,177.46
-579466.66,-1266076.39,177.46
-579466.34,-1266076.52,177.46
-579466.02,-1266076.65,177.45
-579465.67,-1266076.79,177.45
-579465.35,-1266076.92,177.45
-579465.00,-1266077.06,177.45
-579464.68,-1266077.19,177.45
-579464.37,-1266077.31,177.45
-579464.01,-1266077.46,177.45
-579463.66,-1266077.60,177.45
-579463.35,-1266077.72,177.45
-579462.99,-1266077.87,177.45
-579467.63,-1266076.50,177.45
-579467.27,-1266076.65,177.44
-579466.96,-1266076.77,177.44
-579466.64,-1266076.90,177.44
-579466.31,-1266077.03,177.44
-579466.00,-1266077.15,177.43
-579465.65,-1266077.30,177.43
-579465.33,-1266077.43,177.43
-579464.98,-1266077.57,177.43
-579464.65,-1266077.70,177.43
-579464.34,-1266077.83,177.44
-579463.64,-1266078.11,177.44
-579463.32,-1266078.24,177.44
-579462.98,-1266078.37,177.44
-579467.59,-1266077.01,177.43
-579467.24,-1266077.15,177.43
-579466.92,-1266077.28,177.43
-579466.59,-1266077.41,177.43
-579466.28,-1266077.54,177.43
-579465.95,-1266077.67,177.42
-579465.60,-1266077.81,177.42
-579465.29,-1266077.93,177.42
-579464.94,-1266078.08,177.42
-579464.61,-1266078.21,177.42
-579464.31,-1266078.33,177.42
-579463.95,-1266078.48,177.42
-579463.60,-1266078.62,177.42
-579463.28,-1266078.75,177.43
-579462.93,-1266078.89,177.43
-579467.16,-1266077.48,177.42
-579466.84,-1266077.61,177.42
-579466.52,-1266077.74,177.42
-579466.20,-1266077.87,177.42
-579465.88,-1266078.00,177.42
-579465.53,-1266078.14,177.41
-579464.87,-1266078.41,177.41
-579464.54,-1266078.54,177.41
-579464.22,-1266078.67,177.41
-579463.88,-1266078.81,177.41
-579463.53,-1266078.95,177.42
-579463.21,-1266079.07,177.42
-579467.51,-1266077.34,177.42
-579465.85,-1266078.44,177.40
-579465.49,-1266078.58,177.40
-579465.17,-1266078.71,177.40
-579464.83,-1266078.85,177.40
-579464.51,-1266078.98,177.40
-579464.18,-1266079.11,177.41
-579463.84,-1266079.25,177.41
-579463.49,-1266079.39,177.41
-579463.16,-1266079.52,177.41
-579467.82,-1266077.64,177.42
-579467.47,-1266077.78,177.42
-579467.12,-1266077.93,177.41
-579466.80,-1266078.05,177.41
-579466.48,-1266078.18,177.41
-579466.16,-1266078.31,177.40
-579464.51,-1266079.45,177.39
-579464.18,-1266079.58,177.39
-579463.83,-1266079.72,177.39
-579463.49,-1266079.86,177.40
-579463.17,-1266079.98,177.40
-579467.81,-1266078.11,177.41
-579467.47,-1266078.25,177.40
-579467.12,-1266078.39,177.39
-579466.80,-1266078.52,177.39
-579466.49,-1266078.65,177.39
-579466.16,-1266078.78,177.39
-579465.84,-1266078.91,177.38
-579465.50,-1266079.05,177.38
-579465.16,-1266079.18,177.38
-579464.83,-1266079.32,177.38
-579467.78,-1266078.55,177.39
-579467.43,-1266078.69,177.39
-579467.08,-1266078.83,177.38
-579466.76,-1266078.96,177.38
-579466.44,-1266079.09,177.37
-579466.11,-1266079.23,177.38
-579465.80,-1266079.35,177.37
-579465.45,-1266079.49,177.38
-579465.12,-1266079.62,177.38
-579464.80,-1266079.75,177.38
-579464.47,-1266079.88,177.38
-579464.14,-1266080.02,177.38
-579463.80,-1266080.15,177.39
-579463.45,-1266080.30,177.39
-579467.71,-1266078.94,177.38
-579467.37,-1266079.08,177.38
-579467.04,-1266079.21,177.38
-579466.71,-1266079.35,177.37
-579466.38,-1266079.48,177.37
-579466.08,-1266079.60,177.37
-579465.74,-1266079.74,177.36
-579465.39,-1266079.88,177.37
-579465.08,-1266080.00,177.37
-579464.73,-1266080.14,177.37
-579464.41,-1266080.28,177.37
-579464.09,-1266080.40,177.38
-579463.74,-1266080.54,177.38
-579463.38,-1266080.69,177.38
-579467.70,-1266079.46,177.38
-579467.36,-1266079.59,177.37
-579467.03,-1266079.73,177.36
-579466.70,-1266079.86,177.36
-579466.37,-1266079.99,177.36
-579466.06,-1266080.12,177.36
-579465.73,-1266080.25,177.36
-579465.39,-1266080.38,177.36
-579465.07,-1266080.51,177.36
-579464.72,-1266080.65,177.37
-579464.40,-1266080.78,177.37
-579464.08,-1266080.91,177.37
-579463.73,-1266081.05,177.37
-579463.38,-1266081.19,177.37
-579467.66,-1266079.84,177.37
-579467.31,-1266079.98,177.36
-579466.97,-1266080.12,177.36
-579466.66,-1266080.25,177.35
-579466.32,-1266080.38,177.35
-579466.01,-1266080.51,177.35
-579465.69,-1266080.64,177.35
-579465.34,-1266080.78,177.35
-579465.02,-1266080.91,177.35
-579464.68,-1266081.04,177.36
-579464.36,-1266081.17,177.36
-579464.03,-1266081.31,177.37
-579463.69,-1266081.44,177.37
-579463.34,-1266081.58,177.37
-579467.62,-1266080.34,177.36
-579467.26,-1266080.48,177.35
-579466.91,-1266080.62,177.35
-579466.60,-1266080.75,177.35
-579466.28,-1266080.87,177.35
-579465.95,-1266081.01,177.35
-579465.64,-1266081.13,177.35
-579465.29,-1266081.27,177.35
-579464.97,-1266081.40,177.35
-579464.62,-1266081.54,177.35
-579464.30,-1266081.67,177.35
-579463.98,-1266081.80,177.36
-579463.64,-1266081.94,177.36
-579467.51,-1266080.74,177.35
-579467.17,-1266080.87,177.35
-579466.83,-1266081.01,177.34
-579466.50,-1266081.14,177.34
-579466.18,-1266081.27,177.35
-579465.86,-1266081.40,177.35
-579465.55,-1266081.53,177.35
-579465.20,-1266081.67,177.35
-579464.88,-1266081.80,177.35
-579464.53,-1266081.94,177.35
-579464.21,-1266082.07,177.35
-579463.90,-1266082.19,177.36
-579467.80,-1266081.06,177.35
-579467.46,-1266081.20,177.34
-579467.12,-1266081.34,177.34
-579466.77,-1266081.48,177.34
-579466.44,-1266081.61,177.34
-579466.13,-1266081.74,177.34
-579465.80,-1266081.87,177.34
-579465.14,-1266082.13,177.34
-579467.74,-1266081.54,177.34
-579467.40,-1266081.68,177.34
-579467.05,-1266081.82,177.34
-579466.71,-1266081.96,177.34
-579466.05,-1266082.22,177.34
-579465.42,-1266082.48,177.34
-579467.67,-1266081.99,177.33
-579467.34,-1266082.12,177.33
-579462.51,-1266076.07,177.49
-579462.41,-1266076.30,177.49
-579462.72,-1266077.68,177.46
