-443852.050,-1172427.440,373.800
-443851.330,-1172430.380,373.830
-443851.460,-1172430.070,373.830
-443851.580,-1172429.770,373.820
-443851.700,-1172429.470,373.820
-443851.810,-1172429.180,373.820
-443851.930,-1172428.870,373.810
-443852.040,-1172428.580,373.810
-443852.160,-1172428.280,373.810
-443851.410,-1172430.990,373.840
-443851.520,-1172430.710,373.830
-443851.640,-1172430.420,373.830
-443851.750,-1172430.130,373.825
-443851.870,-1172429.830,373.820
-443851.990,-1172429.520,373.820
-443852.100,-1172429.240,373.820
-443851.850,-1172431.220,373.830
-443851.960,-1172430.920,373.830
-443852.080,-1172430.620,373.830
-443852.200,-1172430.320,373.830
-443851.980,-1172431.790,373.835
-443852.100,-1172431.490,373.830
-443852.210,-1172431.200,373.830
-443852.010,-1172425.560,373.780
-443851.190,-1172427.640,373.810
-443851.310,-1172427.340,373.800
-443851.430,-1172427.040,373.800
-443851.540,-1172426.750,373.800
-443851.650,-1172426.470,373.790
-443851.770,-1172426.180,373.790
-443851.890,-1172425.870,373.780
-443851.120,-1172428.920,373.830
-443851.230,-1172428.650,373.810
-443851.350,-1172428.330,373.810
-443851.470,-1172428.020,373.800
-443851.590,-1172427.740,373.800
-443851.690,-1172427.470,373.790
-443851.820,-1172427.150,373.790
-443851.940,-1172426.840,373.790
-443852.050,-1172426.550,373.780
-443851.130,-1172429.780,373.840
-443851.240,-1172429.500,373.830
-443851.350,-1172429.220,373.820
-443851.470,-1172428.920,373.810
-443851.590,-1172428.620,373.810
-443851.710,-1172428.320,373.805
-443851.820,-1172428.040,373.800
-443851.930,-1172427.750,373.800
-443851.310,-1172424.710,373.800
-443851.410,-1172424.430,373.800
-443851.540,-1172424.120,373.810
-443851.660,-1172423.810,373.810
-443851.770,-1172423.520,373.810
-443851.880,-1172423.250,373.810
-443852.000,-1172422.930,373.810
-443851.110,-1172426.240,373.800
-443851.230,-1172425.960,373.800
-443851.350,-1172425.640,373.800
-443851.470,-1172425.350,373.800
-443851.580,-1172425.070,373.800
-443851.690,-1172424.780,373.800
-443851.800,-1172424.490,373.800
-443851.920,-1172424.190,373.800
-443851.030,-1172427.460,373.820
-443851.160,-1172427.150,373.810
-443851.280,-1172426.830,373.800
-443851.390,-1172426.560,373.800
-443851.510,-1172426.260,373.800
-443851.630,-1172425.940,373.790
-443851.750,-1172425.630,373.790
-443851.860,-1172425.360,373.785
-443851.980,-1172425.050,373.790
-443852.100,-1172424.750,373.790
-443851.150,-1172422.940,373.820
-443851.270,-1172422.640,373.810
-443851.390,-1172422.340,373.810
-443851.500,-1172422.040,373.810
-443851.630,-1172421.740,373.810
-443851.740,-1172421.440,373.810
-443851.860,-1172421.150,373.800
-443850.940,-1172424.320,373.850
-443851.060,-1172424.010,373.820
-443851.180,-1172423.720,373.820
-443851.300,-1172423.410,373.820
-443851.420,-1172423.100,373.810
-443851.540,-1172422.810,373.810
-443851.650,-1172422.520,373.810
-443851.760,-1172422.240,373.810
-443851.010,-1172421.330,373.810
-443851.130,-1172421.040,373.810
-443851.250,-1172420.720,373.800
-443851.370,-1172420.440,373.800
-443851.480,-1172420.140,373.800
-443851.600,-1172419.830,373.800
-443851.720,-1172419.540,373.800
-443851.830,-1172419.260,373.790
-443850.990,-1172422.320,373.820
-443851.110,-1172422.030,373.815
-443851.220,-1172421.730,373.810
-443851.340,-1172421.440,373.810
-443851.450,-1172421.150,373.800
-443851.560,-1172420.870,373.800
-443851.680,-1172420.590,373.800
-443851.800,-1172420.270,373.800
-443851.910,-1172419.990,373.800
-443850.850,-1172419.940,373.810
-443850.970,-1172419.640,373.800
-443851.190,-1172419.070,373.790
-443851.320,-1172418.750,373.790
-443851.430,-1172418.460,373.795
-443851.550,-1172418.170,373.795
-443851.670,-1172417.850,373.800
-443851.790,-1172417.540,373.800
-443850.930,-1172420.400,373.810
-443851.050,-1172420.100,373.800
-443851.170,-1172419.790,373.800
-443851.290,-1172419.480,373.800
-443851.410,-1172419.180,373.795
-443851.530,-1172418.890,373.790
-443851.640,-1172418.600,373.790
-443851.750,-1172418.320,373.790
-443850.790,-1172418.260,373.800
-443850.920,-1172417.950,373.800
-443851.030,-1172417.660,373.800
-443851.140,-1172417.360,373.800
-443851.260,-1172417.070,373.800
-443851.380,-1172416.770,373.810
-443851.490,-1172416.470,373.810
-443851.610,-1172416.170,373.800
-443850.980,-1172418.630,373.790
-443851.090,-1172418.340,373.790
-443851.210,-1172418.040,373.800
-443851.320,-1172417.750,373.800
-443851.440,-1172417.470,373.800
-443851.550,-1172417.180,373.800
-443851.660,-1172416.890,373.800
-443850.740,-1172417.170,373.810
-443850.860,-1172416.880,373.810
-443850.970,-1172416.580,373.810
-443851.090,-1172416.270,373.810
-443851.210,-1172415.970,373.810
-443851.330,-1172415.670,373.805
-443851.460,-1172415.350,373.800
-443851.570,-1172415.070,373.800
-443850.590,-1172415.790,374.155
-443850.720,-1172415.480,374.170
-443850.830,-1172415.180,374.120
-443850.940,-1172414.890,373.835
-443851.070,-1172414.590,373.820
-443850.740,-1172416.490,373.820
-443850.850,-1172416.220,373.820
-443850.960,-1172415.940,373.810
-443851.080,-1172415.640,373.820
-443851.200,-1172415.340,373.810
-443851.320,-1172415.030,373.810
-443851.430,-1172414.750,373.800
-443851.550,-1172414.430,373.800
-443851.670,-1172414.130,373.780
-443851.370,-1172412.890,373.770
-443851.490,-1172412.590,373.770
-443851.180,-1172414.290,373.810
-443851.300,-1172413.990,373.800
-443851.410,-1172413.710,373.780
-443851.520,-1172413.420,373.770
-443851.640,-1172413.130,373.760
-443851.030,-1172413.760,373.830
-443851.140,-1172413.480,373.800
-443851.250,-1172413.200,373.780
-443850.730,-1172412.840,374.075
-443850.850,-1172412.540,373.800
-443850.960,-1172412.260,373.800
-443851.070,-1172411.980,373.790
-443851.200,-1172411.660,373.790
-443851.310,-1172411.360,373.790
-443851.420,-1172411.080,373.790
-443850.690,-1172413.570,374.185
-443850.790,-1172413.290,373.980
-443850.910,-1172413.010,373.800
-443851.030,-1172412.700,373.790
-443851.150,-1172412.380,373.790
-443851.270,-1172412.080,373.790
-443851.390,-1172411.770,373.780
-443850.790,-1172411.730,373.810
-443850.920,-1172411.420,373.800
-443851.030,-1172411.130,373.800
-443851.150,-1172410.820,373.790
-443851.260,-1172410.540,373.790
-443851.390,-1172410.230,373.770
-443851.500,-1172409.940,373.780
-443850.670,-1172411.010,374.115
-443850.790,-1172410.700,373.810
-443850.900,-1172410.430,373.800
-443851.020,-1172410.130,373.790
-443851.130,-1172409.840,373.790
-443851.250,-1172409.540,373.790
-443851.370,-1172409.250,373.790
-443850.590,-1172409.870,374.140
-443850.710,-1172409.560,374.175
-443850.820,-1172409.280,374.360
-443851.950,-1172430.880,373.830
-443851.680,-1172431.100,373.830
-443851.460,-1172431.290,373.840
-443851.890,-1172431.350,373.830
-443852.010,-1172431.630,373.835
-443851.920,-1172428.440,373.810
-443851.690,-1172428.630,373.810
-443851.450,-1172428.840,373.810
-443851.230,-1172429.020,373.820
-443851.920,-1172429.000,373.810
-443851.690,-1172429.200,373.810
-443851.430,-1172429.420,373.820
-443851.180,-1172429.630,373.830
-443851.960,-1172429.490,373.820
-443851.730,-1172429.690,373.820
-443851.510,-1172429.880,373.820
-443851.910,-1172429.940,373.820
-443851.680,-1172430.130,373.820
-443851.440,-1172430.330,373.830
-443852.050,-1172430.370,373.830
-443851.820,-1172430.570,373.830
-443851.590,-1172430.760,373.830
-443851.890,-1172426.320,373.790
-443851.400,-1172426.740,373.800
-443851.170,-1172426.930,373.810
-443851.800,-1172426.910,373.790
-443851.570,-1172427.100,373.790
-443851.310,-1172427.320,373.800
-443851.800,-1172427.420,373.790
-443851.540,-1172427.640,373.800
-443851.310,-1172427.830,373.810
-443851.850,-1172427.860,373.800
-443851.590,-1172428.070,373.800
-443851.360,-1172428.270,373.810
-443851.720,-1172425.640,373.790
-443851.480,-1172425.850,373.790
-443851.240,-1172426.050,373.800
-443851.700,-1172425.990,373.780
-443851.450,-1172426.200,373.800
-443851.570,-1172424.260,373.800
-443851.330,-1172424.460,373.810
-443851.830,-1172424.630,373.795
-443851.600,-1172424.820,373.800
-443851.360,-1172425.030,373.800
-443851.810,-1172425.170,373.790
-443851.550,-1172425.390,373.800
-443851.300,-1172425.590,373.800
-443851.760,-1172423.170,373.810
-443851.510,-1172423.390,373.810
-443851.280,-1172423.580,373.820
-443851.040,-1172423.780,373.820
-443851.730,-1172423.630,373.810
-443851.510,-1172423.820,373.810
-443851.260,-1172424.020,373.820
-443851.020,-1172424.230,373.820
-443851.810,-1172424.050,373.800
-443851.840,-1172422.640,373.810
-443851.590,-1172422.850,373.810
-443851.350,-1172423.050,373.810
-443851.120,-1172423.250,373.820
-443851.530,-1172421.630,373.810
-443851.270,-1172421.850,373.810
-443851.020,-1172422.060,373.820
-443851.610,-1172421.990,373.810
-443851.370,-1172422.190,373.810
-443851.130,-1172422.400,373.820
-443851.580,-1172422.420,373.810
-443851.340,-1172422.630,373.810
-443851.110,-1172422.820,373.820
-443851.710,-1172420.870,373.800
-443851.470,-1172421.070,373.800
-443851.220,-1172421.290,373.810
-443850.970,-1172421.490,373.820
-443851.780,-1172421.420,373.800
-443851.600,-1172419.840,373.800
-443851.370,-1172420.040,373.800
-443851.110,-1172420.250,373.800
-443851.680,-1172420.290,373.800
-443851.440,-1172420.490,373.800
-443851.190,-1172420.700,373.800
-443850.940,-1172420.910,373.820
-443851.690,-1172419.230,373.790
-443851.430,-1172419.440,373.790
-443851.200,-1172419.650,373.800
-443850.960,-1172419.840,373.800
-443851.510,-1172418.250,373.790
-443851.290,-1172418.440,373.790
-443851.030,-1172418.660,373.790
-443851.600,-1172418.730,373.790
-443851.370,-1172418.930,373.790
-443851.130,-1172419.130,373.800
-443851.660,-1172417.670,373.800
-443851.420,-1172417.880,373.800
-443851.190,-1172418.070,373.790
-443850.930,-1172418.290,373.795
-443851.290,-1172416.970,373.800
-443851.040,-1172417.180,373.800
-443851.420,-1172417.410,373.800
-443851.170,-1172417.620,373.800
-443850.920,-1172417.830,373.800
-443851.370,-1172416.340,373.805
-443850.870,-1172416.760,373.810
-443851.510,-1172416.780,373.800
-443851.460,-1172415.290,373.800
-443851.230,-1172415.480,373.810
-443850.990,-1172415.680,373.820
-443850.760,-1172415.880,373.865
-443851.360,-1172415.870,373.800
-443851.110,-1172416.080,373.810
-443850.900,-1172416.260,373.820
-443851.540,-1172414.650,373.800
-443851.290,-1172414.870,373.805
-443851.050,-1172415.070,373.830
-443850.820,-1172415.260,374.145
-443851.460,-1172413.780,373.780
-443851.210,-1172413.990,373.810
-443850.960,-1172414.200,373.830
-443851.240,-1172414.380,373.810
-443850.990,-1172414.590,373.825
-443851.330,-1172413.480,373.785
-443851.080,-1172413.690,373.815
-443850.840,-1172413.890,374.180
-443851.440,-1172412.400,373.770
-443851.190,-1172412.600,373.785
-443850.930,-1172412.820,373.790
-443851.420,-1172412.930,373.770
-443851.190,-1172413.120,373.785
-443850.930,-1172413.340,373.810
-443851.190,-1172412.200,373.790
-443850.940,-1172412.410,373.800
-443851.320,-1172411.640,373.790
-443851.090,-1172411.830,373.790
-443850.850,-1172412.030,373.810
-443851.340,-1172410.620,373.790
-443851.090,-1172410.830,373.790
-443850.840,-1172411.040,373.805
-443851.190,-1172411.230,373.800
-443850.970,-1172411.420,373.800
-443851.320,-1172409.910,373.790
-443851.070,-1172410.120,373.790
-443850.840,-1172410.320,373.805
-443851.230,-1172410.370,373.790
-443850.980,-1172410.580,373.800
-443850.910,-1172409.160,373.830
-443850.660,-1172409.370,374.170
-443851.280,-1172409.410,373.790
-443851.020,-1172409.630,373.800
-443850.770,-1172409.840,374.110
-443852.170,-1172429.900,373.830
-443852.040,-1172430.240,373.830
-443851.920,-1172430.600,373.830
-443851.790,-1172430.960,373.830
-443852.210,-1172430.610,373.830
-443852.090,-1172430.950,373.830
-443851.970,-1172431.280,373.830
-443852.110,-1172427.490,373.800
-443851.980,-1172427.840,373.800
-443851.850,-1172428.210,373.810
-443851.720,-1172428.550,373.810
-443851.610,-1172428.880,373.810
-443851.480,-1172429.230,373.820
-443851.360,-1172429.550,373.820
-443852.210,-1172428.340,373.810
-443852.080,-1172428.680,373.810
-443851.960,-1172429.030,373.810
-443851.830,-1172429.390,373.820
-443851.710,-1172429.720,373.820
-443851.580,-1172430.080,373.820
-443851.460,-1172430.410,373.830
-443851.330,-1172430.760,373.835
-443851.960,-1172425.230,373.790
-443851.820,-1172425.600,373.780
-443851.690,-1172425.960,373.790
-443851.560,-1172426.320,373.800
-443851.440,-1172426.670,373.800
-443851.300,-1172427.040,373.800
-443851.180,-1172427.370,373.810
-443852.000,-1172426.240,373.780
-443851.880,-1172426.580,373.790
-443851.770,-1172426.910,373.790
-443851.630,-1172427.280,373.790
-443851.510,-1172427.620,373.800
-443851.380,-1172427.970,373.800
-443851.250,-1172428.340,373.810
-443851.920,-1172423.660,373.800
-443851.790,-1172424.020,373.800
-443851.660,-1172424.380,373.800
-443851.540,-1172424.710,373.800
-443851.420,-1172425.060,373.800
-443851.290,-1172425.410,373.800
-443852.080,-1172424.880,373.780
-443851.870,-1172421.040,373.800
-443851.740,-1172421.400,373.800
-443851.610,-1172421.750,373.810
-443851.480,-1172422.110,373.810
-443851.360,-1172422.440,373.810
-443851.240,-1172422.790,373.820
-443851.100,-1172423.160,373.820
-443851.850,-1172422.520,373.810
-443851.720,-1172422.890,373.810
-443851.590,-1172423.230,373.810
-443851.470,-1172423.580,373.815
-443851.340,-1172423.930,373.810
-443851.220,-1172424.260,373.820
-443851.860,-1172420.080,373.800
-443851.740,-1172420.420,373.800
-443851.610,-1172420.770,373.800
-443851.490,-1172421.110,373.800
-443851.350,-1172421.490,373.805
-443851.230,-1172421.830,373.810
-443851.100,-1172422.190,373.820
-443851.770,-1172417.370,373.800
-443851.640,-1172417.730,373.800
-443851.510,-1172418.090,373.795
-443851.390,-1172418.420,373.795
-443851.250,-1172418.810,373.790
-443851.130,-1172419.140,373.800
-443850.890,-1172419.810,373.805
-443851.770,-1172418.700,373.790
-443851.650,-1172419.030,373.790
-443851.530,-1172419.380,373.790
-443851.390,-1172419.750,373.800
-443851.270,-1172420.080,373.800
-443851.150,-1172420.420,373.800
-443851.020,-1172420.780,373.810
-443850.900,-1172421.100,373.820
-443851.610,-1172416.310,373.800
-443851.490,-1172416.640,373.800
-443851.370,-1172416.980,373.800
-443851.240,-1172417.330,373.800
-443851.110,-1172417.690,373.800
-443850.990,-1172418.040,373.800
-443850.860,-1172418.390,373.800
-443851.650,-1172415.080,373.800
-443851.520,-1172415.440,373.800
-443851.390,-1172415.790,373.800
-443851.270,-1172416.120,373.810
-443851.140,-1172416.480,373.810
-443851.020,-1172416.820,373.810
-443850.880,-1172417.210,373.810
-443851.640,-1172413.390,373.765
-443851.520,-1172413.730,373.780
-443851.410,-1172414.040,373.790
-443851.290,-1172414.360,373.800
-443851.160,-1172414.720,373.810
-443851.040,-1172415.060,373.830
-443850.910,-1172415.420,373.860
-443850.790,-1172415.740,373.890
-443851.470,-1172412.650,373.770
-443851.350,-1172413.000,373.780
-443851.210,-1172413.370,373.790
-443851.090,-1172413.700,373.815
-443850.970,-1172414.040,373.830
-443851.430,-1172411.540,373.780
-443851.300,-1172411.890,373.790
-443851.180,-1172412.230,373.790
-443851.040,-1172412.600,373.790
-443850.930,-1172412.920,373.800
-443850.800,-1172413.250,374.100
-443850.670,-1172411.430,374.110
-443851.600,-1172410.230,373.770
-443851.470,-1172410.590,373.770
-443851.340,-1172410.930,373.790
-443851.220,-1172411.290,373.795
-443851.090,-1172411.620,373.800
-443850.970,-1172411.960,373.790
-443850.840,-1172412.330,373.820
-443851.020,-1172409.320,373.810
-443850.900,-1172409.650,373.820
-443850.760,-1172410.010,373.820
-443850.640,-1172410.350,374.110
-443851.410,-1172409.390,373.790
-443851.290,-1172409.720,373.790
-443851.160,-1172410.070,373.790
-443851.040,-1172410.400,373.790
-443850.920,-1172410.750,373.800
-443850.790,-1172411.110,373.810
-443851.920,-1172431.520,373.835
-443852.160,-1172431.310,373.830
-443851.980,-1172431.720,373.840
-443851.230,-1172430.660,373.840
-443851.450,-1172430.460,373.830
-443851.730,-1172430.220,373.830
-443852.010,-1172429.970,373.820
-443851.430,-1172431.020,373.840
-443851.690,-1172430.800,373.830
-443851.970,-1172430.550,373.830
-443851.510,-1172431.340,373.840
-443851.780,-1172431.110,373.830
-443852.070,-1172430.860,373.830
-443851.270,-1172429.340,373.830
-443851.540,-1172429.090,373.820
-443851.810,-1172428.860,373.810
-443852.080,-1172428.620,373.810
-443851.250,-1172429.760,373.830
-443851.500,-1172429.540,373.820
-443851.780,-1172429.300,373.815
-443852.060,-1172429.060,373.810
-443851.290,-1172430.330,373.830
-443851.570,-1172430.090,373.830
-443851.860,-1172429.830,373.820
-443852.140,-1172429.580,373.820
-443851.270,-1172427.940,373.810
-443851.580,-1172427.680,373.800
-443851.860,-1172427.420,373.790
-443851.250,-1172428.550,373.810
-443851.520,-1172428.310,373.810
-443851.790,-1172428.070,373.800
-443852.060,-1172427.830,373.800
-443851.220,-1172428.870,373.820
-443851.510,-1172428.610,373.810
-443851.780,-1172428.370,373.810
-443851.240,-1172427.130,373.810
-443851.510,-1172426.890,373.800
-443851.770,-1172426.660,373.790
-443852.040,-1172426.420,373.780
-443851.130,-1172427.670,373.810
-443851.370,-1172427.450,373.800
-443851.660,-1172427.200,373.790
-443851.930,-1172426.960,373.790
-443851.210,-1172426.350,373.800
-443851.510,-1172426.080,373.790
-443851.780,-1172425.850,373.780
-443851.270,-1172426.860,373.800
-443851.550,-1172426.610,373.800
-443851.840,-1172426.350,373.790
-443851.380,-1172425.260,373.800
-443851.640,-1172425.030,373.790
-443851.900,-1172424.800,373.790
-443851.340,-1172425.840,373.800
-443851.600,-1172425.610,373.790
-443851.890,-1172425.350,373.790
-443851.060,-1172424.690,373.840
-443851.320,-1172424.460,373.810
-443851.620,-1172424.200,373.800
-443851.890,-1172423.970,373.800
-443851.510,-1172424.840,373.800
-443851.770,-1172424.600,373.800
-443851.030,-1172424.340,373.825
-443851.210,-1172424.180,373.820
-443851.500,-1172423.920,373.810
-443851.780,-1172423.680,373.810
-443851.100,-1172423.580,373.820
-443851.390,-1172423.330,373.810
-443851.680,-1172423.070,373.810
-443851.940,-1172422.840,373.810
-443851.090,-1172423.820,373.820
-443851.370,-1172423.580,373.820
-443851.670,-1172423.320,373.810
-443851.940,-1172423.080,373.810
-443851.020,-1172422.700,373.820
-443851.280,-1172422.480,373.810
-443851.550,-1172422.240,373.810
-443851.830,-1172421.990,373.810
-443851.050,-1172423.100,373.820
-443851.310,-1172422.860,373.815
-443851.600,-1172422.610,373.810
-443851.870,-1172422.370,373.810
-443851.030,-1172422.200,373.820
-443851.300,-1172421.950,373.810
-443851.590,-1172421.700,373.810
-443851.840,-1172421.480,373.800
-443851.450,-1172420.950,373.800
-443851.720,-1172420.710,373.800
-443851.100,-1172421.780,373.820
-443851.390,-1172421.530,373.805
-443851.670,-1172421.280,373.800
-443851.950,-1172421.040,373.800
-443850.980,-1172420.950,373.820
-443851.270,-1172420.690,373.800
-443851.560,-1172420.440,373.800
-443851.830,-1172420.210,373.800
-443850.920,-1172421.420,373.820
-443851.150,-1172421.220,373.810
-443851.060,-1172420.450,373.800
-443851.330,-1172420.210,373.800
-443851.620,-1172419.950,373.800
-443850.990,-1172420.170,373.800
-443851.250,-1172419.940,373.800
-443851.530,-1172419.690,373.800
-443851.810,-1172419.440,373.800
-443851.130,-1172419.040,373.795
-443851.390,-1172418.810,373.790
-443851.660,-1172418.570,373.790
-443850.900,-1172419.710,373.800
-443851.140,-1172419.500,373.800
-443851.440,-1172419.240,373.790
-443851.690,-1172419.020,373.790
-443850.840,-1172418.770,373.795
-443851.070,-1172418.570,373.790
-443851.370,-1172418.310,373.790
-443851.610,-1172418.090,373.790
-443851.030,-1172418.270,373.800
-443851.300,-1172418.020,373.800
-443851.580,-1172417.780,373.800
-443851.170,-1172417.210,373.800
-443851.460,-1172416.950,373.800
-443850.860,-1172417.890,373.800
-443851.140,-1172417.650,373.800
-443851.400,-1172417.420,373.800
-443851.650,-1172417.200,373.800
-443850.780,-1172417.130,373.810
-443851.070,-1172416.870,373.810
-443851.320,-1172416.650,373.810
-443851.590,-1172416.410,373.810
-443850.820,-1172416.770,373.820
-443851.070,-1172416.540,373.810
-443851.350,-1172416.300,373.810
-443851.610,-1172416.070,373.800
-443850.930,-1172416.080,373.820
-443851.210,-1172415.840,373.810
-443851.470,-1172415.600,373.800
-443850.830,-1172415.220,374.150
-443851.120,-1172414.970,373.820
-443851.410,-1172414.710,373.800
-443850.710,-1172415.800,374.130
-443850.930,-1172415.600,373.830
-443851.240,-1172415.330,373.810
-443851.490,-1172415.100,373.800
-443851.000,-1172414.760,373.830
-443851.290,-1172414.510,373.805
-443851.570,-1172414.260,373.790
-443850.860,-1172414.400,373.830
-443851.140,-1172414.150,373.820
-443851.410,-1172413.920,373.790
-443850.700,-1172413.860,374.200
-443850.980,-1172413.610,373.820
-443851.240,-1172413.380,373.790
-443851.530,-1172413.120,373.770
-443850.750,-1172414.170,374.200
-443851.040,-1172413.920,373.820
-443851.310,-1172413.670,373.795
-443851.560,-1172413.460,373.780
-443850.820,-1172413.550,374.120
-443851.080,-1172413.320,373.790
-443851.370,-1172413.060,373.780
-443851.610,-1172412.850,373.765
-443850.670,-1172413.150,374.140
-443850.960,-1172412.900,373.790
-443851.220,-1172412.670,373.790
-443851.470,-1172412.450,373.770
-443850.800,-1172412.670,373.820
-443851.050,-1172412.450,373.790
-443851.340,-1172412.200,373.780
-443850.710,-1172411.900,374.060
-443850.970,-1172411.680,373.800
-443851.230,-1172411.440,373.790
-443851.480,-1172411.220,373.780
-443850.660,-1172412.270,374.135
-443850.920,-1172412.040,373.800
-443851.200,-1172411.790,373.790
-443850.710,-1172411.240,373.850
-443850.990,-1172411.000,373.800
-443851.290,-1172410.730,373.790
-443851.540,-1172410.510,373.770
-443850.590,-1172410.920,374.160
-443850.870,-1172410.670,373.810
-443851.120,-1172410.450,373.790
-443851.380,-1172410.220,373.775
-443850.730,-1172410.220,373.820
-443851.030,-1172409.960,373.790
-443851.300,-1172409.720,373.790
-443850.750,-1172409.180,374.180
-443850.590,-1172409.960,374.140
-443850.850,-1172409.730,374.100
-443851.120,-1172409.490,373.800
-443851.390,-1172409.250,373.790
-443852.250,-1172430.610,373.830
-443852.130,-1172430.930,373.830
-443851.990,-1172431.270,373.830
-443852.070,-1172431.470,373.830
-443851.180,-1172429.600,373.830
-443852.160,-1172428.810,373.810
-443852.040,-1172429.130,373.810
-443851.910,-1172429.460,373.820
-443851.790,-1172429.780,373.820
-443851.650,-1172430.130,373.830
-443851.530,-1172430.460,373.830
-443851.400,-1172430.780,373.830
-443852.130,-1172429.530,373.820
-443852.010,-1172429.850,373.820
-443851.870,-1172430.210,373.830
-443851.750,-1172430.530,373.830
-443851.620,-1172430.850,373.830
-443851.490,-1172431.190,373.830
-443852.140,-1172426.510,373.780
-443852.020,-1172426.840,373.790
-443851.890,-1172427.160,373.790
-443851.760,-1172427.500,373.800
-443851.630,-1172427.860,373.800
-443851.490,-1172428.200,373.800
-443851.360,-1172428.540,373.810
-443851.230,-1172428.880,373.820
-443851.960,-1172427.580,373.790
-443851.830,-1172427.910,373.800
-443851.710,-1172428.230,373.810
-443851.580,-1172428.580,373.810
-443851.450,-1172428.910,373.815
-443851.320,-1172429.250,373.820
-443851.990,-1172424.950,373.790
-443851.850,-1172425.290,373.790
-443851.720,-1172425.630,373.790
-443851.600,-1172425.950,373.790
-443851.480,-1172426.270,373.800
-443851.350,-1172426.610,373.800
-443851.230,-1172426.920,373.800
-443851.990,-1172425.450,373.780
-443851.860,-1172425.780,373.785
-443851.740,-1172426.100,373.785
-443851.610,-1172426.430,373.790
-443851.480,-1172426.760,373.800
-443851.350,-1172427.100,373.800
-443851.220,-1172427.440,373.810
-443851.090,-1172427.790,373.810
-443851.910,-1172423.090,373.810
-443851.780,-1172423.440,373.810
-443851.660,-1172423.750,373.810
-443851.520,-1172424.110,373.805
-443851.380,-1172424.470,373.805
-443851.260,-1172424.800,373.800
-443851.130,-1172425.130,373.810
-443851.820,-1172423.800,373.800
-443851.700,-1172424.100,373.800
-443851.570,-1172424.460,373.800
-443851.440,-1172424.800,373.800
-443851.310,-1172425.110,373.800
-443851.180,-1172425.460,373.805
-443851.840,-1172421.480,373.800
-443851.710,-1172421.810,373.810
-443851.590,-1172422.140,373.810
-443851.460,-1172422.480,373.810
-443851.330,-1172422.800,373.810
-443851.200,-1172423.140,373.820
-443851.070,-1172423.490,373.825
-443851.700,-1172419.070,373.790
-443851.580,-1172419.390,373.790
-443851.450,-1172419.730,373.800
-443851.310,-1172420.090,373.800
-443851.190,-1172420.410,373.800
-443851.060,-1172420.740,373.810
-443850.920,-1172421.110,373.820
-443851.890,-1172420.500,373.800
-443851.760,-1172420.830,373.800
-443851.630,-1172421.160,373.800
-443851.500,-1172421.510,373.800
-443851.370,-1172421.840,373.810
-443851.250,-1172422.150,373.810
-443851.130,-1172422.480,373.820
-443851.800,-1172418.280,373.790
-443851.670,-1172418.630,373.790
-443851.540,-1172418.970,373.790
-443851.410,-1172419.310,373.790
-443851.270,-1172419.660,373.800
-443851.140,-1172420.000,373.800
-443851.010,-1172420.330,373.800
-443851.630,-1172417.260,373.800
-443851.510,-1172417.580,373.800
-443851.380,-1172417.910,373.800
-443851.250,-1172418.240,373.790
-443851.130,-1172418.560,373.790
-443850.980,-1172418.940,373.790
-443851.780,-1172416.250,373.800
-443851.650,-1172416.570,373.800
-443851.520,-1172416.900,373.800
-443851.400,-1172417.240,373.800
-443851.260,-1172417.580,373.800
-443851.140,-1172417.910,373.800
-443851.020,-1172418.220,373.795
-443851.670,-1172413.770,373.770
-443851.540,-1172414.120,373.780
-443851.410,-1172414.450,373.800
-443851.280,-1172414.790,373.810
-443851.150,-1172415.120,373.820
-443851.020,-1172415.480,373.825
-443850.900,-1172415.800,373.820
-443851.540,-1172414.880,373.800
-443851.410,-1172415.220,373.800
-443851.270,-1172415.570,373.810
-443851.150,-1172415.910,373.810
-443851.020,-1172416.220,373.810
-443850.890,-1172416.570,373.810
-443850.750,-1172416.950,373.810
-443851.510,-1172412.450,373.770
-443851.370,-1172412.810,373.770
-443851.250,-1172413.130,373.780
-443851.120,-1172413.460,373.800
-443850.990,-1172413.800,373.830
-443850.870,-1172414.120,374.170
-443851.570,-1172411.630,373.770
-443851.320,-1172412.280,373.780
-443851.180,-1172412.640,373.790
-443851.060,-1172412.960,373.785
-443850.940,-1172413.260,373.800
-443850.820,-1172413.590,374.170
-443851.500,-1172410.220,373.770
-443851.370,-1172410.540,373.790
-443851.240,-1172410.880,373.790
-443851.120,-1172411.210,373.800
-443850.980,-1172411.550,373.800
-443850.860,-1172411.890,373.810
-443850.720,-1172412.240,374.080
-443851.510,-1172409.820,373.790
-443851.380,-1172410.170,373.770
-443851.240,-1172410.540,373.790
-443851.110,-1172410.880,373.790
-443850.990,-1172411.200,373.800
-443850.850,-1172411.550,373.810
-443851.180,-1172409.340,373.800
-443851.060,-1172409.660,373.800
-443850.930,-1172410.010,373.800
-443850.790,-1172410.360,373.810
-443850.670,-1172410.690,374.105
-443850.980,-1172409.260,373.825
-443850.850,-1172409.580,374.170
-443852.020,-1172431.270,373.830
-443851.980,-1172431.700,373.835
-443851.480,-1172430.410,373.830
-443851.760,-1172430.180,373.830
-443852.030,-1172429.960,373.820
-443851.480,-1172430.800,373.830
-443851.760,-1172430.560,373.830
-443852.040,-1172430.330,373.830
-443851.560,-1172431.110,373.830
-443851.840,-1172430.880,373.830
-443852.100,-1172430.660,373.830
-443851.530,-1172431.380,373.840
-443851.810,-1172431.150,373.830
-443852.050,-1172430.940,373.830
-443851.560,-1172429.420,373.820
-443851.840,-1172429.180,373.810
-443852.110,-1172428.960,373.810
-443851.570,-1172429.800,373.820
-443851.820,-1172429.580,373.820
-443852.100,-1172429.350,373.820
-443851.580,-1172430.050,373.820
-443851.870,-1172429.810,373.820
-443851.540,-1172428.630,373.810
-443851.830,-1172428.380,373.810
-443851.600,-1172428.800,373.810
-443851.860,-1172428.580,373.810
-443852.150,-1172428.340,373.810
-443851.520,-1172429.140,373.820
-443851.790,-1172428.910,373.810
-443851.460,-1172427.620,373.800
-443851.730,-1172427.400,373.790
-443852.020,-1172427.150,373.790
-443851.640,-1172427.800,373.800
-443851.920,-1172427.570,373.790
-443851.540,-1172428.260,373.800
-443851.820,-1172428.020,373.800
-443852.080,-1172427.810,373.800
-443851.340,-1172426.940,373.800
-443851.620,-1172426.710,373.790
-443851.900,-1172426.470,373.790
-443851.440,-1172427.320,373.800
-443851.700,-1172427.110,373.790
-443851.970,-1172426.880,373.790
-443851.510,-1172425.950,373.790
-443851.810,-1172425.700,373.780
-443851.350,-1172426.490,373.800
-443851.620,-1172426.260,373.790
-443851.860,-1172426.060,373.780
-443851.570,-1172424.990,373.800
-443851.820,-1172424.780,373.790
-443851.430,-1172425.650,373.800
-443851.700,-1172425.420,373.790
-443851.450,-1172424.160,373.805
-443851.700,-1172423.960,373.800
-443851.480,-1172424.590,373.800
-443851.770,-1172424.340,373.800
-443851.300,-1172423.370,373.820
-443851.560,-1172423.140,373.810
-443851.810,-1172422.930,373.810
-443851.350,-1172423.830,373.810
-443851.630,-1172423.600,373.810
-443851.190,-1172423.030,373.820
-443851.460,-1172422.800,373.810
-443851.740,-1172422.560,373.810
-443851.240,-1172422.250,373.810
-443851.500,-1172422.030,373.810
-443851.780,-1172421.800,373.810
-443851.270,-1172422.550,373.810
-443851.560,-1172422.300,373.810
-443851.830,-1172422.070,373.810
-443851.420,-1172421.660,373.810
-443851.680,-1172421.440,373.800
-443851.290,-1172421.130,373.810
-443851.560,-1172420.910,373.800
-443851.180,-1172421.510,373.810
-443851.440,-1172421.290,373.805
-443851.720,-1172421.060,373.800
-443851.350,-1172420.850,373.800
-443851.630,-1172420.620,373.800
-443851.120,-1172420.700,373.800
-443851.420,-1172420.440,373.800
-443851.670,-1172420.230,373.800
-443851.240,-1172420.030,373.800
-443851.520,-1172419.790,373.800
-443851.770,-1172419.580,373.790
-443851.240,-1172420.290,373.800
-443851.520,-1172420.060,373.800
-443851.210,-1172419.830,373.800
-443851.480,-1172419.600,373.800
-443851.740,-1172419.390,373.800
-443851.200,-1172419.020,373.790
-443851.480,-1172418.790,373.790
-443851.160,-1172419.450,373.800
-443851.430,-1172419.230,373.790
-443851.700,-1172419.000,373.790
-443851.270,-1172418.550,373.790
-443851.530,-1172418.330,373.790
-443851.670,-1172417.830,373.800
-443851.230,-1172417.680,373.800
-443851.510,-1172417.450,373.800
-443851.220,-1172417.000,373.800
-443851.470,-1172416.790,373.800
-443850.970,-1172417.520,373.800
-443851.220,-1172417.310,373.800
-443851.520,-1172417.060,373.800
-443851.100,-1172416.820,373.810
-443851.390,-1172416.580,373.810
-443851.670,-1172416.350,373.800
-443851.150,-1172416.400,373.810
-443851.410,-1172416.180,373.800
-443850.980,-1172415.830,373.820
-443851.240,-1172415.610,373.810
-443851.540,-1172415.360,373.800
-443851.100,-1172416.070,373.810
-443851.380,-1172415.840,373.800
-443850.930,-1172415.550,373.830
-443851.210,-1172415.310,373.810
-443851.480,-1172415.090,373.800
-443851.190,-1172414.930,373.820
-443851.470,-1172414.690,373.800
-443851.060,-1172414.670,373.820
-443851.360,-1172414.420,373.800
-443851.340,-1172413.900,373.800
-443851.320,-1172414.170,373.800
-443851.600,-1172413.940,373.780
-443851.230,-1172413.560,373.790
-443851.510,-1172413.330,373.770
-443851.180,-1172413.160,373.780
-443851.450,-1172412.930,373.770
-443851.320,-1172412.620,373.780
-443851.240,-1172411.810,373.790
-443851.520,-1172411.580,373.770
-443851.210,-1172412.320,373.790
-443851.500,-1172412.080,373.770
-443851.270,-1172411.430,373.790
-443851.100,-1172411.250,373.800
-443851.380,-1172411.020,373.790
-443851.160,-1172410.930,373.790
-443851.440,-1172410.700,373.780
-443851.020,-1172410.220,373.790
-443851.280,-1172410.000,373.790
-443851.110,-1172410.550,373.790
-443851.360,-1172410.330,373.790
-443851.350,-1172409.580,373.790
-443851.240,-1172409.350,373.790
