-443816.290,-1172314.650,354.270
-443815.600,-1172315.560,353.670
-443815.710,-1172315.250,353.790
-443815.830,-1172314.970,354.025
-443815.940,-1172314.670,354.240
-443814.850,-1172316.280,353.450
-443814.970,-1172315.970,353.560
-443815.090,-1172315.670,353.660
-443815.200,-1172315.380,353.730
-443815.310,-1172315.090,353.965
-443815.010,-1172314.860,354.110
-443814.440,-1172316.310,353.460
-443814.550,-1172316.020,353.550
-443814.660,-1172315.740,353.640
-443814.770,-1172315.460,353.750
-443814.890,-1172315.150,353.960
-443814.220,-1172315.930,353.570
-443814.340,-1172315.640,353.710
-443814.450,-1172315.350,353.810
-443814.560,-1172315.060,354.025
-443814.680,-1172314.740,354.235
-443813.800,-1172316.160,353.530
-443813.910,-1172315.870,353.620
-443814.020,-1172315.590,353.710
-443814.140,-1172315.280,353.890
-443814.250,-1172314.980,354.110
-443813.280,-1172316.450,353.470
-443813.400,-1172316.130,353.530
-443813.520,-1172315.830,353.630
-443813.630,-1172315.540,353.760
-443813.750,-1172315.230,353.965
-443813.870,-1172314.930,354.150
-443814.090,-1172314.370,354.655
-443814.210,-1172314.050,354.885
-443812.980,-1172316.250,353.510
-443813.090,-1172315.960,353.590
-443813.200,-1172315.680,353.690
-443813.320,-1172315.370,353.845
-443813.440,-1172315.070,354.075
-443813.550,-1172314.790,354.290
-443813.670,-1172314.490,354.570
-443813.790,-1172314.180,354.750
-443813.900,-1172313.870,355.010
-443812.600,-1172316.300,353.530
-443812.720,-1172316.010,353.630
-443812.830,-1172315.710,353.720
-443812.950,-1172315.410,353.890
-443813.070,-1172315.090,354.150
-443813.180,-1172314.810,354.380
-443813.300,-1172314.520,354.580
-443813.400,-1172314.240,354.780
-443813.530,-1172313.910,355.010
-443813.640,-1172313.630,355.230
-443813.740,-1172313.370,355.450
-443812.130,-1172316.470,353.470
-443812.240,-1172316.180,353.590
-443812.360,-1172315.870,353.690
-443812.470,-1172315.590,353.830
-443812.590,-1172315.280,354.040
-443812.700,-1172315.000,354.260
-443812.810,-1172314.710,354.440
-443812.920,-1172314.430,354.615
-443813.040,-1172314.140,354.835
-443813.150,-1172313.830,355.055
-443813.260,-1172313.550,355.280
-443811.640,-1172316.410,353.530
-443811.740,-1172316.130,353.640
-443811.750,-1172316.130,353.640
-443811.850,-1172315.850,353.770
-443811.970,-1172315.560,353.940
-443812.090,-1172315.260,354.110
-443812.200,-1172314.960,354.390
-443812.310,-1172314.690,354.515
-443811.680,-1172315.010,354.415
-443815.880,-1172315.330,353.760
-443815.650,-1172315.520,353.710
-443814.910,-1172316.150,353.520
-443816.170,-1172314.690,354.240
-443815.930,-1172314.890,354.075
-443815.670,-1172315.110,353.980
-443815.420,-1172315.320,353.730
-443815.170,-1172315.530,353.720
-443814.930,-1172315.740,353.655
-443814.690,-1172315.950,353.580
-443814.450,-1172316.140,353.515
-443815.340,-1172314.890,354.120
-443815.090,-1172315.100,353.985
-443814.840,-1172315.310,353.810
-443814.610,-1172315.500,353.765
-443814.360,-1172315.720,353.680
-443814.110,-1172315.930,353.580
-443813.860,-1172316.150,353.520
-443813.630,-1172316.340,353.490
-443815.060,-1172314.770,354.140
-443814.810,-1172314.970,354.060
-443814.570,-1172315.180,353.980
-443814.320,-1172315.390,353.780
-443814.100,-1172315.580,353.700
-443813.840,-1172315.800,353.660
-443813.600,-1172316.000,353.570
-443813.370,-1172316.200,353.530
-443814.650,-1172314.640,354.350
-443814.180,-1172315.040,354.095
-443813.950,-1172315.230,353.960
-443813.700,-1172315.450,353.810
-443813.460,-1172315.650,353.700
-443813.230,-1172315.840,353.630
-443812.980,-1172316.060,353.570
-443812.750,-1172316.250,353.530
-443812.490,-1172316.470,353.465
-443813.850,-1172314.860,354.220
-443813.620,-1172315.050,354.080
-443813.360,-1172315.280,353.920
-443813.120,-1172315.480,353.810
-443812.880,-1172315.680,353.765
-443812.650,-1172315.880,353.660
-443812.390,-1172316.100,353.630
-443812.150,-1172316.300,353.550
-443811.900,-1172316.510,353.455
-443814.320,-1172313.950,354.980
-443813.830,-1172314.370,354.660
-443813.590,-1172314.570,354.530
-443813.350,-1172314.770,354.340
-443813.110,-1172314.970,354.220
-443812.840,-1172315.200,354.040
-443812.610,-1172315.400,353.950
-443812.360,-1172315.610,353.830
-443812.110,-1172315.820,353.740
-443811.880,-1172316.020,353.705
-443811.640,-1172316.220,353.590
-443814.000,-1172313.920,354.990
-443813.770,-1172314.110,354.825
-443813.520,-1172314.330,354.665
-443813.260,-1172314.550,354.570
-443813.040,-1172314.730,354.440
-443812.800,-1172314.930,354.265
-443812.560,-1172315.140,354.110
-443812.300,-1172315.360,354.020
-443812.060,-1172315.560,353.925
-443811.840,-1172315.750,353.790
-443813.700,-1172313.730,355.105
-443813.470,-1172313.920,355.010
-443813.220,-1172314.140,354.835
-443812.980,-1172314.340,354.725
-443812.490,-1172314.760,354.440
-443812.240,-1172314.970,354.350
-443811.980,-1172315.190,354.200
-443811.750,-1172315.390,354.080
-443813.450,-1172313.480,355.305
-443813.190,-1172313.700,355.160
-443812.960,-1172313.900,355.010
-443811.990,-1172314.720,354.520
-443811.760,-1172314.910,354.440
-443813.690,-1172313.280,355.470
-443815.820,-1172315.160,353.885
-443815.600,-1172315.690,353.630
-443815.300,-1172315.090,353.970
-443814.940,-1172315.990,353.550
-443814.880,-1172314.980,354.030
-443814.680,-1172315.460,353.770
-443814.510,-1172315.890,353.595
-443814.340,-1172316.310,353.465
-443814.260,-1172315.200,353.970
-443814.070,-1172315.680,353.670
-443813.900,-1172316.090,353.540
-443814.180,-1172314.080,354.860
-443814.000,-1172314.510,354.560
-443813.800,-1172315.020,354.075
-443813.610,-1172315.480,353.810
-443813.430,-1172315.930,353.610
-443813.250,-1172316.370,353.480
-443813.660,-1172313.950,354.955
-443813.460,-1172314.440,354.620
-443813.280,-1172314.900,354.270
-443813.080,-1172315.380,353.880
-443812.900,-1172315.840,353.640
-443812.740,-1172316.230,353.540
-443813.270,-1172313.880,355.010
-443813.110,-1172314.280,354.740
-443812.920,-1172314.760,354.410
-443812.730,-1172315.230,354.040
-443812.520,-1172315.750,353.720
-443812.370,-1172316.120,353.615
-443812.810,-1172313.900,355.020
-443812.450,-1172314.790,354.440
-443812.250,-1172315.280,354.070
-443812.100,-1172315.650,353.825
-443811.940,-1172316.050,353.640
-443812.010,-1172314.710,354.580
-443811.840,-1172315.120,354.290
-443811.690,-1172315.500,354.025
-443811.680,-1172315.520,354.015
-443813.480,-1172313.370,355.420
-443814.820,-1172316.180,353.510
-443815.140,-1172315.890,353.575
-443814.430,-1172316.100,353.540
-443814.740,-1172315.820,353.630
-443815.440,-1172315.180,353.865
-443815.710,-1172314.940,354.060
-443813.760,-1172316.250,353.500
-443814.070,-1172315.970,353.560
-443814.390,-1172315.680,353.700
-443814.700,-1172315.400,353.780
-443815.080,-1172315.060,354.020
-443813.380,-1172316.230,353.520
-443813.700,-1172315.950,353.580
-443814.020,-1172315.650,353.680
-443814.330,-1172315.370,353.780
-443814.680,-1172315.050,354.030
-443812.600,-1172316.520,353.450
-443812.900,-1172316.240,353.520
-443813.230,-1172315.940,353.600
-443813.560,-1172315.650,353.710
-443813.890,-1172315.350,353.830
-443814.210,-1172315.050,354.055
-443814.530,-1172314.760,354.190
-443811.990,-1172316.550,353.420
-443812.290,-1172316.280,353.555
-443812.610,-1172315.990,353.630
-443812.940,-1172315.690,353.690
-443813.260,-1172315.400,353.830
-443813.590,-1172315.100,354.045
-443813.910,-1172314.810,354.280
-443811.500,-1172316.380,353.555
-443811.850,-1172316.060,353.670
-443812.100,-1172315.840,353.720
-443812.430,-1172315.530,353.870
-443812.750,-1172315.250,354.040
-443813.060,-1172314.960,354.245
-443813.410,-1172314.650,354.440
-443813.730,-1172314.360,354.660
-443814.050,-1172314.060,354.870
-443811.710,-1172315.700,353.860
-443811.970,-1172315.470,354.030
-443812.300,-1172315.170,354.140
-443812.620,-1172314.880,354.350
-443812.910,-1172314.620,354.470
-443813.250,-1172314.310,354.730
-443813.560,-1172314.030,354.900
-443813.890,-1172313.730,355.090
-443811.770,-1172315.100,354.290
-443812.030,-1172314.860,354.440
-443813.010,-1172313.980,354.980
-443813.330,-1172313.680,355.205
-443813.660,-1172313.380,355.430
-443816.110,-1172314.560,354.395
-443816.010,-1172314.840,354.090
-443815.900,-1172315.120,353.910
-443815.800,-1172315.400,353.720
-443815.700,-1172315.660,353.640
-443815.680,-1172314.970,354.055
-443815.570,-1172315.270,353.775
-443815.470,-1172315.520,353.690
-443815.250,-1172314.830,354.140
-443815.120,-1172315.160,353.940
-443815.030,-1172315.420,353.770
-443814.920,-1172315.700,353.660
-443814.810,-1172315.990,353.565
-443814.690,-1172316.300,353.460
-443814.880,-1172314.910,354.085
-443814.770,-1172315.200,353.890
-443814.670,-1172315.460,353.765
-443814.570,-1172315.730,353.670
-443814.460,-1172316.020,353.555
-443814.350,-1172316.300,353.465
-443813.740,-1172316.270,353.500
-443814.190,-1172315.090,354.030
-443814.080,-1172315.370,353.820
-443813.960,-1172315.680,353.680
-443813.860,-1172315.950,353.580
-443814.300,-1172313.960,354.940
-443814.190,-1172314.250,354.730
-443814.090,-1172314.520,354.545
-443813.990,-1172314.760,354.310
-443813.890,-1172315.040,354.100
-443813.780,-1172315.330,353.840
-443813.670,-1172315.610,353.700
-443813.570,-1172315.880,353.600
-443813.460,-1172316.170,353.510
-443813.840,-1172313.730,355.105
-443813.730,-1172314.030,354.880
-443813.620,-1172314.310,354.670
-443813.530,-1172314.560,354.570
-443813.420,-1172314.840,354.290
-443813.330,-1172315.100,354.050
-443813.220,-1172315.360,353.890
-443813.120,-1172315.630,353.750
-443813.010,-1172315.920,353.630
-443812.900,-1172316.220,353.530
-443811.600,-1172314.880,354.460
-443812.150,-1172314.790,354.450
-443812.040,-1172315.070,354.290
-443811.810,-1172315.700,353.840
-443811.710,-1172315.960,353.720
-443811.610,-1172316.210,353.630
-443811.500,-1172316.510,353.440
-443812.770,-1172313.910,355.030
-443812.460,-1172314.740,354.445
-443812.350,-1172315.030,354.260
-443812.240,-1172315.310,354.070
-443812.140,-1172315.570,353.870
-443812.030,-1172315.880,353.720
-443811.940,-1172316.120,353.610
-443811.820,-1172316.440,353.480
-443813.640,-1172313.330,355.455
-443813.540,-1172313.610,355.250
-443813.430,-1172313.900,355.010
-443813.330,-1172314.150,354.840
-443813.220,-1172314.450,354.620
-443813.130,-1172314.690,354.440
-443813.010,-1172314.990,354.210
-443812.910,-1172315.250,354.035
-443812.810,-1172315.530,353.830
-443812.710,-1172315.800,353.685
-443812.600,-1172316.080,353.600
-443812.490,-1172316.380,353.490
-443814.860,-1172316.140,353.540
-443815.100,-1172315.940,353.560
-443815.590,-1172315.530,353.690
-443815.820,-1172315.350,353.740
-443814.310,-1172316.190,353.505
-443814.560,-1172315.980,353.550
-443814.800,-1172315.780,353.630
-443815.060,-1172315.570,353.725
-443815.290,-1172315.380,353.730
-443815.530,-1172315.180,353.880
-443815.780,-1172314.970,354.045
-443816.050,-1172314.750,354.120
-443816.260,-1172314.580,354.310
-443813.580,-1172316.260,353.510
-443813.810,-1172316.070,353.540
-443814.060,-1172315.860,353.595
-443814.310,-1172315.660,353.700
-443814.560,-1172315.450,353.760
-443814.810,-1172315.240,353.855
-443815.040,-1172315.050,354.015
-443812.890,-1172316.340,353.500
-443813.120,-1172316.150,353.540
-443813.380,-1172315.930,353.610
-443813.640,-1172315.720,353.675
-443813.900,-1172315.500,353.770
-443814.150,-1172315.290,353.890
-443814.400,-1172315.080,354.030
-443814.650,-1172314.880,354.110
-443812.060,-1172316.500,353.450
-443812.300,-1172316.300,353.550
-443812.550,-1172316.100,353.600
-443812.800,-1172315.890,353.660
-443813.070,-1172315.670,353.695
-443813.310,-1172315.470,353.815
-443813.540,-1172315.280,353.905
-443813.790,-1172315.070,354.035
-443814.040,-1172314.860,354.200
-443811.620,-1172316.380,353.550
-443811.870,-1172316.170,353.630
-443812.100,-1172315.980,353.650
-443812.340,-1172315.780,353.750
-443812.610,-1172315.560,353.830
-443812.840,-1172315.370,353.910
-443813.060,-1172315.180,354.040
-443813.330,-1172314.970,354.150
-443813.560,-1172314.770,354.290
-443813.810,-1172314.570,354.510
-443814.060,-1172314.360,354.655
-443814.310,-1172314.150,354.790
-443812.070,-1172315.330,354.070
-443812.310,-1172315.130,354.170
-443812.550,-1172314.930,354.290
-443812.800,-1172314.720,354.425
-443813.030,-1172314.530,354.530
-443813.270,-1172314.330,354.720
-443813.530,-1172314.120,354.835
-443813.760,-1172313.920,354.985
-443813.990,-1172313.740,355.080
-443811.530,-1172315.770,353.830
-443811.780,-1172315.570,353.935
-443811.760,-1172314.980,354.435
-443812.050,-1172314.750,354.485
-443813.040,-1172313.930,355.010
-443813.270,-1172313.730,355.180
-443813.520,-1172313.530,355.300
-443813.750,-1172313.340,355.455
