-443706.770,-1172294.420,356.270
-443706.890,-1172294.110,355.985
-443706.520,-1172294.120,356.090
-443707.050,-1172294.770,356.630
-443707.500,-1172294.490,356.345
-443707.640,-1172294.160,355.960
-443708.480,-1172295.360,356.960
-443707.980,-1172295.350,357.070
-443708.100,-1172295.050,356.760
-443708.210,-1172294.780,356.465
-443706.930,-1172294.030,355.890
-443707.470,-1172294.630,356.470
-443708.660,-1172294.540,356.310
-443708.430,-1172294.730,356.375
-443708.180,-1172294.940,356.615
-443707.930,-1172295.150,356.860
-443707.920,-1172294.690,356.380
-443707.680,-1172294.890,356.610
-443708.830,-1172295.210,356.910
-443708.600,-1172295.400,357.060
-443708.470,-1172294.520,356.280
-443708.380,-1172294.740,356.410
-443708.150,-1172295.320,357.035
-443707.560,-1172294.600,356.355
-443707.880,-1172294.600,356.360
-443707.780,-1172294.850,356.575
-443708.240,-1172294.600,356.355
-443706.760,-1172294.010,355.975
-443706.650,-1172294.270,356.170
-443706.880,-1172294.480,356.290
-443706.610,-1172293.590,355.710
-443706.410,-1172294.090,356.175
-443706.750,-1172293.770,355.715
-443706.540,-1172293.440,355.650
-443708.720,-1172295.450,356.995
-443708.120,-1172295.400,357.070
-443708.040,-1172294.480,356.245
-443708.230,-1172294.820,356.490
-443708.430,-1172294.630,356.340
-443707.480,-1172294.450,356.310
-443707.700,-1172294.250,356.120
-443707.610,-1172294.880,356.630
-443707.830,-1172294.680,356.365
-443706.850,-1172294.500,356.300
-443706.350,-1172294.140,356.285
-443706.750,-1172294.240,356.060
-443706.950,-1172294.050,355.915
-443708.590,-1172295.360,356.995
-443707.950,-1172295.240,356.935
-443706.780,-1172293.680,355.650
-443706.510,-1172293.440,355.675
-443708.750,-1172295.280,356.930
-443707.960,-1172295.160,356.915
-443708.320,-1172294.850,356.575
-443708.660,-1172294.560,356.310
-443707.370,-1172294.440,356.260
-443707.730,-1172294.130,355.895
-443707.660,-1172294.910,356.690
-443708.020,-1172294.600,356.355
-443706.820,-1172294.440,356.280
-443707.150,-1172294.160,356.020
-443706.370,-1172294.040,356.190
