-443798.650,-1172378.260,348.310
-443798.760,-1172377.970,348.310
-443798.620,-1172379.110,348.300
-443798.750,-1172378.790,348.310
-443798.860,-1172378.500,348.310
-443798.970,-1172378.220,348.310
-443799.090,-1172377.920,348.320
-443798.760,-1172379.700,348.310
-443798.870,-1172379.400,348.310
-443798.990,-1172379.090,348.310
-443799.110,-1172378.790,348.310
-443799.230,-1172378.490,348.310
-443799.350,-1172378.190,348.310
-443799.470,-1172377.880,348.320
-443799.580,-1172377.580,348.330
-443798.750,-1172380.770,348.320
-443798.870,-1172380.460,348.320
-443798.990,-1172380.150,348.320
-443799.110,-1172379.850,348.310
-443799.220,-1172379.560,348.310
-443799.330,-1172379.280,348.310
-443799.450,-1172378.970,348.310
-443799.580,-1172378.640,348.310
-443799.690,-1172378.360,348.320
-443799.810,-1172378.050,348.330
-443799.940,-1172377.730,348.340
-443799.940,-1172378.970,348.320
-443800.170,-1172378.380,348.330
-443800.400,-1172377.780,348.340
-443798.980,-1172381.420,348.310
-443799.100,-1172381.110,348.310
-443799.210,-1172380.820,348.310
-443799.330,-1172380.520,348.315
-443799.450,-1172380.210,348.320
-443799.570,-1172379.900,348.310
-443799.700,-1172379.590,348.310
-443799.820,-1172379.280,348.310
-443801.390,-1172381.940,348.310
-443801.510,-1172381.630,348.310
-443801.630,-1172381.330,348.310
-443801.750,-1172381.030,348.310
-443801.860,-1172380.730,348.300
-443800.690,-1172382.660,348.320
-443800.820,-1172382.350,348.320
-443801.170,-1172381.450,348.320
-443801.290,-1172381.150,348.320
-443801.410,-1172380.840,348.310
-443801.530,-1172380.530,348.320
-443800.280,-1172382.720,348.320
-443800.400,-1172382.420,348.320
-443800.990,-1172380.910,348.320
-443801.110,-1172380.600,348.320
-443801.230,-1172380.290,348.320
-443801.350,-1172379.990,348.320
-443801.460,-1172379.700,348.330
-443800.050,-1172382.560,348.320
-443800.160,-1172382.270,348.320
-443800.750,-1172380.750,348.310
-443800.880,-1172380.430,348.310
-443801.000,-1172380.120,348.320
-443801.110,-1172379.840,348.330
-443801.240,-1172379.520,348.330
-443801.350,-1172379.230,348.340
-443799.840,-1172381.990,348.320
-443800.090,-1172381.370,348.310
-443800.330,-1172380.750,348.310
-443800.440,-1172380.460,348.310
-443800.560,-1172380.170,348.315
-443800.670,-1172379.870,348.320
-443800.790,-1172379.570,348.320
-443799.540,-1172381.840,348.310
-443799.770,-1172381.260,348.310
-443799.890,-1172380.960,348.310
-443800.010,-1172380.660,348.310
-443800.130,-1172380.360,348.310
-443800.240,-1172380.070,348.310
-443800.350,-1172379.780,348.310
-443800.470,-1172379.460,348.320
-443800.590,-1172379.180,348.320
-443799.640,-1172380.660,348.320
-443799.750,-1172380.380,348.310
-443799.880,-1172380.060,348.310
-443800.000,-1172379.750,348.310
-443800.120,-1172379.450,348.310
-443800.220,-1172379.180,348.320
-443800.350,-1172378.860,348.330
-443800.470,-1172378.540,348.330
-443800.590,-1172378.230,348.350
-443799.290,-1172381.560,348.310
-443799.400,-1172381.280,348.310
-443799.510,-1172380.990,348.310
-443799.540,-1172377.440,348.340
-443799.030,-1172377.870,348.310
-443798.790,-1172378.080,348.310
-443798.550,-1172378.280,348.310
-443799.910,-1172377.620,348.340
-443799.650,-1172377.850,348.325
-443799.420,-1172378.040,348.320
-443799.180,-1172378.240,348.310
-443798.920,-1172378.460,348.310
-443798.680,-1172378.670,348.310
-443800.280,-1172377.760,348.340
-443800.020,-1172377.980,348.330
-443799.780,-1172378.190,348.325
-443799.530,-1172378.400,348.320
-443799.290,-1172378.600,348.310
-443799.040,-1172378.820,348.310
-443798.810,-1172379.010,348.310
-443798.580,-1172379.210,348.300
-443800.480,-1172378.220,348.340
-443800.220,-1172378.430,348.330
-443799.710,-1172378.870,348.310
-443799.470,-1172379.070,348.310
-443799.220,-1172379.290,348.310
-443798.970,-1172379.500,348.310
-443798.730,-1172379.700,348.310
-443800.260,-1172378.940,348.320
-443800.000,-1172379.160,348.310
-443799.770,-1172379.360,348.310
-443799.260,-1172379.790,348.320
-443799.010,-1172380.000,348.320
-443798.760,-1172380.210,348.330
-443800.490,-1172379.190,348.320
-443800.240,-1172379.400,348.310
-443800.000,-1172379.610,348.310
-443799.770,-1172379.800,348.310
-443799.530,-1172380.010,348.320
-443799.260,-1172380.230,348.310
-443799.010,-1172380.440,348.320
-443798.790,-1172380.640,348.320
-443800.670,-1172379.430,348.320
-443800.420,-1172379.640,348.320
-443800.170,-1172379.860,348.310
-443799.910,-1172380.070,348.310
-443799.660,-1172380.280,348.310
-443799.410,-1172380.500,348.315
-443799.150,-1172380.720,348.315
-443798.920,-1172380.910,348.310
-443801.470,-1172379.250,348.340
-443801.220,-1172379.460,348.330
-443800.730,-1172379.870,348.320
-443800.490,-1172380.080,348.310
-443800.230,-1172380.300,348.310
-443799.980,-1172380.510,348.310
-443799.750,-1172380.710,348.310
-443799.510,-1172380.910,348.310
-443799.240,-1172381.130,348.310
-443799.000,-1172381.350,348.310
-443801.290,-1172379.890,348.320
-443801.040,-1172380.100,348.320
-443800.800,-1172380.300,348.310
-443800.560,-1172380.510,348.310
-443800.310,-1172380.720,348.310
-443800.080,-1172380.920,348.320
-443799.840,-1172381.120,348.310
-443799.580,-1172381.340,348.310
-443799.340,-1172381.540,348.310
-443801.260,-1172380.370,348.320
-443801.010,-1172380.580,348.320
-443800.780,-1172380.780,348.310
-443800.280,-1172381.210,348.310
-443800.050,-1172381.400,348.310
-443799.570,-1172381.800,348.310
-443801.510,-1172380.610,348.320
-443801.260,-1172380.820,348.320
-443801.010,-1172381.030,348.320
-443799.770,-1172382.090,348.310
-443802.000,-1172380.770,348.290
-443801.750,-1172380.980,348.310
-443801.510,-1172381.190,348.310
-443801.280,-1172381.380,348.320
-443801.030,-1172381.590,348.320
-443800.770,-1172381.810,348.320
-443800.270,-1172382.230,348.315
-443800.030,-1172382.440,348.320
-443801.840,-1172381.440,348.300
-443801.580,-1172381.660,348.310
-443801.330,-1172381.870,348.315
-443801.090,-1172382.070,348.320
-443800.850,-1172382.280,348.320
-443800.620,-1172382.470,348.320
-443800.360,-1172382.700,348.320
-443801.550,-1172382.130,348.310
-443799.430,-1172378.560,348.320
-443799.290,-1172378.900,348.310
-443799.160,-1172379.240,348.310
-443799.770,-1172378.810,348.310
-443799.310,-1172379.960,348.320
-443800.180,-1172379.330,348.320
-443800.040,-1172379.690,348.310
-443799.910,-1172380.030,348.310
-443799.500,-1172381.050,348.310
-443800.030,-1172381.220,348.310
-443799.740,-1172381.940,348.310
-443800.700,-1172379.520,348.320
-443800.570,-1172379.840,348.320
-443800.300,-1172380.520,348.310
-443801.350,-1172379.400,348.330
-443801.070,-1172380.100,348.320
-443800.930,-1172380.470,348.310
-443800.070,-1172382.650,348.320
-443801.710,-1172381.270,348.300
-443798.730,-1172378.150,348.310
-443798.700,-1172378.540,348.310
-443798.960,-1172378.310,348.310
-443799.210,-1172378.090,348.310
-443799.510,-1172377.820,348.320
-443798.710,-1172378.910,348.300
-443798.980,-1172378.670,348.310
-443799.260,-1172378.410,348.310
-443799.540,-1172378.160,348.320
-443799.810,-1172377.910,348.330
-443800.100,-1172377.660,348.340
-443798.790,-1172379.310,348.305
-443799.070,-1172379.060,348.310
-443799.350,-1172378.800,348.310
-443799.630,-1172378.550,348.320
-443799.900,-1172378.300,348.320
-443798.930,-1172379.670,348.320
-443799.210,-1172379.410,348.310
-443799.500,-1172379.150,348.310
-443799.780,-1172378.900,348.320
-443800.340,-1172378.390,348.330
-443800.680,-1172378.090,348.350
-443798.950,-1172380.000,348.320
-443799.220,-1172379.760,348.320
-443799.770,-1172379.270,348.310
-443800.050,-1172379.010,348.320
-443800.370,-1172378.720,348.330
-443800.660,-1172378.460,348.335
-443798.880,-1172380.500,348.320
-443799.150,-1172380.260,348.320
-443799.420,-1172380.020,348.320
-443799.710,-1172379.760,348.310
-443799.990,-1172379.500,348.310
-443800.270,-1172379.250,348.320
-443798.980,-1172380.900,348.310
-443799.260,-1172380.650,348.320
-443799.540,-1172380.400,348.315
-443799.840,-1172380.130,348.310
-443800.080,-1172379.900,348.310
-443800.380,-1172379.630,348.320
-443800.660,-1172379.380,348.320
-443798.850,-1172381.530,348.310
-443799.150,-1172381.260,348.310
-443799.410,-1172381.020,348.310
-443799.690,-1172380.770,348.310
-443799.950,-1172380.540,348.310
-443800.220,-1172380.300,348.310
-443800.500,-1172380.040,348.310
-443800.780,-1172379.790,348.320
-443801.070,-1172379.530,348.330
-443801.360,-1172379.260,348.340
-443799.290,-1172381.490,348.310
-443799.580,-1172381.240,348.310
-443799.850,-1172380.990,348.310
-443800.110,-1172380.750,348.315
-443800.420,-1172380.480,348.310
-443800.710,-1172380.220,348.310
-443800.960,-1172379.990,348.320
-443801.270,-1172379.710,348.330
-443799.380,-1172381.800,348.310
-443799.940,-1172381.300,348.310
-443800.510,-1172380.790,348.310
-443800.800,-1172380.530,348.320
-443801.090,-1172380.270,348.320
-443801.380,-1172380.000,348.320
-443799.690,-1172381.970,348.310
-443800.240,-1172381.470,348.310
-443800.820,-1172380.950,348.315
-443801.080,-1172380.710,348.320
-443801.360,-1172380.460,348.320
-443801.110,-1172381.180,348.320
-443801.410,-1172380.920,348.310
-443801.700,-1172380.660,348.310
-443800.000,-1172382.190,348.320
-443800.050,-1172382.510,348.320
-443800.350,-1172382.250,348.320
-443800.900,-1172381.740,348.320
-443801.180,-1172381.490,348.320
-443801.460,-1172381.240,348.310
-443801.760,-1172380.970,348.310
-443802.020,-1172380.740,348.285
-443800.250,-1172382.740,348.320
-443800.520,-1172382.500,348.320
-443800.810,-1172382.240,348.320
-443801.080,-1172381.990,348.320
-443801.350,-1172381.750,348.320
-443801.640,-1172381.490,348.310
-443801.890,-1172381.260,348.290
-443801.480,-1172382.090,348.310
-443798.710,-1172378.420,348.310
-443799.350,-1172377.370,348.330
-443798.970,-1172378.370,348.310
-443798.840,-1172378.730,348.310
-443798.700,-1172379.080,348.300
-443799.830,-1172377.720,348.330
-443799.690,-1172378.090,348.320
-443799.570,-1172378.410,348.320
-443799.190,-1172379.420,348.310
-443799.060,-1172379.770,348.320
-443798.930,-1172380.120,348.320
-443799.500,-1172380.780,348.315
-443799.380,-1172381.090,348.310
-443799.250,-1172381.430,348.310
-443800.140,-1172377.710,348.340
-443799.750,-1172378.720,348.310
-443799.620,-1172379.080,348.310
-443799.230,-1172380.110,348.320
-443799.110,-1172380.440,348.320
-443798.980,-1172380.790,348.315
-443798.840,-1172381.150,348.310
-443800.520,-1172378.060,348.340
-443800.390,-1172378.400,348.330
-443800.270,-1172378.740,348.330
-443800.140,-1172379.070,348.320
-443800.010,-1172379.420,348.310
-443799.880,-1172379.750,348.310
-443799.750,-1172380.100,348.310
-443799.620,-1172380.460,348.310
-443800.690,-1172378.320,348.340
-443800.450,-1172378.980,348.330
-443800.320,-1172379.310,348.320
-443800.070,-1172379.970,348.310
-443799.930,-1172380.340,348.310
-443799.810,-1172380.660,348.310
-443799.440,-1172381.640,348.310
-443801.350,-1172379.330,348.330
-443801.230,-1172379.650,348.330
-443801.120,-1172379.940,348.320
-443800.980,-1172380.310,348.310
-443800.850,-1172380.660,348.320
-443800.200,-1172382.390,348.320
-443800.850,-1172379.650,348.325
-443800.710,-1172380.030,348.320
-443800.590,-1172380.350,348.310
-443799.930,-1172382.090,348.320
-443801.510,-1172380.460,348.320
-443801.390,-1172380.770,348.310
-443801.270,-1172381.090,348.320
-443801.130,-1172381.450,348.320
-443800.880,-1172382.130,348.320
-443800.750,-1172382.470,348.320
-443801.730,-1172380.650,348.300
-443801.470,-1172381.340,348.310
-443801.340,-1172381.690,348.320
-443801.210,-1172382.040,348.320
-443798.560,-1172378.090,348.310
-443798.840,-1172377.860,348.310
-443799.410,-1172377.400,348.330
-443798.650,-1172378.500,348.310
-443798.920,-1172378.280,348.310
-443799.190,-1172378.060,348.310
-443799.510,-1172377.790,348.320
-443799.770,-1172377.590,348.340
-443798.900,-1172378.810,348.310
-443799.210,-1172378.560,348.310
-443799.500,-1172378.320,348.320
-443799.750,-1172378.110,348.320
-443800.040,-1172377.880,348.330
-443800.310,-1172377.660,348.340
-443798.840,-1172379.310,348.300
-443799.120,-1172379.080,348.310
-443799.400,-1172378.850,348.310
-443799.690,-1172378.610,348.320
-443799.960,-1172378.390,348.325
-443800.490,-1172377.950,348.340
-443798.910,-1172379.700,348.320
-443799.170,-1172379.490,348.310
-443799.460,-1172379.250,348.310
-443799.740,-1172379.030,348.310
-443800.290,-1172378.580,348.330
-443800.580,-1172378.340,348.340
-443798.990,-1172380.170,348.320
-443799.260,-1172379.950,348.320
-443799.530,-1172379.730,348.310
-443799.820,-1172379.490,348.310
-443800.110,-1172379.250,348.310
-443800.380,-1172379.030,348.320
-443798.840,-1172380.860,348.320
-443799.130,-1172380.630,348.320
-443799.410,-1172380.400,348.310
-443799.690,-1172380.170,348.310
-443799.960,-1172379.940,348.310
-443800.250,-1172379.710,348.310
-443800.560,-1172379.460,348.320
-443798.860,-1172381.310,348.310
-443799.130,-1172381.090,348.310
-443799.430,-1172380.840,348.320
-443799.710,-1172380.610,348.310
-443800.020,-1172380.360,348.310
-443800.580,-1172379.900,348.320
-443800.850,-1172379.680,348.320
-443801.130,-1172379.450,348.330
-443801.380,-1172379.250,348.340
-443800.310,-1172380.120,348.310
-443799.370,-1172381.430,348.310
-443799.650,-1172381.210,348.310
-443799.940,-1172380.970,348.310
-443800.230,-1172380.730,348.310
-443800.500,-1172380.510,348.310
-443800.800,-1172380.270,348.310
-443801.080,-1172380.030,348.320
-443801.370,-1172379.800,348.330
-443799.670,-1172381.820,348.315
-443800.250,-1172381.340,348.310
-443800.810,-1172380.890,348.315
-443801.080,-1172380.670,348.320
-443801.380,-1172380.420,348.320
-443799.980,-1172382.220,348.320
-443801.080,-1172381.310,348.320
-443801.350,-1172381.090,348.320
-443801.650,-1172380.850,348.310
-443801.920,-1172380.630,348.290
-443800.110,-1172382.650,348.320
-443800.400,-1172382.420,348.320
-443800.670,-1172382.190,348.320
-443800.940,-1172381.970,348.320
-443801.240,-1172381.730,348.320
-443801.500,-1172381.510,348.310
-443801.780,-1172381.290,348.300
-443801.460,-1172382.150,348.310
