-443851.550,-1172414.430,373.795
-443851.670,-1172414.130,373.780
-443851.370,-1172412.890,373.770
-443851.490,-1172412.590,373.770
-443851.610,-1172412.290,373.770
-443851.180,-1172414.290,373.820
-443851.300,-1172413.990,373.800
-443851.410,-1172413.710,373.780
-443851.520,-1172413.420,373.770
-443851.640,-1172413.130,373.760
-443851.140,-1172413.480,373.800
-443851.250,-1172413.200,373.780
-443850.960,-1172412.250,373.820
-443850.960,-1172412.260,373.820
-443851.070,-1172411.980,373.800
-443851.200,-1172411.660,373.790
-443851.310,-1172411.360,373.790
-443851.420,-1172411.080,373.780
-443850.910,-1172413.000,373.860
-443851.030,-1172412.700,373.800
-443851.150,-1172412.380,373.800
-443851.270,-1172412.080,373.790
-443851.390,-1172411.770,373.780
-443851.510,-1172411.470,373.770
-443850.920,-1172411.410,373.820
-443850.920,-1172411.420,373.820
-443851.030,-1172411.130,373.800
-443851.150,-1172410.820,373.790
-443851.260,-1172410.540,373.790
-443851.390,-1172410.230,373.780
-443851.500,-1172409.940,373.780
-443850.900,-1172410.420,373.810
-443850.900,-1172410.430,373.810
-443851.020,-1172410.130,373.800
-443851.130,-1172409.840,373.790
-443851.250,-1172409.540,373.790
-443851.370,-1172409.250,373.785
-443851.460,-1172413.780,373.780
-443851.210,-1172413.990,373.820
-443851.240,-1172414.380,373.810
-443851.330,-1172413.480,373.785
-443851.440,-1172412.400,373.770
-443851.190,-1172412.600,373.790
-443850.930,-1172412.820,373.820
-443851.420,-1172412.930,373.770
-443851.190,-1172413.120,373.790
-443851.410,-1172412.020,373.780
-443851.190,-1172412.200,373.800
-443850.940,-1172412.410,373.860
-443851.320,-1172411.640,373.790
-443851.090,-1172411.830,373.800
-443851.340,-1172410.620,373.790
-443851.090,-1172410.830,373.795
-443850.840,-1172411.040,373.830
-443851.190,-1172411.230,373.795
-443850.970,-1172411.420,373.810
-443851.320,-1172409.910,373.790
-443851.070,-1172410.120,373.790
-443851.230,-1172410.370,373.790
-443850.980,-1172410.580,373.810
-443850.910,-1172409.160,373.855
-443851.280,-1172409.410,373.790
-443851.020,-1172409.630,373.805
-443851.640,-1172413.390,373.765
-443851.520,-1172413.730,373.780
-443851.410,-1172414.040,373.790
-443851.290,-1172414.360,373.800
-443851.600,-1172412.290,373.770
-443851.470,-1172412.650,373.775
-443851.350,-1172413.000,373.770
-443851.210,-1172413.370,373.790
-443851.430,-1172411.540,373.780
-443851.300,-1172411.890,373.790
-443851.180,-1172412.230,373.795
-443851.040,-1172412.600,373.800
-443850.930,-1172412.920,373.840
-443850.940,-1172412.900,373.820
-443851.600,-1172410.230,373.770
-443851.470,-1172410.590,373.770
-443851.340,-1172410.930,373.790
-443851.220,-1172411.290,373.790
-443851.090,-1172411.620,373.800
-443850.970,-1172411.960,373.810
-443850.960,-1172412.000,373.810
-443851.020,-1172409.320,373.805
-443850.900,-1172409.650,373.880
-443851.410,-1172409.390,373.780
-443851.290,-1172409.720,373.790
-443851.160,-1172410.070,373.790
-443851.040,-1172410.400,373.795
-443850.920,-1172410.750,373.810
-443851.290,-1172414.510,373.810
-443851.570,-1172414.260,373.785
-443851.140,-1172414.150,373.820
-443851.410,-1172413.920,373.785
-443851.240,-1172413.380,373.790
-443851.530,-1172413.120,373.770
-443851.040,-1172413.920,373.830
-443851.310,-1172413.670,373.790
-443851.560,-1172413.460,373.780
-443851.080,-1172413.320,373.800
-443851.370,-1172413.060,373.780
-443850.960,-1172412.900,373.820
-443851.220,-1172412.670,373.790
-443851.470,-1172412.450,373.770
-443851.050,-1172412.450,373.810
-443851.340,-1172412.200,373.790
-443850.970,-1172411.680,373.820
-443851.230,-1172411.440,373.790
-443851.480,-1172411.220,373.770
-443850.910,-1172412.050,373.830
-443850.920,-1172412.040,373.830
-443851.200,-1172411.790,373.790
-443851.470,-1172411.550,373.775
-443850.990,-1172411.000,373.800
-443851.290,-1172410.730,373.790
-443851.540,-1172410.510,373.770
-443851.120,-1172410.450,373.790
-443851.380,-1172410.220,373.785
-443851.030,-1172409.960,373.800
-443851.300,-1172409.720,373.790
-443851.120,-1172409.490,373.790
-443851.390,-1172409.250,373.785
-443851.540,-1172414.120,373.780
-443851.410,-1172414.450,373.800
-443851.510,-1172412.450,373.770
-443851.370,-1172412.810,373.780
-443851.250,-1172413.130,373.780
-443851.120,-1172413.460,373.800
-443851.570,-1172411.630,373.770
-443851.450,-1172411.950,373.775
-443851.320,-1172412.280,373.790
-443851.180,-1172412.640,373.790
-443850.940,-1172413.280,373.820
-443851.060,-1172412.960,373.790
-443850.940,-1172413.260,373.820
-443851.500,-1172410.220,373.770
-443851.370,-1172410.540,373.790
-443851.240,-1172410.880,373.790
-443851.120,-1172411.210,373.800
-443850.980,-1172411.550,373.810
-443851.510,-1172409.820,373.780
-443851.380,-1172410.170,373.780
-443851.240,-1172410.540,373.790
-443851.110,-1172410.880,373.790
-443850.870,-1172411.510,373.830
-443850.990,-1172411.200,373.800
-443851.180,-1172409.340,373.790
-443851.060,-1172409.660,373.800
-443850.930,-1172410.010,373.805
-443850.980,-1172409.260,373.810
-443851.360,-1172414.420,373.800
-443851.340,-1172413.900,373.790
-443851.320,-1172414.170,373.800
-443851.600,-1172413.940,373.780
-443851.230,-1172413.560,373.790
-443851.510,-1172413.330,373.770
-443851.180,-1172413.160,373.790
-443851.450,-1172412.930,373.770
-443851.320,-1172412.620,373.780
-443851.240,-1172411.810,373.790
-443851.520,-1172411.580,373.770
-443851.210,-1172412.320,373.790
-443851.500,-1172412.080,373.770
-443851.270,-1172411.430,373.790
-443850.860,-1172411.450,373.830
-443851.100,-1172411.250,373.800
-443851.380,-1172411.020,373.785
-443851.160,-1172410.930,373.790
-443851.440,-1172410.700,373.775
-443851.020,-1172410.220,373.800
-443851.280,-1172410.000,373.790
-443851.110,-1172410.550,373.790
-443851.360,-1172410.330,373.790
-443851.350,-1172409.580,373.790
-443851.240,-1172409.350,373.790
