-443754.030,-1172329.330,355.020
-443754.150,-1172329.020,355.010
-443754.120,-1172329.990,355.010
-443754.240,-1172329.700,355.000
-443754.350,-1172329.400,354.940
-443754.480,-1172329.080,354.930
-443754.600,-1172328.780,354.930
-443754.360,-1172330.410,354.930
-443754.480,-1172330.110,354.935
-443754.600,-1172329.810,354.925
-443754.720,-1172329.510,354.855
-443754.830,-1172329.230,354.830
-443754.950,-1172328.930,354.780
-443755.010,-1172329.870,354.785
-443755.130,-1172329.570,354.710
-443755.260,-1172329.240,354.640
-443755.380,-1172328.940,354.595
-443754.660,-1172330.760,354.845
-443754.780,-1172330.450,354.825
-443754.900,-1172330.150,354.800
-443754.570,-1172332.120,354.890
-443754.690,-1172331.830,354.840
-443754.800,-1172331.550,354.795
-443754.920,-1172331.250,354.740
-443755.270,-1172330.360,354.600
-443755.390,-1172330.060,354.555
-443755.510,-1172329.760,354.500
-443755.630,-1172329.460,354.410
-443755.750,-1172329.150,354.325
-443755.860,-1172328.860,354.240
-443754.840,-1172332.130,354.835
-443755.070,-1172331.550,354.710
-443755.190,-1172331.230,354.680
-443755.310,-1172330.940,354.570
-443755.420,-1172330.650,354.540
-443755.540,-1172330.370,354.510
-443755.660,-1172330.060,354.410
-443755.780,-1172329.760,354.330
-443755.890,-1172329.480,354.290
-443756.000,-1172329.190,354.230
-443756.130,-1172328.870,354.135
-443754.840,-1172333.100,354.775
-443754.960,-1172332.790,354.720
-443755.200,-1172332.200,354.715
-443755.320,-1172331.870,354.680
-443755.440,-1172331.570,354.560
-443755.560,-1172331.270,354.485
-443755.680,-1172330.970,354.435
-443755.800,-1172330.670,354.380
-443755.920,-1172330.380,354.320
-443756.040,-1172330.060,354.230
-443756.150,-1172329.780,354.160
-443756.270,-1172329.480,354.115
-443756.380,-1172329.200,354.030
-443756.500,-1172328.900,353.950
-443754.830,-1172334.040,354.840
-443755.200,-1172333.120,354.680
-443755.310,-1172332.820,354.630
-443755.440,-1172332.500,354.600
-443755.670,-1172331.920,354.520
-443755.780,-1172331.640,354.435
-443755.910,-1172331.320,354.360
-443756.140,-1172330.730,354.180
-443756.260,-1172330.420,354.160
-443756.390,-1172330.100,354.080
-443756.510,-1172329.790,353.995
-443756.620,-1172329.510,353.900
-443756.750,-1172329.190,353.850
-443756.870,-1172328.900,353.750
-443755.070,-1172334.640,354.820
-443755.190,-1172334.330,354.740
-443755.310,-1172334.030,354.695
-443755.550,-1172333.420,354.570
-443755.670,-1172333.130,354.540
-443755.780,-1172332.840,354.480
-443755.900,-1172332.540,354.450
-443756.030,-1172332.220,354.360
-443756.150,-1172331.910,354.270
-443756.270,-1172331.610,354.180
-443756.390,-1172331.300,354.150
-443756.510,-1172331.010,354.040
-443756.620,-1172330.720,353.980
-443756.740,-1172330.430,353.910
-443756.860,-1172330.120,353.860
-443756.980,-1172329.820,353.790
-443757.100,-1172329.510,353.700
-443757.220,-1172329.220,353.615
-443757.340,-1172328.910,353.540
-443757.460,-1172328.600,353.515
-443755.110,-1172335.270,354.830
-443755.230,-1172334.980,354.810
-443755.340,-1172334.690,354.745
-443755.460,-1172334.390,354.700
-443755.580,-1172334.100,354.640
-443755.690,-1172333.820,354.560
-443755.810,-1172333.520,354.475
-443755.930,-1172333.210,354.450
-443756.050,-1172332.910,354.400
-443756.160,-1172332.620,354.355
-443756.280,-1172332.330,354.250
-443756.410,-1172332.010,354.150
-443756.530,-1172331.710,354.070
-443756.640,-1172331.430,354.020
-443756.760,-1172331.130,353.950
-443756.880,-1172330.800,353.900
-443757.000,-1172330.510,353.830
-443757.120,-1172330.210,353.720
-443757.250,-1172329.890,353.680
-443757.370,-1172329.570,353.580
-443757.480,-1172329.300,353.520
-443757.720,-1172328.700,353.390
-443755.200,-1172336.000,354.810
-443755.320,-1172335.700,354.755
-443755.440,-1172335.390,354.730
-443755.800,-1172334.480,354.570
-443755.920,-1172334.180,354.540
-443756.040,-1172333.880,354.440
-443756.150,-1172333.590,354.370
-443756.500,-1172332.730,354.180
-443756.740,-1172332.120,354.000
-443756.850,-1172331.830,353.960
-443756.970,-1172331.530,353.870
-443757.090,-1172331.240,353.820
-443757.210,-1172330.920,353.720
-443757.330,-1172330.620,353.680
-443757.450,-1172330.330,353.590
-443757.560,-1172330.030,353.520
-443757.690,-1172329.710,353.470
-443757.810,-1172329.410,353.410
-443757.930,-1172329.110,353.385
-443758.060,-1172328.790,353.340
-443757.150,-1172331.840,353.830
-443757.270,-1172331.560,353.750
-443757.380,-1172331.270,353.680
-443757.500,-1172330.960,353.605
-443757.620,-1172330.660,353.520
-443757.730,-1172330.390,353.450
-443757.860,-1172330.070,353.440
-443757.970,-1172329.770,353.380
-443758.090,-1172329.470,353.340
-443758.210,-1172329.160,353.320
-443758.330,-1172328.870,353.290
-443755.250,-1172336.640,354.810
-443755.380,-1172336.310,354.755
-443755.490,-1172336.050,354.750
-443755.600,-1172335.760,354.720
-443755.720,-1172335.460,354.660
-443755.840,-1172335.140,354.615
-443755.960,-1172334.850,354.560
-443756.080,-1172334.560,354.485
-443756.200,-1172334.240,354.400
-443756.320,-1172333.930,354.340
-443756.440,-1172333.640,354.250
-443756.560,-1172333.330,354.160
-443759.830,-1172336.350,352.910
-443759.940,-1172336.070,352.830
-443760.070,-1172335.740,352.805
-443759.360,-1172336.510,353.065
-443759.480,-1172336.210,352.980
-443759.590,-1172335.930,352.910
-443759.700,-1172335.630,352.830
-443759.820,-1172335.340,352.810
-443759.940,-1172335.030,352.820
-443758.910,-1172336.630,353.300
-443759.140,-1172336.050,353.065
-443759.250,-1172335.760,352.985
-443759.370,-1172335.460,352.930
-443759.490,-1172335.170,352.850
-443759.610,-1172334.860,352.835
-443759.730,-1172334.550,352.830
-443758.650,-1172336.450,353.390
-443758.780,-1172336.140,353.265
-443758.900,-1172335.830,353.220
-443759.130,-1172335.240,353.000
-443759.380,-1172334.620,352.960
-443759.500,-1172334.320,353.000
-443758.030,-1172336.910,353.630
-443758.140,-1172336.620,353.620
-443758.270,-1172336.300,353.550
-443758.380,-1172336.000,353.495
-443758.750,-1172335.090,353.235
-443758.870,-1172334.780,353.180
-443759.090,-1172334.210,353.170
-443757.780,-1172336.670,353.700
-443757.910,-1172336.360,353.670
-443758.020,-1172336.070,353.630
-443758.500,-1172334.870,353.380
-443758.610,-1172334.570,353.295
-443758.730,-1172334.270,353.270
-443758.860,-1172333.960,353.250
-443758.980,-1172333.650,353.230
-443757.350,-1172336.830,353.925
-443757.700,-1172335.930,353.750
-443757.820,-1172335.620,353.660
-443757.940,-1172335.330,353.605
-443758.190,-1172334.700,353.465
-443758.300,-1172334.410,353.390
-443758.420,-1172334.120,353.340
-443758.540,-1172333.820,353.310
-443758.660,-1172333.500,353.310
-443758.780,-1172333.210,353.310
-443757.220,-1172336.430,353.970
-443757.340,-1172336.120,353.920
-443757.700,-1172335.230,353.670
-443757.820,-1172334.920,353.625
-443757.930,-1172334.640,353.560
-443758.050,-1172334.350,353.470
-443758.160,-1172334.060,353.440
-443758.400,-1172333.460,353.380
-443758.510,-1172333.180,353.370
-443758.630,-1172332.880,353.350
-443758.750,-1172332.580,353.340
-443756.510,-1172337.060,354.360
-443756.620,-1172336.770,354.320
-443756.870,-1172336.160,354.190
-443756.980,-1172335.870,354.080
-443757.090,-1172335.590,354.025
-443757.450,-1172334.690,353.830
-443757.800,-1172333.790,353.600
-443757.910,-1172333.510,353.520
-443758.030,-1172333.210,353.490
-443758.160,-1172332.890,353.460
-443758.280,-1172332.600,353.440
-443758.510,-1172332.020,353.365
-443756.220,-1172336.840,354.470
-443756.460,-1172336.240,354.350
-443756.690,-1172335.660,354.190
-443756.810,-1172335.360,354.130
-443756.930,-1172335.050,354.120
-443757.050,-1172334.750,354.055
-443757.280,-1172334.160,353.920
-443757.400,-1172333.860,353.860
-443757.650,-1172333.240,353.650
-443757.770,-1172332.920,353.610
-443757.890,-1172332.610,353.520
-443758.010,-1172332.330,353.495
-443758.120,-1172332.040,353.450
-443758.240,-1172331.750,353.380
-443758.480,-1172331.130,353.310
-443758.590,-1172330.840,353.285
-443757.670,-1172332.260,353.610
-443757.910,-1172331.640,353.500
-443758.030,-1172331.340,353.440
-443758.150,-1172331.040,353.380
-443758.270,-1172330.740,353.340
-443758.390,-1172330.420,353.290
-443758.500,-1172330.140,353.255
-443755.760,-1172337.060,354.500
-443756.120,-1172336.160,354.465
-443756.240,-1172335.850,354.410
-443756.590,-1172334.960,354.250
-443756.830,-1172334.350,354.120
-443756.960,-1172334.040,354.090
-443757.090,-1172333.720,353.995
-443757.190,-1172333.450,353.900
-443757.310,-1172333.170,353.820
-443757.430,-1172332.850,353.710
-443757.550,-1172332.550,353.670
-443755.550,-1172336.920,354.710
-443755.670,-1172336.620,354.685
-443755.920,-1172336.000,354.550
-443756.160,-1172335.390,354.480
-443756.280,-1172335.080,354.400
-443756.510,-1172334.500,354.270
-443756.630,-1172334.210,354.190
-443756.750,-1172333.900,354.130
-443756.870,-1172333.590,354.060
-443756.990,-1172333.300,353.930
-443757.110,-1172332.990,353.870
-443757.230,-1172332.680,353.800
-443757.350,-1172332.380,353.740
-443757.470,-1172332.080,353.675
-443757.830,-1172331.180,353.490
-443757.940,-1172330.890,353.440
-443758.060,-1172330.600,353.370
-443758.170,-1172330.300,353.340
-443758.290,-1172330.010,353.300
-443758.410,-1172329.700,353.240
-443758.520,-1172329.420,353.230
-443760.170,-1172336.200,352.790
-443759.940,-1172336.400,352.880
-443759.250,-1172336.510,353.085
-443759.020,-1172336.710,353.230
-443760.000,-1172335.870,352.815
-443759.750,-1172336.090,352.880
-443759.490,-1172336.300,352.985
-443759.980,-1172335.640,352.815
-443759.230,-1172336.280,353.055
-443759.000,-1172336.470,353.230
-443758.750,-1172336.690,353.390
-443759.870,-1172335.310,352.810
-443759.610,-1172335.520,352.830
-443759.360,-1172335.740,352.930
-443759.110,-1172335.950,353.070
-443758.870,-1172336.150,353.225
-443758.620,-1172336.360,353.380
-443758.390,-1172336.560,353.490
-443758.140,-1172336.770,353.610
-443759.780,-1172334.940,352.820
-443759.540,-1172335.140,352.850
-443759.280,-1172335.360,352.940
-443758.810,-1172335.760,353.235
-443758.580,-1172335.950,353.340
-443758.330,-1172336.160,353.515
-443758.090,-1172336.370,353.620
-443757.850,-1172336.560,353.685
-443759.630,-1172334.460,352.910
-443759.390,-1172334.660,352.960
-443758.650,-1172335.290,353.300
-443757.940,-1172335.890,353.660
-443757.430,-1172336.320,353.890
-443757.190,-1172336.520,354.000
-443756.690,-1172336.950,354.320
-443757.840,-1172335.620,353.650
-443757.580,-1172335.840,353.780
-443757.320,-1172336.050,353.920
-443757.070,-1172336.260,354.080
-443756.830,-1172336.470,354.190
-443756.570,-1172336.690,354.330
-443756.330,-1172336.900,354.430
-443759.540,-1172334.180,353.070
-443759.300,-1172334.380,353.100
-443759.040,-1172334.600,353.155
-443758.820,-1172334.790,353.200
-443758.560,-1172335.010,353.340
-443758.060,-1172335.430,353.580
-443759.110,-1172334.050,353.170
-443758.620,-1172334.450,353.280
-443758.370,-1172334.670,353.380
-443758.110,-1172334.880,353.480
-443757.860,-1172335.100,353.590
-443757.610,-1172335.310,353.750
-443756.650,-1172336.120,354.260
-443756.390,-1172336.340,354.370
-443756.150,-1172336.540,354.470
-443755.650,-1172336.970,354.680
-443758.420,-1172333.520,353.365
-443756.940,-1172334.780,354.120
-443756.690,-1172334.990,354.190
-443756.200,-1172335.400,354.450
-443755.960,-1172335.610,354.570
-443755.730,-1172335.800,354.685
-443755.490,-1172336.000,354.750
-443755.250,-1172336.210,354.785
-443758.820,-1172333.820,353.270
-443758.570,-1172334.030,353.310
-443758.330,-1172334.240,353.380
-443758.090,-1172334.440,353.470
-443757.840,-1172334.640,353.580
-443757.610,-1172334.840,353.750
-443757.360,-1172335.050,353.890
-443757.090,-1172335.280,354.010
-443756.860,-1172335.470,354.120
-443756.620,-1172335.680,354.250
-443756.370,-1172335.890,354.370
-443756.110,-1172336.110,354.470
-443755.630,-1172336.520,354.705
-443755.380,-1172336.720,354.770
-443758.900,-1172332.710,353.305
-443757.670,-1172333.750,353.680
-443757.430,-1172333.950,353.860
-443757.180,-1172334.160,353.970
-443756.940,-1172334.370,354.095
-443756.710,-1172334.560,354.190
-443756.480,-1172334.760,354.300
-443756.220,-1172334.970,354.440
-443755.980,-1172335.180,354.560
-443755.500,-1172335.580,354.720
-443755.260,-1172335.790,354.810
-443758.590,-1172332.400,353.370
-443758.330,-1172332.630,353.410
-443758.100,-1172332.820,353.485
-443757.860,-1172333.020,353.550
-443757.630,-1172333.220,353.660
-443757.390,-1172333.420,353.820
-443757.130,-1172333.640,353.965
-443756.890,-1172333.840,354.090
-443756.660,-1172334.040,354.195
-443756.400,-1172334.250,354.320
-443756.170,-1172334.450,354.450
-443755.910,-1172334.670,354.565
-443755.670,-1172334.870,354.700
-443755.430,-1172335.070,354.740
-443755.190,-1172335.280,354.815
-443758.650,-1172332.920,353.345
-443758.400,-1172333.130,353.380
-443758.160,-1172333.330,353.440
-443757.900,-1172333.560,353.540
-443758.650,-1172331.870,353.330
-443758.420,-1172332.060,353.370
-443758.170,-1172332.270,353.440
-443757.920,-1172332.480,353.505
-443757.680,-1172332.690,353.620
-443757.440,-1172332.890,353.700
-443757.210,-1172333.090,353.830
-443756.950,-1172333.310,353.960
-443758.550,-1172331.340,353.300
-443758.300,-1172331.550,353.370
-443758.060,-1172331.760,353.450
-443757.810,-1172331.970,353.520
-443757.560,-1172332.180,353.660
-443757.320,-1172332.380,353.740
-443757.070,-1172332.590,353.855
-443756.830,-1172332.800,353.990
-443756.580,-1172333.010,354.130
-443756.320,-1172333.220,354.270
-443756.070,-1172333.440,354.400
-443755.810,-1172333.650,354.515
-443755.590,-1172333.850,354.610
-443755.350,-1172334.050,354.680
-443755.100,-1172334.260,354.775
-443754.860,-1172334.460,354.850
-443756.690,-1172333.520,354.130
-443756.470,-1172333.710,354.230
-443756.230,-1172333.920,354.360
-443755.960,-1172334.140,354.500
-443755.720,-1172334.350,354.570
-443755.480,-1172334.550,354.700
-443755.210,-1172334.770,354.810
-443758.420,-1172330.500,353.295
-443758.170,-1172330.720,353.365
-443757.910,-1172330.930,353.440
-443757.660,-1172331.140,353.525
-443757.420,-1172331.340,353.680
-443758.620,-1172330.900,353.280
-443758.390,-1172331.090,353.325
-443758.150,-1172331.290,353.375
-443757.640,-1172331.720,353.610
-443757.390,-1172331.930,353.710
-443757.150,-1172332.140,353.830
-443756.880,-1172332.360,353.965
-443756.640,-1172332.570,354.085
-443755.920,-1172333.180,354.450
-443755.670,-1172333.390,354.550
-443755.440,-1172333.580,354.660
-443754.920,-1172334.020,354.820
-443757.000,-1172331.210,353.860
-443756.740,-1172331.430,353.980
-443756.480,-1172331.650,354.110
-443756.260,-1172331.840,354.200
-443756.000,-1172332.050,354.345
-443755.770,-1172332.250,354.450
-443755.510,-1172332.470,354.565
-443756.950,-1172331.750,353.915
-443756.700,-1172331.960,354.020
-443756.450,-1172332.170,354.165
-443756.210,-1172332.370,354.305
-443755.960,-1172332.580,354.420
-443755.700,-1172332.800,354.530
-443755.210,-1172333.210,354.680
-443758.710,-1172329.770,353.210
-443758.460,-1172329.980,353.240
-443758.230,-1172330.170,353.300
-443757.990,-1172330.370,353.380
-443757.740,-1172330.590,353.465
-443757.480,-1172330.800,353.595
-443757.250,-1172331.000,353.720
-443758.310,-1172329.440,353.295
-443758.080,-1172329.640,353.340
-443757.820,-1172329.850,353.440
-443757.580,-1172330.060,353.520
-443757.330,-1172330.270,353.660
-443757.090,-1172330.480,353.775
-443756.840,-1172330.690,353.890
-443756.600,-1172330.890,353.995
-443756.340,-1172331.110,354.150
-443756.110,-1172331.300,354.240
-443755.870,-1172331.500,354.375
-443755.630,-1172331.700,354.530
-443755.400,-1172331.900,354.605
-443755.150,-1172332.120,354.710
-443754.910,-1172332.320,354.790
-443755.280,-1172332.660,354.660
-443755.040,-1172332.870,354.705
-443754.790,-1172333.080,354.800
-443758.400,-1172329.010,353.255
-443758.150,-1172329.220,353.330
-443757.910,-1172329.430,353.380
-443757.680,-1172329.620,353.455
-443757.410,-1172329.840,353.580
-443757.180,-1172330.040,353.695
-443756.950,-1172330.230,353.820
-443756.720,-1172330.430,353.910
-443756.470,-1172330.640,354.030
-443756.210,-1172330.860,354.180
-443755.980,-1172331.050,354.290
-443755.750,-1172331.250,354.410
-443755.250,-1172331.670,354.680
-443754.750,-1172332.100,354.845
-443758.180,-1172328.700,353.320
-443757.940,-1172328.900,353.365
-443757.700,-1172329.100,353.440
-443757.470,-1172329.300,353.520
-443757.210,-1172329.510,353.650
-443756.980,-1172329.710,353.750
-443756.740,-1172329.910,353.890
-443756.490,-1172330.120,354.020
-443756.250,-1172330.330,354.140
-443756.000,-1172330.540,354.270
-443755.750,-1172330.750,354.390
-443755.510,-1172330.950,354.530
-443755.270,-1172331.150,354.610
-443755.020,-1172331.360,354.725
-443754.770,-1172331.580,354.830
-443754.510,-1172331.790,354.890
-443757.750,-1172328.660,353.390
-443757.510,-1172328.860,353.490
-443757.260,-1172329.070,353.585
-443757.000,-1172329.290,353.710
-443756.760,-1172329.490,353.850
-443756.530,-1172329.690,353.960
-443756.280,-1172329.900,354.105
-443756.030,-1172330.110,354.230
-443755.780,-1172330.320,354.380
-443755.520,-1172330.540,354.525
-443755.260,-1172330.760,354.595
-443754.790,-1172331.160,354.830
-443754.550,-1172331.360,354.890
-443756.680,-1172329.010,353.860
-443756.420,-1172329.230,354.010
-443756.180,-1172329.440,354.145
-443755.930,-1172329.650,354.280
-443755.690,-1172329.850,354.380
-443755.450,-1172330.050,354.535
-443755.210,-1172330.260,354.660
-443754.970,-1172330.460,354.715
-443754.710,-1172330.670,354.830
-443756.580,-1172328.760,353.860
-443756.340,-1172328.970,354.020
-443756.060,-1172329.200,354.170
-443755.830,-1172329.400,354.290
-443755.590,-1172329.600,354.420
-443755.330,-1172329.820,354.590
-443755.080,-1172330.030,354.750
-443754.840,-1172330.240,354.810
-443754.600,-1172330.430,354.875
-443755.510,-1172329.150,354.530
-443755.270,-1172329.360,354.650
-443755.020,-1172329.570,354.770
-443754.780,-1172329.770,354.865
-443754.540,-1172329.970,354.930
-443754.310,-1172330.170,354.980
-443755.110,-1172329.040,354.710
-443754.870,-1172329.250,354.800
-443754.640,-1172329.440,354.870
-443754.380,-1172329.650,354.930
-443754.140,-1172329.860,355.010
-443754.550,-1172328.910,354.930
-443754.320,-1172329.110,354.980
-443754.060,-1172329.330,355.010
-443754.640,-1172328.710,354.930
-443754.540,-1172328.930,354.930
-443754.440,-1172329.180,354.955
-443754.320,-1172329.470,354.955
-443754.980,-1172328.860,354.815
-443754.890,-1172329.080,354.800
-443754.790,-1172329.330,354.830
-443754.490,-1172330.060,354.945
-443755.610,-1172328.930,354.420
-443755.530,-1172329.120,354.510
-443755.400,-1172329.450,354.540
-443755.240,-1172329.820,354.655
-443755.120,-1172330.110,354.690
-443754.860,-1172330.750,354.790
-443755.980,-1172328.940,354.180
-443755.890,-1172329.150,354.250
-443755.780,-1172329.410,354.330
-443755.660,-1172329.710,354.380
-443755.510,-1172330.060,354.490
-443754.980,-1172331.340,354.730
-443754.850,-1172331.650,354.795
-443756.380,-1172329.080,354.000
-443756.250,-1172329.380,354.105
-443756.120,-1172329.700,354.175
-443755.980,-1172330.050,354.260
-443755.860,-1172330.330,354.330
-443755.610,-1172330.950,354.480
-443755.470,-1172331.270,354.530
-443755.080,-1172332.210,354.730
-443756.670,-1172328.900,353.840
-443756.580,-1172329.110,353.875
-443756.470,-1172329.380,354.000
-443756.340,-1172329.690,354.040
-443756.210,-1172330.000,354.170
-443756.080,-1172330.330,354.235
-443755.950,-1172330.640,354.300
-443755.810,-1172330.980,354.375
-443755.680,-1172331.290,354.430
-443755.420,-1172331.920,354.600
-443757.280,-1172328.800,353.585
-443757.180,-1172329.070,353.650
-443757.050,-1172329.380,353.700
-443756.910,-1172329.700,353.800
-443756.780,-1172330.030,353.880
-443756.650,-1172330.340,353.950
-443756.520,-1172330.650,354.000
-443756.380,-1172330.980,354.100
-443756.260,-1172331.290,354.180
-443756.000,-1172331.890,354.330
-443757.590,-1172328.880,353.440
-443757.460,-1172329.180,353.520
-443757.330,-1172329.510,353.585
-443757.200,-1172329.830,353.685
-443757.070,-1172330.130,353.730
-443756.940,-1172330.430,353.835
-443756.820,-1172330.740,353.910
-443756.690,-1172331.050,353.960
-443756.560,-1172331.370,354.030
-443756.300,-1172331.980,354.190
-443755.780,-1172333.250,354.500
-443755.380,-1172334.200,354.690
-443755.250,-1172334.530,354.740
-443758.130,-1172328.800,353.325
-443758.010,-1172329.100,353.350
-443757.880,-1172329.420,353.390
-443757.750,-1172329.720,353.440
-443757.620,-1172330.040,353.510
-443757.490,-1172330.360,353.590
-443757.370,-1172330.640,353.650
-443757.240,-1172330.950,353.715
-443757.100,-1172331.300,353.830
-443756.980,-1172331.590,353.870
-443756.180,-1172333.510,354.350
-443756.060,-1172333.820,354.420
-443755.920,-1172334.140,354.505
-443755.790,-1172334.460,354.570
-443758.430,-1172328.770,353.270
-443758.320,-1172329.040,353.285
-443758.190,-1172329.350,353.320
-443758.060,-1172329.660,353.345
-443757.940,-1172329.950,353.380
-443757.810,-1172330.260,353.440
-443757.670,-1172330.610,353.490
-443757.540,-1172330.930,353.580
-443757.410,-1172331.230,353.670
-443756.880,-1172332.520,353.960
-443756.360,-1172333.770,354.310
-443756.110,-1172334.380,354.460
-443758.660,-1172329.620,353.205
-443758.530,-1172329.940,353.230
-443758.400,-1172330.250,353.280
-443758.270,-1172330.560,353.310
-443758.130,-1172330.900,353.380
-443757.990,-1172331.240,353.430
-443757.480,-1172332.470,353.680
-443757.230,-1172333.090,353.830
-443756.960,-1172333.740,354.050
-443756.820,-1172334.080,354.120
-443756.290,-1172335.360,354.395
-443758.640,-1172330.410,353.240
-443758.510,-1172330.710,353.285
-443758.370,-1172331.050,353.335
-443758.250,-1172331.340,353.360
-443757.860,-1172332.280,353.520
-443757.730,-1172332.610,353.550
-443757.590,-1172332.950,353.670
-443757.450,-1172333.270,353.760
-443757.320,-1172333.590,353.865
-443756.920,-1172334.550,354.120
-443758.260,-1172332.470,353.440
-443758.130,-1172332.780,353.480
-443758.010,-1172333.090,353.490
-443757.620,-1172334.020,353.740
-443756.690,-1172336.270,354.255
-443758.360,-1172332.660,353.410
-443758.210,-1172333.010,353.420
-443758.090,-1172333.300,353.455
-443756.630,-1172336.820,354.320
-443756.510,-1172337.120,354.360
-443758.870,-1172332.630,353.310
-443758.750,-1172332.930,353.325
-443758.610,-1172333.260,353.345
-443758.480,-1172333.570,353.360
-443758.910,-1172333.270,353.280
-443758.790,-1172333.570,353.280
-443758.660,-1172333.900,353.280
-443757.600,-1172336.460,353.775
-443757.460,-1172336.780,353.885
-443758.980,-1172334.260,353.200
-443758.720,-1172334.890,353.260
-443758.060,-1172336.500,353.630
-443757.930,-1172336.810,353.685
-443758.430,-1172336.340,353.510
-443758.310,-1172336.620,353.520
-443758.190,-1172336.920,353.580
-443759.730,-1172334.700,352.830
-443759.230,-1172335.910,353.000
-443759.880,-1172335.240,352.810
-443759.750,-1172335.560,352.820
-443759.500,-1172336.180,352.980
-443760.130,-1172335.760,352.790
-443760.020,-1172336.040,352.825
-443760.200,-1172336.260,352.785
-443760.200,-1172336.380,352.785
-443759.880,-1172336.340,352.840
-443760.110,-1172336.130,352.810
-443758.880,-1172336.720,353.310
-443759.090,-1172336.520,353.200
-443759.320,-1172336.320,353.020
-443759.550,-1172336.100,352.980
-443759.780,-1172335.890,352.830
-443760.010,-1172335.690,352.820
-443757.990,-1172336.680,353.660
-443758.210,-1172336.480,353.595
-443758.430,-1172336.270,353.490
-443758.690,-1172336.040,353.320
-443758.930,-1172335.820,353.195
-443759.150,-1172335.620,353.010
-443759.400,-1172335.390,352.925
-443759.650,-1172335.170,352.830
-443759.880,-1172334.960,352.820
-443758.270,-1172336.850,353.530
-443758.500,-1172336.640,353.445
-443758.990,-1172336.190,353.180
-443759.210,-1172335.990,353.015
-443759.440,-1172335.780,352.880
-443759.680,-1172335.560,352.830
-443759.920,-1172335.350,352.795
-443757.430,-1172336.800,353.890
-443757.660,-1172336.590,353.730
-443757.910,-1172336.360,353.670
-443758.150,-1172336.150,353.580
-443758.390,-1172335.920,353.470
-443759.120,-1172335.260,353.000
-443759.580,-1172334.840,352.870
-443759.820,-1172334.620,352.830
-443756.440,-1172337.060,354.360
-443756.690,-1172336.830,354.295
-443757.140,-1172336.420,354.050
-443757.390,-1172336.200,353.905
-443757.610,-1172335.990,353.785
-443757.870,-1172335.760,353.685
-443758.120,-1172335.530,353.560
-443758.590,-1172335.110,353.325
-443758.830,-1172334.880,353.200
-443759.070,-1172334.660,353.140
-443759.320,-1172334.440,353.090
-443759.570,-1172334.210,352.960
-443756.320,-1172336.640,354.420
-443756.540,-1172336.440,354.320
-443756.770,-1172336.230,354.190
-443757.000,-1172336.020,354.075
-443757.710,-1172335.370,353.730
-443757.950,-1172335.160,353.570
-443758.190,-1172334.940,353.470
-443758.420,-1172334.730,353.365
-443758.660,-1172334.500,353.280
-443758.920,-1172334.270,353.220
-443759.130,-1172334.080,353.170
-443756.860,-1172335.130,354.130
-443757.100,-1172334.910,354.060
-443757.340,-1172334.690,353.915
-443757.590,-1172334.460,353.760
-443758.070,-1172334.030,353.470
-443758.300,-1172333.810,353.380
-443758.560,-1172333.580,353.340
-443758.770,-1172333.380,353.300
-443755.350,-1172336.920,354.785
-443755.590,-1172336.710,354.705
-443756.090,-1172336.250,354.490
-443756.800,-1172335.600,354.180
-443757.030,-1172335.390,354.060
-443757.270,-1172335.180,353.950
-443757.740,-1172334.750,353.640
-443757.950,-1172334.550,353.540
-443758.190,-1172334.340,353.400
-443758.440,-1172334.100,353.330
-443758.670,-1172333.900,353.280
-443758.900,-1172333.690,353.250
-443755.220,-1172336.080,354.810
-443755.480,-1172335.850,354.720
-443755.720,-1172335.630,354.670
-443755.970,-1172335.410,354.575
-443756.210,-1172335.190,354.460
-443756.440,-1172334.980,354.320
-443756.670,-1172334.760,354.195
-443756.910,-1172334.550,354.120
-443757.140,-1172334.340,354.010
-443757.390,-1172334.110,353.880
-443757.630,-1172333.890,353.730
-443757.870,-1172333.670,353.565
-443758.110,-1172333.450,353.470
-443758.370,-1172333.210,353.400
-443758.590,-1172333.010,353.360
-443758.840,-1172332.790,353.310
-443755.200,-1172336.640,354.820
-443755.450,-1172336.410,354.750
-443755.900,-1172336.000,354.555
-443756.140,-1172335.790,354.465
-443756.380,-1172335.570,354.365
-443756.630,-1172335.340,354.235
-443755.140,-1172335.780,354.820
-443755.370,-1172335.570,354.740
-443755.610,-1172335.350,354.715
-443755.830,-1172335.150,354.620
-443756.580,-1172334.470,354.240
-443756.810,-1172334.260,354.130
-443757.290,-1172333.820,353.900
-443757.510,-1172333.620,353.770
-443757.750,-1172333.400,353.635
-443758.000,-1172333.170,353.505
-443758.260,-1172332.940,353.410
-443758.470,-1172332.740,353.380
-443758.710,-1172332.520,353.350
-443755.050,-1172335.480,354.820
-443755.270,-1172335.270,354.755
-443755.510,-1172335.050,354.720
-443755.750,-1172334.830,354.670
-443755.980,-1172334.630,354.540
-443756.210,-1172334.410,354.410
-443756.470,-1172334.180,354.265
-443756.700,-1172333.970,354.180
-443756.930,-1172333.760,354.060
-443757.170,-1172333.540,353.920
-443757.420,-1172333.310,353.770
-443757.670,-1172333.090,353.650
-443757.910,-1172332.860,353.520
-443758.150,-1172332.640,353.460
-443758.400,-1172332.410,353.410
-443758.620,-1172332.220,353.360
-443755.100,-1172335.170,354.820
-443755.330,-1172334.960,354.740
-443755.550,-1172334.760,354.705
-443755.790,-1172334.540,354.580
-443756.030,-1172334.320,354.480
-443756.260,-1172334.110,354.370
-443756.480,-1172333.910,354.265
-443756.730,-1172333.680,354.135
-443756.960,-1172333.470,353.995
-443757.210,-1172333.250,353.860
-443757.460,-1172333.020,353.720
-443757.700,-1172332.800,353.620
-443757.930,-1172332.590,353.510
-443758.160,-1172332.380,353.465
-443758.410,-1172332.150,353.375
-443758.650,-1172331.930,353.330
-443755.090,-1172334.670,354.810
-443755.330,-1172334.450,354.720
-443755.560,-1172334.240,354.630
-443755.810,-1172334.010,354.550
-443756.030,-1172333.810,354.440
-443756.270,-1172333.600,354.345
-443756.500,-1172333.390,354.220
-443756.730,-1172333.180,354.090
-443756.960,-1172332.970,353.960
-443757.190,-1172332.750,353.800
-443757.440,-1172332.530,353.700
-443757.680,-1172332.310,353.610
-443757.890,-1172332.120,353.510
-443758.150,-1172331.880,353.430
-443755.030,-1172334.350,354.810
-443755.270,-1172334.130,354.700
-443755.510,-1172333.920,354.620
-443755.750,-1172333.700,354.540
-443756.000,-1172333.470,354.440
-443756.240,-1172333.250,354.310
-443756.470,-1172333.040,354.180
-443756.710,-1172332.820,354.035
-443756.950,-1172332.600,353.910
-443757.190,-1172332.380,353.795
-443757.410,-1172332.180,353.710
-443757.650,-1172331.960,353.620
-443757.880,-1172331.750,353.510
-443758.120,-1172331.540,353.375
-443758.350,-1172331.330,353.350
-443758.580,-1172331.110,353.300
-443755.640,-1172333.400,354.560
-443755.870,-1172333.180,354.460
-443756.100,-1172332.980,354.365
-443756.610,-1172332.510,354.085
-443756.830,-1172332.310,353.970
-443757.060,-1172332.100,353.850
-443757.320,-1172331.860,353.730
-443757.790,-1172331.440,353.510
-443758.010,-1172331.230,353.420
-443758.260,-1172331.010,353.350
-443758.480,-1172330.810,353.295
-443754.710,-1172334.000,354.865
-443755.470,-1172333.310,354.570
-443755.710,-1172333.080,354.510
-443755.940,-1172332.880,354.425
-443756.160,-1172332.680,354.350
-443756.400,-1172332.460,354.190
-443756.650,-1172332.230,354.030
-443756.890,-1172332.010,353.950
-443757.120,-1172331.800,353.830
-443757.370,-1172331.580,353.695
-443757.620,-1172331.350,353.550
-443757.850,-1172331.130,353.460
-443758.080,-1172330.930,353.380
-443758.340,-1172330.690,353.310
-443758.570,-1172330.490,353.260
-443755.160,-1172333.110,354.680
-443755.390,-1172332.900,354.600
-443755.630,-1172332.690,354.540
-443755.860,-1172332.470,354.450
-443756.100,-1172332.250,354.315
-443756.360,-1172332.020,354.190
-443756.590,-1172331.810,354.060
-443756.840,-1172331.590,353.970
-443757.070,-1172331.370,353.850
-443757.300,-1172331.160,353.710
-443757.540,-1172330.940,353.580
-443757.770,-1172330.730,353.470
-443758.030,-1172330.500,353.380
-443758.270,-1172330.280,353.320
-443758.510,-1172330.060,353.240
-443758.720,-1172329.870,353.210
-443754.910,-1172333.010,354.750
-443755.140,-1172332.800,354.680
-443755.380,-1172332.580,354.630
-443755.600,-1172332.380,354.530
-443755.850,-1172332.150,354.440
-443756.110,-1172331.910,354.295
-443756.330,-1172331.720,354.180
-443756.550,-1172331.510,354.050
-443756.800,-1172331.290,353.950
-443757.050,-1172331.060,353.825
-443757.290,-1172330.840,353.690
-443757.540,-1172330.610,353.540
-443757.790,-1172330.380,353.440
-443758.020,-1172330.170,353.370
-443758.250,-1172329.960,353.300
-443758.460,-1172329.770,353.230
-443754.940,-1172332.530,354.760
-443755.150,-1172332.340,354.720
-443755.380,-1172332.130,354.630
-443755.640,-1172331.890,354.520
-443755.860,-1172331.690,354.415
-443756.080,-1172331.490,354.280
-443756.340,-1172331.260,354.150
-443756.560,-1172331.050,354.020
-443756.800,-1172330.840,353.920
-443757.050,-1172330.610,353.800
-443757.280,-1172330.400,353.685
-443757.530,-1172330.170,353.540
-443757.750,-1172329.970,353.450
-443758.000,-1172329.750,353.375
-443758.260,-1172329.510,353.295
-443754.810,-1172332.290,354.835
-443755.050,-1172332.070,354.720
-443755.280,-1172331.860,354.680
-443755.510,-1172331.650,354.540
-443755.760,-1172331.420,354.420
-443755.990,-1172331.220,354.320
-443756.210,-1172331.020,354.180
-443756.440,-1172330.800,354.050
-443756.670,-1172330.600,353.950
-443756.920,-1172330.370,353.850
-443757.150,-1172330.160,353.710
-443757.370,-1172329.960,353.610
-443757.630,-1172329.720,353.500
-443757.860,-1172329.510,353.410
-443758.100,-1172329.290,353.345
-443758.330,-1172329.080,353.260
-443758.540,-1172328.890,353.210
-443754.460,-1172331.950,354.900
-443754.740,-1172331.690,354.835
-443754.980,-1172331.480,354.725
-443755.210,-1172331.270,354.680
-443755.450,-1172331.040,354.530
-443755.700,-1172330.820,354.420
-443755.920,-1172330.620,354.310
-443756.160,-1172330.400,354.180
-443756.390,-1172330.190,354.080
-443756.650,-1172329.950,353.950
-443756.870,-1172329.750,353.830
-443757.100,-1172329.540,353.705
-443757.350,-1172329.320,353.580
-443757.570,-1172329.120,353.490
-443757.830,-1172328.880,353.380
-443758.030,-1172328.700,353.350
-443754.470,-1172331.420,354.900
-443754.720,-1172331.190,354.840
-443755.440,-1172330.540,354.530
-443755.660,-1172330.330,354.420
-443755.910,-1172330.100,354.300
-443756.140,-1172329.890,354.180
-443756.390,-1172329.670,354.020
-443756.620,-1172329.460,353.885
-443756.880,-1172329.220,353.790
-443757.100,-1172329.030,353.660
-443757.320,-1172328.820,353.550
-443757.540,-1172328.620,353.495
-443754.720,-1172330.610,354.830
-443754.950,-1172330.390,354.755
-443755.180,-1172330.190,354.690
-443755.420,-1172329.970,354.535
-443755.650,-1172329.760,354.390
-443755.880,-1172329.550,354.290
-443756.130,-1172329.320,354.135
-443756.350,-1172329.120,354.020
-443756.540,-1172328.950,353.880
-443754.560,-1172330.420,354.880
-443754.810,-1172330.190,354.830
-443755.050,-1172329.980,354.750
-443755.260,-1172329.780,354.635
-443755.520,-1172329.540,354.460
-443755.750,-1172329.340,354.360
-443755.960,-1172329.140,354.230
-443756.150,-1172328.970,354.140
-443754.390,-1172329.980,354.980
-443754.650,-1172329.740,354.900
-443754.900,-1172329.510,354.790
-443755.130,-1172329.300,354.705
-443755.350,-1172329.100,354.600
-443754.180,-1172329.790,355.005
-443754.470,-1172329.530,354.930
-443754.680,-1172329.340,354.870
-443754.890,-1172329.140,354.800
-443755.100,-1172328.950,354.715
-443754.160,-1172329.310,355.000
-443754.400,-1172329.090,354.940
-443754.620,-1172328.890,354.930
-443754.800,-1172328.720,354.900
-443753.890,-1172329.290,355.060
-443754.740,-1172329.160,354.885
-443754.610,-1172329.530,354.880
-443754.490,-1172329.860,354.930
-443754.370,-1172330.160,354.980
-443755.040,-1172329.230,354.720
-443754.930,-1172329.540,354.790
-443754.800,-1172329.900,354.850
-443755.670,-1172329.030,354.380
-443755.530,-1172329.410,354.460
-443755.390,-1172329.810,354.540
-443755.270,-1172330.140,354.620
-443754.850,-1172331.270,354.825
-443754.710,-1172331.670,354.840
-443754.600,-1172331.950,354.890
-443755.900,-1172329.350,354.245
-443755.760,-1172329.730,354.330
-443755.610,-1172330.120,354.420
-443755.340,-1172330.890,354.560
-443755.210,-1172331.230,354.680
-443754.920,-1172332.030,354.760
-443756.650,-1172329.050,353.860
-443756.510,-1172329.440,353.950
-443756.370,-1172329.810,354.045
-443756.240,-1172330.160,354.155
-443756.090,-1172330.580,354.230
-443755.960,-1172330.950,354.290
-443755.710,-1172331.630,354.455
-443754.890,-1172333.870,354.835
-443754.770,-1172334.180,354.860
-443757.010,-1172329.070,353.695
-443756.210,-1172331.270,354.190
-443756.070,-1172331.660,354.280
-443755.940,-1172332.000,354.380
-443755.250,-1172333.900,354.710
-443755.120,-1172334.250,354.740
-443754.990,-1172334.610,354.830
-443756.890,-1172329.410,353.805
-443756.740,-1172329.800,353.880
-443756.620,-1172330.150,353.960
-443756.480,-1172330.520,354.020
-443756.350,-1172330.890,354.105
-443757.650,-1172328.690,353.400
-443757.510,-1172329.080,353.510
-443757.380,-1172329.450,353.570
-443757.260,-1172329.770,353.660
-443757.120,-1172330.150,353.720
-443756.980,-1172330.540,353.830
-443756.840,-1172330.900,353.910
-443756.720,-1172331.250,353.980
-443756.430,-1172332.030,354.150
-443756.150,-1172332.790,354.320
-443755.720,-1172333.980,354.560
-443755.600,-1172334.320,354.610
-443755.450,-1172334.700,354.725
-443757.840,-1172328.780,353.390
-443757.720,-1172329.120,353.440
-443757.560,-1172329.540,353.510
-443757.430,-1172329.890,353.580
-443757.310,-1172330.240,353.660
-443757.170,-1172330.630,353.750
-443757.010,-1172331.040,353.840
-443756.890,-1172331.380,353.930
-443756.750,-1172331.770,354.000
-443756.460,-1172332.560,354.190
-443756.320,-1172332.940,354.300
-443756.060,-1172333.640,354.410
-443755.940,-1172333.990,354.500
-443755.660,-1172334.750,354.680
-443758.330,-1172328.990,353.290
-443758.180,-1172329.400,353.320
-443758.030,-1172329.800,353.375
-443757.890,-1172330.190,353.400
-443757.750,-1172330.560,353.465
-443756.640,-1172333.600,354.160
-443756.380,-1172334.310,354.340
-443755.570,-1172336.540,354.720
-443755.430,-1172336.910,354.770
-443758.390,-1172329.690,353.260
-443758.270,-1172330.020,353.300
-443758.130,-1172330.400,353.340
-443758.000,-1172330.750,353.375
-443757.870,-1172331.130,353.450
-443757.720,-1172331.520,353.520
-443757.590,-1172331.890,353.650
-443757.300,-1172332.680,353.780
-443757.170,-1172333.040,353.850
-443757.020,-1172333.440,353.975
-443756.900,-1172333.780,354.090
-443756.750,-1172334.190,354.135
-443756.770,-1172334.110,354.130
-443758.570,-1172330.440,353.255
-443758.430,-1172330.800,353.310
-443758.290,-1172331.210,353.355
-443757.740,-1172332.700,353.560
-443756.270,-1172336.700,354.430
-443758.070,-1172332.420,353.480
-443757.920,-1172332.820,353.520
-443757.800,-1172333.160,353.560
-443756.840,-1172335.790,354.150
-443756.560,-1172336.550,354.320
-443756.420,-1172336.920,354.370
-443758.660,-1172332.260,353.355
-443758.490,-1172332.710,353.375
-443758.370,-1172333.050,353.410
-443758.230,-1172333.420,353.435
-443757.280,-1172336.010,353.935
-443758.680,-1172332.930,353.335
-443758.550,-1172333.270,353.365
-443758.410,-1172333.650,353.360
-443758.150,-1172334.370,353.450
-443757.320,-1172336.630,353.935
-443758.980,-1172333.370,353.250
-443758.850,-1172333.730,353.270
-443758.430,-1172334.880,353.395
-443757.880,-1172336.360,353.675
-443757.750,-1172336.720,353.720
-443758.620,-1172336.450,353.380
-443759.550,-1172334.590,352.915
-443758.980,-1172336.160,353.180
-443759.880,-1172335.000,352.820
-443759.750,-1172335.360,352.820
-443754.480,-1172328.800,354.955
-443754.050,-1172329.580,355.020
-443754.340,-1172329.340,354.970
-443754.750,-1172328.990,354.900
-443754.380,-1172329.820,354.960
-443754.650,-1172329.600,354.870
-443754.970,-1172329.330,354.775
-443755.320,-1172329.030,354.630
-443754.390,-1172330.240,354.940
-443754.690,-1172329.990,354.900
-443755.020,-1172329.710,354.780
-443755.300,-1172329.480,354.635
-443755.690,-1172329.150,354.370
-443756.110,-1172328.800,354.120
-443754.610,-1172330.520,354.840
-443754.940,-1172330.240,354.750
-443755.260,-1172329.970,354.640
-443755.600,-1172329.680,354.415
-443755.900,-1172329.430,354.250
-443756.240,-1172329.150,354.100
-443756.660,-1172328.800,353.830
-443758.240,-1172328.560,353.320
-443754.820,-1172330.770,354.790
-443755.460,-1172330.240,354.530
-443755.770,-1172329.970,354.360
-443756.120,-1172329.680,354.175
-443756.450,-1172329.400,354.005
-443756.800,-1172329.110,353.825
-443757.170,-1172328.800,353.655
-443757.500,-1172328.520,353.495
-443754.610,-1172331.600,354.880
-443754.930,-1172331.330,354.750
-443755.270,-1172331.050,354.585
-443755.620,-1172330.750,354.460
-443755.960,-1172330.470,354.290
-443756.300,-1172330.190,354.115
-443756.600,-1172329.930,353.960
-443756.920,-1172329.660,353.795
-443757.250,-1172329.390,353.610
-443757.570,-1172329.120,353.490
-443757.910,-1172328.840,353.355
-443754.630,-1172332.190,354.880
-443754.950,-1172331.930,354.750
-443755.270,-1172331.660,354.670
-443755.590,-1172331.390,354.490
-443755.900,-1172331.130,354.360
-443756.230,-1172330.850,354.165
-443756.590,-1172330.550,353.980
-443756.900,-1172330.290,353.835
-443757.230,-1172330.020,353.690
-443757.560,-1172329.740,353.530
-443757.910,-1172329.450,353.380
-443758.240,-1172329.170,353.310
-443758.560,-1172328.900,353.200
-443754.950,-1172332.570,354.750
-443755.260,-1172332.300,354.680
-443755.580,-1172332.040,354.540
-443755.920,-1172331.750,354.380
-443756.260,-1172331.470,354.180
-443756.590,-1172331.190,354.020
-443756.920,-1172330.920,353.870
-443757.270,-1172330.630,353.690
-443757.560,-1172330.380,353.540
-443757.900,-1172330.100,353.390
-443758.230,-1172329.820,353.300
-443758.550,-1172329.550,353.220
-443755.020,-1172332.980,354.720
-443755.360,-1172332.700,354.630
-443755.690,-1172332.420,354.500
-443756.030,-1172332.140,354.355
-443756.330,-1172331.880,354.180
-443756.680,-1172331.590,354.020
-443757.000,-1172331.320,353.870
-443757.310,-1172331.060,353.710
-443757.630,-1172330.790,353.525
-443757.940,-1172330.530,353.430
-443758.280,-1172330.250,353.300
-443758.620,-1172329.970,353.230
-443755.790,-1172332.970,354.470
-443756.110,-1172332.700,354.360
-443756.420,-1172332.440,354.190
-443756.750,-1172332.160,354.000
-443757.070,-1172331.900,353.850
-443757.420,-1172331.600,353.690
-443757.730,-1172331.340,353.520
-443758.030,-1172331.090,353.390
-443758.370,-1172330.810,353.315
-443758.670,-1172330.550,353.240
-443754.970,-1172334.220,354.810
-443755.240,-1172333.990,354.710
-443755.590,-1172333.700,354.570
-443755.940,-1172333.410,354.450
-443756.240,-1172333.150,354.320
-443756.560,-1172332.880,354.130
-443756.890,-1172332.610,353.960
-443757.210,-1172332.340,353.785
-443757.550,-1172332.060,353.650
-443757.890,-1172331.770,353.510
-443758.210,-1172331.510,353.370
-443758.520,-1172331.240,353.295
-443755.090,-1172334.670,354.810
-443755.370,-1172334.430,354.720
-443755.700,-1172334.150,354.575
-443756.020,-1172333.880,354.450
-443756.370,-1172333.600,354.280
-443756.700,-1172333.320,354.105
-443757.020,-1172333.050,353.925
-443757.330,-1172332.800,353.755
-443757.680,-1172332.500,353.615
-443758.000,-1172332.230,353.500
-443758.330,-1172331.950,353.380
-443755.060,-1172335.200,354.830
-443755.380,-1172334.930,354.735
-443755.680,-1172334.680,354.630
-443756.000,-1172334.420,354.500
-443756.330,-1172334.140,354.340
-443756.670,-1172333.860,354.140
-443757.010,-1172333.570,353.990
-443757.340,-1172333.300,353.820
-443757.670,-1172333.010,353.635
-443757.990,-1172332.750,353.490
-443758.320,-1172332.470,353.410
-443758.630,-1172332.210,353.360
-443755.390,-1172335.680,354.735
-443755.720,-1172335.400,354.660
-443756.050,-1172335.130,354.545
-443756.400,-1172334.840,354.320
-443756.720,-1172334.570,354.180
-443757.020,-1172334.320,354.040
-443757.340,-1172334.050,353.910
-443757.680,-1172333.760,353.670
-443758.020,-1172333.480,353.475
-443758.320,-1172333.230,353.410
-443758.660,-1172332.940,353.340
-443755.600,-1172336.220,354.720
-443755.910,-1172335.960,354.570
-443756.260,-1172335.670,354.395
-443756.600,-1172335.380,354.255
-443756.910,-1172335.130,354.120
-443757.260,-1172334.840,353.925
-443757.580,-1172334.560,353.750
-443757.930,-1172334.280,353.510
-443758.220,-1172334.030,353.400
-443758.560,-1172333.750,353.310
-443758.880,-1172333.480,353.270
-443755.560,-1172336.960,354.720
-443756.230,-1172336.400,354.430
-443756.540,-1172336.140,354.325
-443756.910,-1172335.840,354.120
-443757.220,-1172335.580,353.970
-443757.540,-1172335.310,353.780
-443757.850,-1172335.050,353.600
-443758.210,-1172334.750,353.450
-443758.500,-1172334.500,353.310
-443758.820,-1172334.240,353.250
-443759.130,-1172333.980,353.165
-443756.400,-1172336.840,354.365
-443756.740,-1172336.560,354.220
-443757.500,-1172336.620,353.820
-443757.810,-1172336.350,353.690
-443758.130,-1172336.090,353.580
-443758.460,-1172335.810,353.430
-443758.780,-1172335.540,353.225
-443759.110,-1172335.270,353.000
-443759.450,-1172334.990,352.910
-443759.790,-1172334.700,352.830
-443757.060,-1172336.290,354.090
-443757.390,-1172336.010,353.890
-443757.700,-1172335.750,353.735
-443758.020,-1172335.490,353.600
-443758.660,-1172334.950,353.290
-443758.970,-1172334.690,353.160
-443759.300,-1172334.420,353.100
-443757.960,-1172336.750,353.680
-443758.320,-1172336.460,353.540
-443758.620,-1172336.210,353.390
-443758.930,-1172335.940,353.190
-443759.290,-1172335.650,352.980
-443759.640,-1172335.360,352.835
-443759.960,-1172335.080,352.810
-443759.140,-1172336.650,353.195
-443759.470,-1172336.380,353.000
-443759.800,-1172336.110,352.840
-443758.740,-1172336.590,353.390
-443759.070,-1172336.320,353.180
-443759.390,-1172336.050,352.980
-443759.710,-1172335.780,352.835
-443760.070,-1172335.480,352.790
-443760.260,-1172336.350,352.770
