-443820.07,-1172306.76,355.30
-443820.20,-1172306.44,355.04
-443819.81,-1172306.54,355.08
-443819.93,-1172306.23,354.86
-443820.05,-1172305.91,354.58
-443820.17,-1172305.62,354.39
-443819.34,-1172306.85,355.29
-443819.46,-1172306.54,355.08
-443819.57,-1172306.26,354.84
-443819.70,-1172305.94,354.62
-443819.83,-1172305.61,354.38
-443819.95,-1172305.31,354.18
-443820.07,-1172305.00,353.93
-443818.98,-1172306.90,355.30
-443819.19,-1172305.18,354.00
-443819.32,-1172304.87,353.75
-443819.45,-1172304.55,353.59
-443819.56,-1172304.25,353.46
-443819.11,-1172306.58,355.07
-443819.23,-1172306.27,354.83
-443819.35,-1172305.96,354.58
-443819.47,-1172305.65,354.38
-443819.60,-1172305.33,354.14
-443819.72,-1172305.04,353.95
-443818.48,-1172306.99,355.30
-443818.60,-1172306.68,355.05
-443818.72,-1172306.38,354.89
-443818.85,-1172306.06,354.62
-443818.97,-1172305.76,354.41
-443819.08,-1172305.47,354.19
-443818.06,-1172307.05,355.31
-443818.18,-1172306.76,355.11
-443818.30,-1172306.44,354.86
-443818.42,-1172306.15,354.72
-443818.54,-1172305.83,354.45
-443818.66,-1172305.54,354.20
-443818.78,-1172305.24,354.01
-443818.90,-1172304.92,353.79
-443819.02,-1172304.63,353.63
-443819.15,-1172304.30,353.51
-443819.27,-1172303.99,353.45
-443817.74,-1172306.93,355.14
-443817.85,-1172306.65,354.99
-443817.97,-1172306.35,354.80
-443818.10,-1172306.02,354.57
-443818.22,-1172305.72,354.32
-443818.34,-1172305.42,354.11
-443818.46,-1172305.10,353.89
-443818.59,-1172304.78,353.69
-443818.70,-1172304.49,353.57
-443818.82,-1172304.19,353.45
-443817.30,-1172307.20,355.34
-443817.43,-1172306.88,355.11
-443817.54,-1172306.58,354.91
-443817.66,-1172306.28,354.71
-443817.79,-1172305.96,354.47
-443817.92,-1172305.64,354.22
-443818.04,-1172305.32,354.00
-443818.29,-1172304.69,353.68
-443818.53,-1172304.09,353.45
-443817.03,-1172306.86,355.07
-443817.15,-1172306.55,354.85
-443817.28,-1172306.22,354.63
-443817.41,-1172305.90,354.32
-443817.52,-1172305.61,354.14
-443817.64,-1172305.31,353.99
-443817.77,-1172304.99,353.83
-443817.89,-1172304.69,353.67
-443816.49,-1172307.28,355.43
-443816.61,-1172306.97,355.18
-443816.73,-1172306.68,354.95
-443816.84,-1172306.39,354.74
-443816.97,-1172306.06,354.48
-443817.09,-1172305.74,354.28
-443817.21,-1172305.45,354.06
-443817.34,-1172305.13,353.84
-443817.46,-1172304.81,353.70
-443816.23,-1172307.02,355.35
-443816.34,-1172306.73,355.08
-443816.47,-1172306.42,354.78
-443816.60,-1172306.09,354.54
-443816.72,-1172305.78,354.26
-443816.84,-1172305.48,354.03
-443816.97,-1172305.16,353.83
-443817.09,-1172304.85,353.72
-443817.21,-1172304.54,353.59
-443815.75,-1172307.19,357.02
-443815.87,-1172306.89,355.59
-443816.00,-1172306.58,355.14
-443816.12,-1172306.28,354.85
-443816.24,-1172305.96,354.53
-443816.36,-1172305.66,354.25
-443816.48,-1172305.37,353.98
-443816.59,-1172305.07,353.75
-443816.84,-1172304.45,353.53
-443815.73,-1172305.95,355.98
-443815.85,-1172305.64,354.58
-443816.09,-1172305.03,353.95
-443816.21,-1172304.73,353.69
-443816.33,-1172304.42,353.52
-443815.70,-1172304.75,355.59
-443815.83,-1172304.43,353.72
-443805.19,-1172308.57,355.56
-443805.32,-1172308.25,355.47
-443804.88,-1172308.47,355.43
-443805.01,-1172308.16,355.20
-443805.13,-1172307.85,355.07
-443805.37,-1172307.23,354.81
-443804.51,-1172308.75,355.61
-443804.63,-1172308.44,355.38
-443804.88,-1172307.80,354.90
-443805.00,-1172307.50,354.83
-443805.12,-1172307.19,354.68
-443805.24,-1172306.89,354.53
-443804.18,-1172308.43,355.34
-443804.30,-1172308.13,355.13
-443804.64,-1172306.35,353.80
-443804.76,-1172306.04,353.70
-443805.02,-1172306.32,353.84
-443805.14,-1172306.01,353.84
-443803.80,-1172308.47,355.31
-443803.92,-1172308.17,355.20
-443804.04,-1172307.87,354.97
-443803.32,-1172308.64,355.35
-443803.55,-1172308.04,355.10
-443803.80,-1172307.42,354.83
-443804.16,-1172306.50,353.74
-443804.53,-1172305.57,353.58
-443802.98,-1172308.68,355.35
-443803.09,-1172308.38,355.21
-443803.21,-1172308.09,355.08
-443802.48,-1172308.65,355.33
-443802.85,-1172307.72,354.79
-443803.46,-1172306.17,353.70
-443803.71,-1172306.84,353.84
-443803.83,-1172306.52,353.69
-443804.07,-1172305.92,353.67
-443802.28,-1172308.09,354.93
-443802.41,-1172307.76,354.73
-443802.65,-1172307.16,354.25
-443802.77,-1172306.85,354.03
-443803.14,-1172305.92,353.64
-443802.04,-1172308.69,355.31
-443801.61,-1172308.75,355.36
-443801.73,-1172308.46,355.21
-443801.85,-1172308.15,354.93
-443801.97,-1172307.83,354.69
-443802.10,-1172307.51,354.49
-443802.22,-1172307.21,354.36
-443802.59,-1172306.28,353.74
-443801.52,-1172307.19,354.39
-443801.49,-1172308.24,354.96
-443801.61,-1172307.94,354.69
-443801.73,-1172307.64,354.65
-443801.55,-1172309.91,356.22
-443801.80,-1172309.29,355.78
-443801.92,-1172308.99,355.60
-443802.37,-1172310.23,356.56
-443802.48,-1172309.94,356.40
-443802.61,-1172309.62,356.19
-443801.99,-1172309.88,356.25
-443802.22,-1172309.29,355.76
-443802.35,-1172308.97,355.53
-443802.83,-1172310.92,357.00
-443802.96,-1172310.60,356.85
-443803.08,-1172310.28,356.70
-443803.20,-1172309.99,356.54
-443803.32,-1172309.67,356.23
-443803.57,-1172309.06,355.74
-443802.83,-1172309.85,356.40
-443803.54,-1172311.20,357.29
-443803.66,-1172310.89,357.11
-443803.79,-1172310.57,356.88
-443804.02,-1172309.97,356.45
-443804.14,-1172309.68,356.23
-443804.26,-1172309.37,356.07
-443804.39,-1172309.04,355.77
-443803.20,-1172310.92,357.07
-443803.45,-1172310.28,356.69
-443803.69,-1172309.68,356.27
-443803.94,-1172309.04,355.69
-443804.33,-1172310.74,357.06
-443804.70,-1172309.82,356.37
-443804.94,-1172309.20,355.88
-443805.07,-1172308.89,355.72
-443806.13,-1172306.18,356.03
-443806.26,-1172305.85,355.95
-443803.79,-1172311.23,357.32
-443803.91,-1172310.94,357.13
-443804.03,-1172310.63,356.93
-443804.27,-1172310.01,356.48
-443804.77,-1172308.77,355.63
-443805.96,-1172305.73,355.82
-443807.08,-1172305.90,356.05
-443807.20,-1172305.59,355.88
-443804.52,-1172311.14,357.30
-443804.63,-1172310.86,357.08
-443804.76,-1172310.54,356.88
-443804.88,-1172310.23,356.76
-443804.99,-1172309.95,356.55
-443805.12,-1172309.64,356.27
-443805.36,-1172309.02,355.82
-443805.48,-1172308.72,355.75
-443805.93,-1172307.56,356.89
-443806.18,-1172306.91,356.61
-443806.43,-1172306.30,356.20
-443806.55,-1172305.98,356.06
-443806.67,-1172305.69,355.95
-443805.45,-1172310.84,357.19
-443805.59,-1172310.50,357.20
-443806.26,-1172308.76,357.91
-443806.38,-1172308.47,357.63
-443806.50,-1172308.17,357.49
-443806.74,-1172307.56,357.14
-443806.86,-1172307.26,356.95
-443806.98,-1172306.94,356.61
-443807.11,-1172306.63,356.40
-443807.23,-1172306.33,356.22
-443807.35,-1172306.01,356.06
-443807.47,-1172305.71,355.94
-443805.05,-1172311.03,357.19
-443805.30,-1172310.42,356.92
-443805.41,-1172310.13,356.91
-443805.97,-1172308.69,357.53
-443806.10,-1172308.37,357.46
-443806.21,-1172308.08,357.31
-443806.46,-1172307.45,357.06
-443806.58,-1172307.15,356.82
-443806.83,-1172306.53,356.32
-443806.95,-1172306.22,356.17
-443806.85,-1172309.28,358.36
-443807.34,-1172308.04,357.60
-443807.82,-1172306.81,356.38
-443807.94,-1172306.52,356.30
-443808.05,-1172306.24,356.17
-443808.29,-1172305.63,355.86
-443808.41,-1172305.32,355.67
-443805.74,-1172311.17,357.36
-443806.56,-1172309.07,358.22
-443806.93,-1172308.14,357.54
-443807.52,-1172306.64,356.35
-443807.64,-1172306.34,356.24
-443807.88,-1172305.73,355.91
-443808.00,-1172305.44,355.80
-443807.35,-1172309.22,358.42
-443807.47,-1172308.92,358.26
-443807.71,-1172308.30,357.94
-443808.33,-1172306.74,356.38
-443808.45,-1172306.44,356.25
-443808.57,-1172306.13,356.06
-443808.69,-1172305.83,355.94
-443808.81,-1172305.52,355.81
-443808.08,-1172309.20,358.38
-443808.21,-1172308.89,358.17
-443809.19,-1172306.41,356.35
-443809.42,-1172305.82,356.03
-443809.55,-1172305.49,355.87
-443809.67,-1172305.18,355.73
-443807.54,-1172309.50,358.48
-443807.66,-1172309.18,358.40
-443807.79,-1172308.85,358.24
-443807.91,-1172308.55,358.12
-443808.65,-1172306.69,356.47
-443808.76,-1172306.39,356.33
-443808.88,-1172306.10,356.07
-443809.01,-1172305.77,355.95
-443809.14,-1172305.44,355.80
-443809.26,-1172305.13,355.67
-443808.80,-1172308.45,357.96
-443809.65,-1172306.30,356.33
-443809.77,-1172305.99,356.15
-443809.90,-1172305.66,356.02
-443810.03,-1172305.34,355.85
-443809.43,-1172309.01,358.30
-443809.56,-1172308.67,358.09
-443809.80,-1172308.07,357.77
-443809.91,-1172307.78,357.58
-443810.03,-1172307.47,357.41
-443810.63,-1172305.97,356.30
-443811.12,-1172304.73,355.69
-443809.30,-1172308.46,357.95
-443809.66,-1172307.55,357.51
-443809.77,-1172307.26,357.38
-443810.63,-1172305.10,355.79
-443809.83,-1172308.87,358.30
-443809.95,-1172308.56,358.11
-443810.07,-1172308.25,358.00
-443810.20,-1172307.94,357.70
-443810.68,-1172306.71,356.84
-443811.16,-1172305.51,356.12
-443811.80,-1172305.59,356.07
-443810.11,-1172309.00,358.43
-443810.72,-1172307.46,357.42
-443811.22,-1172306.21,356.51
-443811.33,-1172305.92,356.31
-443811.45,-1172305.61,356.16
-443811.57,-1172305.32,356.00
-443811.41,-1172307.29,357.32
-443811.53,-1172306.97,357.13
-443811.65,-1172306.66,356.86
-443811.78,-1172306.35,356.55
-443811.90,-1172306.04,356.29
-443812.02,-1172305.74,356.15
-443812.13,-1172305.46,356.00
-443812.38,-1172304.81,355.79
-443811.31,-1172306.84,357.04
-443811.43,-1172306.53,356.72
-443811.56,-1172306.21,356.43
-443811.68,-1172305.92,356.26
-443811.43,-1172308.03,357.94
-443811.79,-1172307.10,357.31
-443811.91,-1172306.80,357.08
-443812.03,-1172306.50,356.72
-443812.28,-1172305.87,356.19
-443812.40,-1172305.56,356.04
-443812.53,-1172305.24,355.89
-443812.01,-1172308.67,358.39
-443812.14,-1172308.35,358.16
-443812.25,-1172308.06,358.02
-443812.38,-1172307.73,357.79
-443813.08,-1172305.97,356.31
-443813.21,-1172305.63,356.11
-443813.34,-1172305.31,355.98
-443813.45,-1172305.02,355.88
-443811.48,-1172308.93,358.50
-443811.60,-1172308.64,358.35
-443811.72,-1172308.34,358.17
-443811.84,-1172308.04,358.02
-443811.96,-1172307.73,357.69
-443812.08,-1172307.43,357.58
-443812.69,-1172305.87,356.18
-443812.81,-1172305.58,356.04
-443812.92,-1172305.30,355.91
-443812.38,-1172308.65,358.40
-443812.49,-1172308.36,358.17
-443812.62,-1172308.03,357.94
-443812.75,-1172307.71,357.79
-443813.60,-1172305.56,356.13
-443813.71,-1172305.27,356.00
-443813.83,-1172304.98,355.88
-443813.95,-1172304.66,355.80
-443813.13,-1172308.49,358.31
-443813.26,-1172308.16,358.11
-443813.39,-1172307.83,357.92
-443814.11,-1172306.01,356.56
-443814.24,-1172305.69,356.31
-443814.36,-1172305.38,356.13
-443814.48,-1172305.07,355.97
-443814.61,-1172304.75,355.87
-443812.65,-1172308.77,358.44
-443812.77,-1172308.47,358.24
-443812.89,-1172308.17,358.06
-443813.01,-1172307.88,357.92
-443813.87,-1172305.69,356.27
-443814.00,-1172305.37,356.04
-443814.11,-1172305.08,355.95
-443814.24,-1172304.76,355.86
-443814.35,-1172304.47,355.79
-443813.49,-1172308.52,358.38
-443813.61,-1172308.21,358.13
-443813.73,-1172307.91,358.02
-443813.85,-1172307.61,357.88
-443813.98,-1172307.29,357.67
-443814.10,-1172306.98,357.52
-443814.23,-1172306.66,357.30
-443814.35,-1172306.34,356.83
-443814.48,-1172306.02,356.56
-443814.59,-1172305.73,356.38
-443814.71,-1172305.43,356.13
-443814.83,-1172305.13,355.99
-443814.21,-1172308.51,358.44
-443814.33,-1172308.20,358.22
-443814.44,-1172307.91,358.02
-443814.57,-1172307.59,357.87
-443814.69,-1172307.29,357.67
-443814.80,-1172307.00,357.40
-443814.93,-1172306.68,357.16
-443815.05,-1172306.37,356.86
-443815.17,-1172306.06,356.56
-443815.30,-1172305.74,356.31
-443815.41,-1172305.45,356.00
-443815.54,-1172305.14,355.77
-443813.80,-1172308.57,358.41
-443813.92,-1172308.28,358.22
-443814.04,-1172307.97,358.04
-443814.16,-1172307.66,357.88
-443814.28,-1172307.35,357.69
-443814.40,-1172307.04,357.47
-443814.52,-1172306.74,357.26
-443814.65,-1172306.43,356.96
-443815.02,-1172305.49,356.17
-443815.15,-1172305.16,355.95
-443815.27,-1172304.86,355.79
-443816.10,-1172307.34,355.69
-443814.73,-1172308.45,358.32
-443814.85,-1172308.16,358.13
-443814.97,-1172307.84,357.98
-443815.21,-1172307.23,357.51
-443815.33,-1172306.93,357.22
-443815.45,-1172306.62,356.93
-443815.57,-1172306.32,356.53
-443816.17,-1172309.03,357.27
-443816.29,-1172308.73,356.87
-443816.42,-1172308.40,356.40
-443816.54,-1172308.08,356.07
-443816.65,-1172307.80,355.82
-443816.78,-1172307.49,355.55
-443816.11,-1172308.23,356.50
-443816.23,-1172307.92,356.11
-443816.36,-1172307.59,355.74
-443815.86,-1172307.97,357.66
-443815.98,-1172307.66,356.08
-443816.65,-1172309.69,357.25
-443816.77,-1172309.39,357.01
-443816.90,-1172309.06,356.81
-443817.01,-1172308.79,356.57
-443817.14,-1172308.45,356.30
-443817.26,-1172308.15,356.07
-443817.37,-1172307.86,355.93
-443817.49,-1172307.57,355.64
-443817.61,-1172307.26,355.43
-443816.33,-1172309.64,357.39
-443816.45,-1172309.35,357.16
-443816.57,-1172309.04,356.89
-443816.69,-1172308.73,356.57
-443816.81,-1172308.43,356.28
-443816.93,-1172308.14,356.06
-443817.06,-1172307.81,355.86
-443817.17,-1172307.51,355.59
-443815.93,-1172309.63,357.85
-443817.38,-1172309.78,357.29
-443817.50,-1172309.48,357.05
-443817.62,-1172309.18,356.86
-443817.74,-1172308.86,356.65
-443817.86,-1172308.55,356.40
-443817.99,-1172308.24,356.20
-443818.11,-1172307.93,356.01
-443818.23,-1172307.62,355.81
-443818.36,-1172307.30,355.50
-443816.96,-1172309.83,357.27
-443817.08,-1172309.53,357.14
-443817.20,-1172309.23,356.89
-443817.33,-1172308.91,356.68
-443817.45,-1172308.59,356.42
-443817.57,-1172308.28,356.23
-443817.70,-1172307.96,356.00
-443817.81,-1172307.67,355.80
-443817.95,-1172307.34,355.55
-443819.09,-1172307.47,355.75
-443819.22,-1172307.15,355.49
-443817.88,-1172309.69,357.25
-443818.00,-1172309.38,357.08
-443818.13,-1172309.04,356.81
-443818.26,-1172308.73,356.62
-443818.38,-1172308.43,356.40
-443818.49,-1172308.14,356.20
-443818.61,-1172307.84,356.01
-443818.74,-1172307.52,355.73
-443818.86,-1172307.21,355.51
-443818.58,-1172309.64,357.22
-443818.70,-1172309.34,357.04
-443818.83,-1172309.02,356.82
-443818.94,-1172308.73,356.69
-443819.07,-1172308.42,356.46
-443819.19,-1172308.10,356.23
-443819.31,-1172307.80,356.00
-443819.42,-1172307.51,355.77
-443819.55,-1172307.18,355.56
-443818.23,-1172309.66,357.26
-443818.35,-1172309.34,357.05
-443818.48,-1172309.03,356.81
-443818.59,-1172308.74,356.69
-443818.72,-1172308.42,356.41
-443818.84,-1172308.10,356.20
-443818.97,-1172307.77,355.98
-443819.56,-1172309.12,356.87
-443819.68,-1172308.82,356.74
-443819.80,-1172308.50,356.56
-443819.92,-1172308.22,356.38
-443820.04,-1172307.91,356.16
-443820.28,-1172307.30,355.74
-443818.98,-1172309.51,357.13
-443819.10,-1172309.21,356.97
-443819.23,-1172308.90,356.79
-443819.34,-1172308.61,356.61
-443819.46,-1172308.31,356.40
-443819.58,-1172308.00,356.19
-443819.70,-1172307.70,355.94
-443819.83,-1172307.38,355.72
-443819.94,-1172307.09,355.50
-443820.12,-1172308.44,356.56
-443820.23,-1172308.15,356.34
-443820.09,-1172306.81,355.33
-443819.63,-1172306.64,355.17
-443819.39,-1172306.84,355.29
-443819.87,-1172305.85,354.53
-443819.36,-1172306.28,354.83
-443819.09,-1172306.51,355.00
-443818.84,-1172306.73,355.12
-443818.60,-1172306.93,355.27
-443818.36,-1172307.13,355.37
-443820.07,-1172305.10,354.03
-443819.82,-1172305.31,354.18
-443819.58,-1172305.51,354.26
-443819.33,-1172305.72,354.41
-443819.09,-1172305.93,354.57
-443818.84,-1172306.14,354.69
-443818.58,-1172306.36,354.83
-443818.34,-1172306.57,354.94
-443818.08,-1172306.79,355.11
-443817.83,-1172307.00,355.27
-443819.65,-1172305.03,353.94
-443819.40,-1172305.24,354.07
-443818.87,-1172305.69,354.32
-443818.63,-1172305.90,354.50
-443818.38,-1172306.11,354.67
-443818.12,-1172306.32,354.74
-443817.87,-1172306.54,354.92
-443817.64,-1172306.73,355.07
-443817.40,-1172306.94,355.14
-443817.14,-1172307.16,355.33
-443819.69,-1172304.55,353.58
-443819.44,-1172304.76,353.72
-443819.19,-1172304.97,353.85
-443818.94,-1172305.19,353.97
-443818.70,-1172305.39,354.11
-443818.44,-1172305.61,354.26
-443818.21,-1172305.80,354.41
-443817.97,-1172306.01,354.55
-443817.71,-1172306.23,354.69
-443817.47,-1172306.43,354.81
-443816.97,-1172306.86,355.09
-443816.73,-1172307.06,355.22
-443816.47,-1172307.28,355.43
-443819.85,-1172303.93,353.43
-443819.61,-1172304.13,353.45
-443819.38,-1172304.33,353.48
-443819.14,-1172304.53,353.57
-443818.89,-1172304.75,353.67
-443818.63,-1172304.96,353.77
-443818.40,-1172305.16,353.93
-443818.15,-1172305.38,354.10
-443817.89,-1172305.60,354.18
-443817.65,-1172305.80,354.32
-443817.40,-1172306.01,354.45
-443817.13,-1172306.23,354.64
-443816.89,-1172306.44,354.79
-443816.65,-1172306.64,354.90
-443816.40,-1172306.86,355.12
-443816.13,-1172307.08,355.43
-443819.36,-1172303.80,353.38
-443819.12,-1172304.01,353.45
-443818.36,-1172304.65,353.64
-443818.10,-1172304.87,353.72
-443817.86,-1172305.07,353.85
-443817.62,-1172305.28,353.96
-443817.36,-1172305.50,354.10
-443817.10,-1172305.72,354.26
-443816.85,-1172305.93,354.39
-443816.59,-1172306.15,354.56
-443816.33,-1172306.37,354.83
-443816.09,-1172306.58,355.10
-443815.85,-1172306.78,355.58
-443818.54,-1172304.07,353.45
-443817.77,-1172304.73,353.69
-443817.52,-1172304.93,353.76
-443817.27,-1172305.15,353.85
-443817.02,-1172305.36,353.99
-443816.78,-1172305.56,354.11
-443816.55,-1172305.76,354.27
-443816.29,-1172305.98,354.50
-443816.02,-1172306.21,354.85
-443815.78,-1172306.41,355.31
-443817.13,-1172304.71,353.69
-443816.89,-1172304.91,353.72
-443816.64,-1172305.13,353.83
-443816.38,-1172305.35,353.99
-443816.11,-1172305.57,354.26
-443815.88,-1172305.77,354.67
-443816.74,-1172304.46,353.52
-443816.48,-1172304.68,353.59
-443816.25,-1172304.87,353.78
-443816.00,-1172305.09,354.04
-443815.74,-1172305.30,355.65
-443816.24,-1172304.28,353.46
-443816.00,-1172304.49,353.59
-443815.73,-1172304.71,355.53
-443805.32,-1172307.80,355.13
-443805.09,-1172308.00,355.15
-443804.83,-1172308.21,355.31
-443804.60,-1172308.41,355.35
-443805.47,-1172307.20,354.82
-443805.24,-1172307.39,354.82
-443804.50,-1172308.02,355.09
-443804.24,-1172308.24,355.21
-443803.99,-1172308.46,355.33
-443803.73,-1172308.67,355.37
-443803.81,-1172307.49,354.85
-443803.56,-1172307.71,354.92
-443803.33,-1172307.90,354.99
-443803.09,-1172308.10,355.08
-443802.83,-1172308.32,355.17
-443805.53,-1172306.60,354.55
-443805.26,-1172306.82,354.46
-443804.53,-1172307.44,354.78
-443804.01,-1172307.88,354.97
-443803.76,-1172308.09,355.11
-443803.50,-1172308.31,355.17
-443803.25,-1172308.53,355.24
-443805.33,-1172306.21,354.14
-443802.57,-1172308.55,355.25
-443802.33,-1172308.75,355.36
-443805.08,-1172305.80,353.75
-443804.82,-1172306.02,353.72
-443804.59,-1172306.22,353.75
-443803.85,-1172306.84,353.87
-443802.84,-1172307.70,354.77
-443802.58,-1172307.92,354.83
-443802.34,-1172308.13,354.93
-443801.84,-1172308.55,355.25
-443801.59,-1172308.76,355.35
-443804.72,-1172305.63,353.62
-443804.45,-1172305.86,353.67
-443804.18,-1172306.08,353.69
-443803.93,-1172306.29,353.67
-443803.69,-1172306.50,353.69
-443802.69,-1172307.34,354.61
-443802.45,-1172307.55,354.61
-443802.21,-1172307.75,354.67
-443801.98,-1172307.95,354.76
-443801.72,-1172308.17,354.91
-443803.82,-1172305.85,353.64
-443803.58,-1172306.05,353.67
-443803.34,-1172306.25,353.71
-443802.61,-1172306.87,354.07
-443802.36,-1172307.08,354.25
-443802.13,-1172307.28,354.42
-443801.87,-1172307.50,354.49
-443801.62,-1172307.71,354.62
-443803.20,-1172305.80,353.62
-443802.96,-1172306.01,353.69
-443802.47,-1172306.42,353.85
-443802.21,-1172306.64,354.09
-443801.95,-1172306.86,354.22
-443801.47,-1172307.27,354.41
-443806.94,-1172305.40,355.86
-443806.70,-1172305.60,355.94
-443806.45,-1172305.81,356.03
-443806.21,-1172306.02,355.99
-443805.97,-1172306.22,355.92
-443803.01,-1172308.73,355.36
-443802.76,-1172308.94,355.54
-443802.52,-1172309.14,355.67
-443802.27,-1172309.35,355.80
-443802.01,-1172309.57,356.08
-443801.77,-1172309.77,356.14
-443801.52,-1172309.99,356.23
-443806.02,-1172305.63,355.85
-443805.76,-1172305.84,355.77
-443802.08,-1172308.95,355.52
-443801.82,-1172309.18,355.69
-443807.38,-1172305.58,355.86
-443807.13,-1172305.79,356.02
-443806.90,-1172305.99,356.11
-443806.64,-1172306.21,356.15
-443806.39,-1172306.42,356.24
-443806.16,-1172306.61,356.35
-443803.50,-1172308.86,355.53
-443802.49,-1172309.72,356.23
-443801.98,-1172310.15,356.50
-443804.99,-1172308.68,355.58
-443804.73,-1172308.90,355.72
-443804.49,-1172309.10,355.81
-443804.25,-1172309.30,355.98
-443804.00,-1172309.52,356.14
-443803.76,-1172309.72,356.30
-443803.52,-1172309.93,356.41
-443803.28,-1172310.13,356.61
-443803.03,-1172310.34,356.73
-443802.77,-1172310.56,356.79
-443808.26,-1172305.31,355.68
-443808.02,-1172305.52,355.82
-443807.77,-1172305.73,355.94
-443807.51,-1172305.95,356.03
-443807.26,-1172306.16,356.16
-443807.01,-1172306.37,356.25
-443806.75,-1172306.59,356.36
-443806.49,-1172306.81,356.51
-443806.26,-1172307.01,356.67
-443806.00,-1172307.23,356.76
-443804.10,-1172308.83,355.60
-443803.86,-1172309.03,355.69
-443802.85,-1172309.89,356.42
-443802.37,-1172310.30,356.59
-443809.65,-1172305.19,355.73
-443809.16,-1172305.61,355.84
-443808.91,-1172305.81,355.92
-443808.66,-1172306.03,356.00
-443808.40,-1172306.25,356.15
-443808.17,-1172306.45,356.26
-443807.91,-1172306.66,356.35
-443806.90,-1172307.52,357.12
-443806.40,-1172307.95,357.31
-443806.15,-1172308.15,357.33
-443805.22,-1172308.94,355.70
-443804.96,-1172309.16,355.85
-443804.71,-1172309.37,355.99
-443804.45,-1172309.59,356.16
-443804.22,-1172309.79,356.32
-443803.96,-1172310.01,356.45
-443802.99,-1172310.84,356.96
-443809.19,-1172305.13,355.67
-443808.93,-1172305.34,355.69
-443808.68,-1172305.55,355.83
-443807.91,-1172306.21,356.18
-443807.66,-1172306.42,356.25
-443807.42,-1172306.62,356.37
-443807.18,-1172306.82,356.51
-443806.93,-1172307.04,356.68
-443806.67,-1172307.26,356.94
-443806.42,-1172307.47,357.10
-443806.18,-1172307.67,357.11
-443805.24,-1172308.47,355.53
-443810.24,-1172305.10,355.76
-443809.99,-1172305.31,355.83
-443809.76,-1172305.51,355.96
-443809.04,-1172306.12,356.17
-443808.78,-1172306.34,356.25
-443808.53,-1172306.55,356.34
-443808.29,-1172306.76,356.38
-443807.06,-1172307.80,357.33
-443806.81,-1172308.01,357.43
-443806.54,-1172308.24,357.50
-443806.30,-1172308.44,357.59
-443806.05,-1172308.66,357.53
-443805.35,-1172309.25,356.07
-443805.11,-1172309.45,356.07
-443804.86,-1172309.66,356.22
-443804.60,-1172309.88,356.38
-443804.36,-1172310.09,356.55
-443804.12,-1172310.29,356.64
-443803.85,-1172310.52,356.84
-443803.60,-1172310.73,357.01
-443803.35,-1172310.94,357.12
-443803.10,-1172311.15,357.13
-443811.04,-1172305.35,356.01
-443810.56,-1172305.76,356.12
-443809.81,-1172306.39,356.46
-443807.57,-1172308.30,357.95
-443807.33,-1172308.50,358.03
-443807.09,-1172308.70,358.04
-443806.83,-1172308.92,358.19
-443806.59,-1172309.12,358.22
-443805.65,-1172309.92,356.97
-443805.41,-1172310.13,356.91
-443805.15,-1172310.34,356.83
-443804.91,-1172310.55,356.88
-443804.66,-1172310.76,356.92
-443804.42,-1172310.97,357.19
-443811.08,-1172304.76,355.73
-443810.83,-1172304.97,355.77
-443810.57,-1172305.19,355.81
-443809.82,-1172305.83,356.09
-443807.37,-1172307.90,357.54
-443806.36,-1172308.76,357.96
-443805.16,-1172309.77,356.44
-443804.91,-1172309.99,356.55
-443804.65,-1172310.21,356.75
-443804.17,-1172310.62,356.90
-443803.93,-1172310.82,357.07
-443803.68,-1172311.03,357.19
-443803.42,-1172311.25,357.27
-443805.65,-1172310.99,357.28
-443811.56,-1172305.45,356.03
-443811.31,-1172305.66,356.16
-443809.56,-1172307.14,357.37
-443808.05,-1172308.42,358.03
-443807.81,-1172308.63,358.18
-443807.55,-1172308.84,358.24
-443807.07,-1172309.26,358.37
-443805.66,-1172310.45,357.24
-443805.42,-1172310.65,357.04
-443805.16,-1172310.87,357.07
-443804.91,-1172311.09,357.23
-443811.28,-1172305.15,355.90
-443813.84,-1172304.48,355.75
-443813.33,-1172304.91,355.82
-443813.10,-1172305.11,355.86
-443812.84,-1172305.33,355.92
-443812.60,-1172305.53,356.01
-443812.36,-1172305.73,356.14
-443812.12,-1172305.93,356.23
-443811.88,-1172306.14,356.37
-443811.62,-1172306.36,356.56
-443811.38,-1172306.57,356.74
-443810.13,-1172307.62,357.47
-443809.89,-1172307.83,357.62
-443809.65,-1172308.03,357.70
-443809.40,-1172308.24,357.86
-443809.14,-1172308.46,357.96
-443808.88,-1172308.68,358.07
-443808.63,-1172308.89,358.12
-443808.37,-1172309.11,358.29
-443808.13,-1172309.32,358.43
-443812.30,-1172305.36,355.98
-443812.07,-1172305.56,356.02
-443811.80,-1172305.78,356.18
-443811.54,-1172306.01,356.34
-443811.30,-1172306.21,356.49
-443809.78,-1172307.50,357.46
-443809.31,-1172307.90,357.64
-443809.06,-1172308.10,357.75
-443808.80,-1172308.33,357.91
-443808.55,-1172308.54,358.00
-443808.32,-1172308.74,358.09
-443808.05,-1172308.96,358.22
-443807.79,-1172309.18,358.38
-443807.55,-1172309.39,358.45
-443813.95,-1172305.38,356.04
-443813.72,-1172305.58,356.15
-443813.18,-1172306.04,356.53
-443811.95,-1172307.08,357.35
-443811.46,-1172307.50,357.46
-443811.20,-1172307.72,357.58
-443810.24,-1172308.53,358.16
-443809.98,-1172308.75,358.22
-443809.75,-1172308.95,358.34
-443809.50,-1172309.15,358.43
-443814.47,-1172304.49,355.79
-443814.21,-1172304.71,355.84
-443813.72,-1172305.12,355.90
-443813.45,-1172305.35,356.00
-443813.21,-1172305.56,356.06
-443811.96,-1172306.62,356.84
-443811.71,-1172306.83,357.08
-443811.47,-1172307.03,357.14
-443810.26,-1172308.06,357.84
-443809.99,-1172308.28,358.01
-443809.75,-1172308.49,358.05
-443809.50,-1172308.70,358.09
-443809.25,-1172308.91,358.26
-443815.18,-1172305.18,355.97
-443814.92,-1172305.40,356.13
-443814.68,-1172305.61,356.29
-443814.43,-1172305.82,356.41
-443814.17,-1172306.04,356.57
-443812.40,-1172307.53,357.67
-443812.16,-1172307.74,357.76
-443811.92,-1172307.95,357.92
-443811.68,-1172308.14,358.07
-443815.03,-1172304.92,355.90
-443814.78,-1172305.13,355.99
-443814.53,-1172305.34,356.08
-443814.29,-1172305.55,356.19
-443814.03,-1172305.76,356.34
-443813.77,-1172305.99,356.53
-443812.28,-1172307.25,357.58
-443812.02,-1172307.47,357.58
-443811.52,-1172307.90,357.84
-443810.27,-1172308.95,358.42
-443815.21,-1172304.32,355.74
-443814.95,-1172304.53,355.79
-443814.70,-1172304.75,355.88
-443814.21,-1172305.17,355.99
-443815.30,-1172306.26,356.67
-443815.05,-1172306.47,356.96
-443814.81,-1172306.68,357.15
-443814.57,-1172306.88,357.32
-443814.33,-1172307.09,357.52
-443814.10,-1172307.28,357.66
-443813.83,-1172307.51,357.72
-443813.59,-1172307.71,357.88
-443813.35,-1172307.92,357.95
-443813.10,-1172308.13,358.09
-443812.86,-1172308.33,358.19
-443812.61,-1172308.55,358.34
-443812.34,-1172308.77,358.44
-443815.43,-1172305.57,356.01
-443815.20,-1172305.77,356.38
-443814.69,-1172306.19,356.73
-443814.45,-1172306.40,356.92
-443814.22,-1172306.59,357.20
-443812.96,-1172307.66,357.78
-443812.71,-1172307.87,357.88
-443812.47,-1172308.08,357.95
-443812.22,-1172308.29,358.11
-443811.95,-1172308.52,358.25
-443811.69,-1172308.74,358.42
-443815.30,-1172307.79,357.91
-443815.05,-1172308.00,358.02
-443814.82,-1172308.20,358.16
-443814.58,-1172308.40,358.31
-443815.54,-1172307.04,357.16
-443815.28,-1172307.26,357.43
-443815.03,-1172307.48,357.71
-443814.79,-1172307.68,357.89
-443814.53,-1172307.90,357.99
-443814.27,-1172308.12,358.14
-443814.01,-1172308.34,358.29
-443813.78,-1172308.54,358.39
-443815.46,-1172306.68,356.96
-443815.20,-1172306.90,357.24
-443814.70,-1172307.32,357.69
-443814.46,-1172307.53,357.79
-443814.21,-1172307.74,357.91
-443813.94,-1172307.97,358.06
-443813.72,-1172308.16,358.13
-443813.47,-1172308.37,358.23
-443813.23,-1172308.57,358.39
-443817.57,-1172307.22,355.38
-443817.32,-1172307.43,355.54
-443817.06,-1172307.65,355.68
-443816.82,-1172307.85,355.85
-443816.56,-1172308.07,356.00
-443816.33,-1172308.27,356.31
-443816.91,-1172307.36,355.48
-443816.66,-1172307.56,355.64
-443816.41,-1172307.77,355.93
-443816.16,-1172307.99,356.20
-443815.91,-1172308.20,357.73
-443816.22,-1172307.49,355.71
-443815.98,-1172307.70,356.11
-443817.32,-1172309.58,357.14
-443819.85,-1172307.02,355.44
-443819.60,-1172307.22,355.58
-443819.33,-1172307.45,355.72
-443819.08,-1172307.67,355.89
-443818.84,-1172307.87,356.01
-443818.60,-1172308.07,356.13
-443818.33,-1172308.30,356.26
-443818.09,-1172308.51,356.41
-443817.83,-1172308.73,356.52
-443817.56,-1172308.95,356.68
-443817.32,-1172309.16,356.86
-443817.08,-1172309.36,356.95
-443816.83,-1172309.58,357.16
-443816.58,-1172309.78,357.30
-443819.14,-1172307.06,355.38
-443818.88,-1172307.28,355.54
-443818.62,-1172307.49,355.70
-443818.37,-1172307.71,355.89
-443818.11,-1172307.93,356.01
-443817.86,-1172308.14,356.13
-443817.63,-1172308.33,356.26
-443817.39,-1172308.54,356.37
-443817.13,-1172308.76,356.53
-443816.87,-1172308.98,356.72
-443816.64,-1172309.18,356.96
-443816.38,-1172309.40,357.24
-443816.11,-1172309.62,357.55
-443818.11,-1172307.34,355.55
-443817.86,-1172307.56,355.71
-443817.60,-1172307.78,355.83
-443817.35,-1172307.98,355.99
-443817.09,-1172308.20,356.13
-443816.85,-1172308.41,356.26
-443816.59,-1172308.63,356.54
-443816.34,-1172308.84,356.88
-443819.32,-1172309.40,357.06
-443819.08,-1172309.61,357.16
-443820.28,-1172308.15,356.34
-443820.02,-1172308.37,356.51
-443819.77,-1172308.58,356.64
-443819.51,-1172308.80,356.74
-443819.27,-1172309.01,356.86
-443819.01,-1172309.22,356.97
-443818.77,-1172309.43,357.11
-443818.52,-1172309.64,357.24
-443820.04,-1172307.89,356.11
-443819.79,-1172308.10,356.27
-443819.53,-1172308.32,356.40
-443819.29,-1172308.53,356.56
-443819.06,-1172308.72,356.69
-443818.82,-1172308.92,356.81
-443818.55,-1172309.15,356.91
-443818.32,-1172309.35,357.07
-443818.08,-1172309.55,357.19
-443817.83,-1172309.77,357.28
-443820.29,-1172307.05,355.50
-443820.05,-1172307.26,355.62
-443819.81,-1172307.46,355.76
-443819.56,-1172307.68,355.94
-443819.31,-1172307.89,356.04
-443819.07,-1172308.09,356.20
-443818.81,-1172308.31,356.36
-443818.57,-1172308.52,356.46
-443818.31,-1172308.74,356.62
-443817.81,-1172309.16,356.86
-443817.58,-1172309.36,356.99
-443820.19,-1172306.42,355.03
-443820.07,-1172306.70,355.22
-443820.18,-1172305.43,354.30
-443820.07,-1172305.70,354.39
-443819.97,-1172305.96,354.58
-443819.87,-1172306.22,354.81
-443819.76,-1172306.50,355.03
-443819.65,-1172306.77,355.31
-443819.86,-1172305.07,353.97
-443819.75,-1172305.33,354.18
-443819.65,-1172305.59,354.37
-443819.54,-1172305.87,354.55
-443819.43,-1172306.13,354.75
-443819.31,-1172306.43,354.93
-443819.20,-1172306.71,355.18
-443819.10,-1172306.98,355.37
-443819.66,-1172304.20,353.46
-443819.54,-1172304.48,353.57
-443819.44,-1172304.74,353.71
-443819.34,-1172304.99,353.88
-443819.23,-1172305.27,354.05
-443819.12,-1172305.54,354.28
-443819.01,-1172305.82,354.45
-443818.90,-1172306.10,354.69
-443818.80,-1172306.36,354.86
-443818.69,-1172306.62,355.03
-443818.58,-1172306.90,355.24
-443819.21,-1172304.14,353.45
-443819.10,-1172304.42,353.55
-443818.99,-1172304.70,353.67
-443818.88,-1172304.97,353.84
-443818.78,-1172305.21,353.98
-443818.67,-1172305.49,354.18
-443818.56,-1172305.77,354.41
-443818.46,-1172306.04,354.59
-443818.36,-1172306.28,354.77
-443818.25,-1172306.55,354.94
-443818.14,-1172306.83,355.14
-443818.04,-1172307.09,355.33
-443818.74,-1172304.02,353.44
-443818.63,-1172304.29,353.50
-443818.52,-1172304.57,353.61
-443818.41,-1172304.85,353.73
-443818.30,-1172305.11,353.93
-443818.19,-1172305.40,354.10
-443818.09,-1172305.65,354.29
-443817.98,-1172305.93,354.49
-443817.88,-1172306.18,354.68
-443817.77,-1172306.45,354.85
-443817.66,-1172306.73,355.07
-443817.57,-1172306.97,355.20
-443817.91,-1172304.76,353.69
-443817.79,-1172305.05,353.85
-443817.70,-1172305.29,353.99
-443817.58,-1172305.59,354.15
-443817.26,-1172306.38,354.73
-443817.04,-1172306.95,355.13
-443817.48,-1172304.41,353.54
-443817.36,-1172304.70,353.69
-443817.25,-1172304.99,353.77
-443817.15,-1172305.24,353.89
-443817.04,-1172305.51,354.11
-443816.93,-1172305.78,354.27
-443816.82,-1172306.05,354.47
-443816.71,-1172306.33,354.70
-443816.61,-1172306.59,354.86
-443816.50,-1172306.86,355.11
-443816.39,-1172307.14,355.36
-443817.09,-1172304.36,353.51
-443816.87,-1172304.91,353.72
-443816.75,-1172305.20,353.86
-443816.65,-1172305.47,354.10
-443816.54,-1172305.73,354.26
-443816.42,-1172306.04,354.54
-443816.32,-1172306.28,354.74
-443816.22,-1172306.53,354.95
-443816.12,-1172306.79,355.26
-443816.00,-1172307.08,355.59
-443816.61,-1172304.39,353.47
-443816.51,-1172304.66,353.58
-443816.39,-1172304.96,353.74
-443816.28,-1172305.23,353.95
-443816.18,-1172305.47,354.14
-443816.07,-1172305.75,354.42
-443815.85,-1172306.30,355.10
-443815.74,-1172306.58,356.42
-443816.15,-1172304.38,353.52
-443816.04,-1172304.66,353.72
-443815.93,-1172304.92,353.96
-443815.82,-1172305.20,354.26
-443815.71,-1172305.46,355.70
-443801.64,-1172307.22,354.44
-443802.73,-1172306.91,354.08
-443802.61,-1172307.21,354.36
-443802.04,-1172307.34,354.47
-443801.93,-1172307.61,354.62
-443801.82,-1172307.89,354.74
-443803.41,-1172306.47,353.71
-443804.02,-1172306.49,353.69
-443803.92,-1172306.75,353.84
-443803.18,-1172308.60,355.33
-443804.07,-1172307.58,354.87
-443803.74,-1172308.39,355.23
-443803.64,-1172308.65,355.39
-443804.72,-1172305.97,353.67
-443805.34,-1172306.33,354.17
-443805.12,-1172306.88,354.30
-443804.68,-1172307.97,355.04
-443804.96,-1172306.46,353.80
-443820.32,-1172308.18,356.37
-443820.21,-1172308.47,356.60
-443819.54,-1172307.04,355.45
-443819.44,-1172307.31,355.62
-443819.33,-1172307.59,355.87
-443819.22,-1172307.85,356.05
-443819.11,-1172308.13,356.23
-443819.00,-1172308.40,356.42
-443818.79,-1172308.94,356.81
-443818.69,-1172309.20,356.91
-443818.59,-1172309.45,357.11
-443818.48,-1172309.73,357.28
-443819.97,-1172306.96,355.45
-443819.87,-1172307.22,355.60
-443819.75,-1172307.51,355.81
-443819.66,-1172307.75,356.00
-443819.55,-1172308.03,356.20
-443819.44,-1172308.29,356.39
-443819.34,-1172308.55,356.58
-443819.24,-1172308.81,356.71
-443819.13,-1172309.07,356.87
-443819.02,-1172309.36,357.05
-443818.92,-1172309.62,357.18
-443820.30,-1172307.05,355.51
-443820.20,-1172307.30,355.73
-443820.00,-1172307.82,356.10
-443819.90,-1172308.07,356.27
-443819.78,-1172308.36,356.47
-443819.68,-1172308.62,356.64
-443819.58,-1172308.88,356.79
-443819.47,-1172309.16,356.88
-443819.36,-1172309.43,357.05
-443817.93,-1172307.37,355.56
-443817.82,-1172307.65,355.77
-443817.72,-1172307.90,355.97
-443817.61,-1172308.18,356.14
-443817.50,-1172308.44,356.34
-443817.38,-1172308.75,356.53
-443817.28,-1172309.01,356.77
-443817.17,-1172309.29,356.94
-443817.07,-1172309.54,357.14
-443816.96,-1172309.81,357.27
-443818.47,-1172307.18,355.44
-443818.36,-1172307.46,355.68
-443818.25,-1172307.73,355.88
-443818.14,-1172308.01,356.07
-443817.93,-1172308.54,356.41
-443817.83,-1172308.79,356.61
-443817.73,-1172309.06,356.78
-443817.62,-1172309.34,356.99
-443817.51,-1172309.60,357.16
-443818.99,-1172307.24,355.54
-443818.88,-1172307.51,355.76
-443818.79,-1172307.76,355.98
-443818.68,-1172308.03,356.14
-443818.46,-1172308.58,356.49
-443818.35,-1172308.85,356.71
-443818.25,-1172309.11,356.86
-443818.13,-1172309.41,357.10
-443818.04,-1172309.65,357.25
-443816.28,-1172307.42,355.65
-443816.17,-1172307.69,355.96
-443816.07,-1172307.95,356.28
-443815.96,-1172308.21,357.71
-443816.83,-1172307.46,355.55
-443816.73,-1172307.73,355.74
-443816.62,-1172308.00,356.00
-443816.52,-1172308.25,356.25
-443816.42,-1172308.51,356.56
-443816.30,-1172308.79,356.93
-443816.20,-1172309.05,357.25
-443816.09,-1172309.32,357.86
-443816.00,-1172309.56,357.75
-443817.45,-1172307.26,355.44
-443817.25,-1172307.76,355.81
-443817.13,-1172308.06,356.00
-443817.03,-1172308.31,356.24
-443816.92,-1172308.59,356.42
-443816.81,-1172308.87,356.68
-443816.71,-1172309.12,356.94
-443816.61,-1172309.37,357.10
-443816.50,-1172309.65,357.35
-443816.39,-1172309.92,357.37
-443815.69,-1172306.73,356.75
-443815.48,-1172307.27,357.35
-443815.37,-1172307.54,357.69
-443815.26,-1172307.82,357.93
-443815.16,-1172305.43,356.13
-443815.06,-1172305.67,356.31
-443814.84,-1172306.24,356.75
-443814.74,-1172306.48,357.01
-443814.63,-1172306.76,357.29
-443814.52,-1172307.04,357.47
-443814.42,-1172307.29,357.66
-443814.31,-1172307.55,357.82
-443814.20,-1172307.84,357.98
-443814.09,-1172308.12,358.15
-443813.98,-1172308.39,358.33
-443813.87,-1172308.67,358.44
-443815.66,-1172305.63,355.85
-443815.56,-1172305.88,356.20
-443815.34,-1172306.43,356.83
-443815.23,-1172306.71,357.09
-443815.12,-1172306.98,357.31
-443815.01,-1172307.26,357.57
-443814.90,-1172307.53,357.81
-443814.80,-1172307.78,357.96
-443814.70,-1172308.05,358.10
-443814.59,-1172308.31,358.28
-443814.49,-1172308.57,358.40
-443814.55,-1172304.58,355.82
-443814.44,-1172304.86,355.89
-443814.22,-1172305.42,356.13
-443814.10,-1172305.70,356.30
-443813.99,-1172305.97,356.56
-443813.26,-1172307.82,357.92
-443813.16,-1172308.07,358.06
-443813.06,-1172308.33,358.22
-443812.95,-1172308.61,358.38
-443815.13,-1172304.42,355.74
-443815.01,-1172304.70,355.85
-443814.90,-1172304.98,355.91
-443814.80,-1172305.25,356.06
-443814.68,-1172305.52,356.25
-443814.57,-1172305.80,356.43
-443814.48,-1172306.05,356.57
-443814.38,-1172306.30,356.80
-443814.26,-1172306.59,357.20
-443814.05,-1172307.11,357.58
-443813.95,-1172307.37,357.70
-443813.83,-1172307.66,357.90
-443813.73,-1172307.91,358.02
-443813.63,-1172308.17,358.12
-443813.51,-1172308.46,358.29
-443813.41,-1172308.73,358.44
-443813.13,-1172305.54,356.03
-443813.03,-1172305.80,356.16
-443812.27,-1172307.71,357.76
-443812.06,-1172308.23,358.14
-443811.96,-1172308.49,358.24
-443811.84,-1172308.77,358.42
-443811.74,-1172309.03,358.48
-443813.99,-1172304.81,355.85
-443813.87,-1172305.12,355.97
-443813.75,-1172305.39,356.08
-443813.65,-1172305.65,356.18
-443812.68,-1172308.09,358.00
-443812.59,-1172308.32,358.17
-443812.48,-1172308.59,358.39
-443812.37,-1172308.87,358.49
-443812.82,-1172305.33,355.93
-443812.71,-1172305.60,356.04
-443812.59,-1172305.89,356.22
-443812.06,-1172307.22,357.49
-443811.95,-1172307.49,357.56
-443811.85,-1172307.76,357.75
-443811.74,-1172308.03,357.97
-443811.63,-1172308.29,358.17
-443811.52,-1172308.58,358.29
-443813.24,-1172305.28,355.97
-443811.74,-1172305.63,356.10
-443811.64,-1172305.89,356.25
-443811.53,-1172306.17,356.40
-443811.43,-1172306.41,356.64
-443811.32,-1172306.70,356.86
-443810.44,-1172308.89,358.42
-443810.35,-1172309.11,358.45
-443812.34,-1172305.34,355.99
-443812.23,-1172305.62,356.12
-443812.12,-1172305.91,356.24
-443812.02,-1172306.15,356.43
-443811.91,-1172306.41,356.62
-443811.80,-1172306.69,356.92
-443811.69,-1172306.97,357.18
-443811.58,-1172307.24,357.34
-443811.47,-1172307.51,357.48
-443810.87,-1172305.27,355.93
-443809.69,-1172308.22,357.91
-443809.37,-1172309.02,358.30
-443811.21,-1172305.52,356.08
-443810.71,-1172306.78,356.94
-443810.26,-1172307.91,357.69
-443810.04,-1172308.46,358.08
-443809.93,-1172308.72,358.19
-443809.93,-1172305.18,355.75
-443809.39,-1172306.53,356.49
-443808.52,-1172308.71,358.09
-443808.42,-1172308.96,358.18
-443808.32,-1172309.23,358.38
-443810.13,-1172305.94,356.17
-443809.91,-1172306.49,356.63
-443809.81,-1172306.74,356.93
-443809.69,-1172307.03,357.26
-443809.59,-1172307.29,357.41
-443809.47,-1172307.57,357.54
-443809.17,-1172308.34,357.93
-443809.07,-1172308.60,358.05
-443808.34,-1172306.17,356.08
-443808.13,-1172306.71,356.37
-443807.16,-1172309.13,358.37
-443808.73,-1172306.18,356.13
-443808.61,-1172306.47,356.32
-443807.84,-1172308.39,358.01
-443809.16,-1172305.88,355.98
-443808.08,-1172308.58,358.09
-443807.76,-1172309.37,358.45
-443806.62,-1172306.93,356.63
-443806.39,-1172307.50,357.12
-443806.28,-1172307.78,357.22
-443806.19,-1172308.01,357.29
-443805.28,-1172310.23,356.88
-443805.16,-1172310.53,356.91
-443807.53,-1172305.75,355.94
-443807.31,-1172306.30,356.21
-443807.20,-1172306.56,356.35
-443806.67,-1172307.89,357.31
-443806.56,-1172308.15,357.47
-443806.34,-1172308.70,357.94
-443805.44,-1172310.92,357.22
-443808.23,-1172305.40,355.77
-443808.12,-1172305.66,355.89
-443806.84,-1172308.87,358.18
-443806.73,-1172309.14,358.24
-443804.36,-1172308.77,355.60
-443804.03,-1172309.58,356.18
-443803.49,-1172310.93,357.10
-443805.92,-1172306.21,355.86
-443804.56,-1172309.58,356.16
-443803.81,-1172311.43,357.34
-443806.47,-1172306.00,356.09
-443805.34,-1172308.80,355.74
-443805.23,-1172309.08,355.79
-443804.69,-1172310.42,356.83
-443802.63,-1172309.96,356.47
-443802.42,-1172310.48,356.70
-443803.54,-1172308.91,355.54
-443802.87,-1172310.56,356.83
-443802.77,-1172310.82,356.89
-443803.54,-1172310.00,356.47
-443803.10,-1172311.09,357.12
-443801.84,-1172309.11,355.62
-443802.31,-1172309.19,355.69
-443802.20,-1172309.47,355.86
-443802.11,-1172309.70,356.21
-443802.00,-1172309.98,356.33
-443820.03,-1172307.00,355.48
-443820.25,-1172306.81,355.35
-443819.53,-1172306.88,355.31
-443819.76,-1172306.67,355.19
-443820.22,-1172306.25,354.81
-443818.79,-1172307.16,355.42
-443819.02,-1172306.95,355.33
-443819.25,-1172306.74,355.21
-443819.49,-1172306.53,355.06
-443819.70,-1172306.33,354.93
-443819.93,-1172306.12,354.77
-443820.16,-1172305.91,354.62
-443818.34,-1172307.16,355.38
-443818.57,-1172306.95,355.28
-443818.78,-1172306.76,355.19
-443819.00,-1172306.56,355.05
-443819.22,-1172306.36,354.92
-443819.47,-1172306.13,354.76
-443819.68,-1172305.94,354.62
-443819.91,-1172305.73,354.43
-443820.13,-1172305.53,354.38
-443817.75,-1172307.22,355.38
-443817.99,-1172306.99,355.25
-443818.25,-1172306.76,355.11
-443818.44,-1172306.58,354.96
-443818.68,-1172306.37,354.86
-443818.90,-1172306.16,354.72
-443819.15,-1172305.94,354.58
-443819.37,-1172305.74,354.41
-443819.58,-1172305.55,354.32
-443819.81,-1172305.34,354.19
-443820.03,-1172305.14,354.09
-443817.27,-1172307.11,355.28
-443817.48,-1172306.91,355.13
-443817.73,-1172306.69,355.04
-443817.96,-1172306.47,354.84
-443818.18,-1172306.28,354.73
-443818.41,-1172306.06,354.58
-443818.65,-1172305.84,354.44
-443818.89,-1172305.63,354.29
-443819.12,-1172305.42,354.16
-443819.35,-1172305.21,354.05
-443819.57,-1172305.01,353.92
-443818.86,-1172305.23,354.01
-443819.08,-1172305.03,353.90
-443819.31,-1172304.82,353.73
-443819.53,-1172304.62,353.65
-443816.54,-1172307.34,355.44
-443816.77,-1172307.13,355.28
-443817.00,-1172306.92,355.10
-443817.48,-1172306.48,354.83
-443817.71,-1172306.28,354.71
-443817.93,-1172306.07,354.61
-443818.17,-1172305.85,354.45
-443818.38,-1172305.67,354.30
-443818.61,-1172305.45,354.12
-443816.02,-1172307.38,355.84
-443816.23,-1172307.19,355.47
-443816.46,-1172306.98,355.22
-443816.69,-1172306.77,355.00
-443816.93,-1172306.55,354.85
-443817.16,-1172306.34,354.71
-443817.38,-1172306.15,354.56
-443817.59,-1172305.95,354.44
-443817.84,-1172305.73,354.30
-443818.07,-1172305.52,354.13
-443818.32,-1172305.29,354.01
-443818.55,-1172305.08,353.87
-443818.78,-1172304.87,353.75
-443819.01,-1172304.66,353.64
-443819.24,-1172304.45,353.57
-443819.45,-1172304.25,353.46
-443819.71,-1172304.02,353.45
-443815.91,-1172307.04,355.71
-443816.14,-1172306.83,355.28
-443816.37,-1172306.62,354.98
-443816.59,-1172306.43,354.79
-443816.82,-1172306.21,354.58
-443817.03,-1172306.02,354.42
-443817.28,-1172305.80,354.28
-443817.49,-1172305.61,354.15
-443817.74,-1172305.38,354.01
-443817.97,-1172305.17,353.91
-443818.19,-1172304.97,353.79
-443818.41,-1172304.77,353.71
-443818.66,-1172304.54,353.58
-443818.89,-1172304.33,353.51
-443819.13,-1172304.11,353.45
-443819.36,-1172303.90,353.43
-443815.72,-1172306.81,356.72
-443815.96,-1172306.59,355.22
-443816.17,-1172306.39,354.92
-443816.40,-1172306.18,354.65
-443816.63,-1172305.97,354.42
-443816.85,-1172305.78,354.28
-443817.07,-1172305.57,354.13
-443817.29,-1172305.37,353.99
-443817.52,-1172305.16,353.87
-443817.74,-1172304.96,353.81
-443817.98,-1172304.75,353.71
-443818.21,-1172304.54,353.59
-443818.44,-1172304.33,353.54
-443818.68,-1172304.11,353.45
-443815.71,-1172306.49,356.44
-443815.95,-1172306.27,354.96
-443816.19,-1172306.05,354.63
-443816.42,-1172305.85,354.39
-443816.64,-1172305.65,354.18
-443816.88,-1172305.42,353.99
-443817.10,-1172305.22,353.87
-443817.33,-1172305.02,353.82
-443817.55,-1172304.82,353.72
-443817.79,-1172304.60,353.64
-443818.23,-1172304.19,353.48
-443816.13,-1172305.71,354.33
-443816.36,-1172305.50,354.12
-443816.58,-1172305.30,353.89
-443816.81,-1172305.09,353.75
-443817.05,-1172304.87,353.72
-443817.28,-1172304.66,353.69
-443815.81,-1172305.53,354.56
-443816.29,-1172305.10,353.86
-443816.50,-1172304.91,353.71
-443816.74,-1172304.70,353.59
-443816.96,-1172304.49,353.53
-443817.20,-1172304.27,353.48
-443815.87,-1172304.96,354.04
-443816.11,-1172304.74,353.72
-443816.35,-1172304.53,353.53
-443816.59,-1172304.31,353.45
-443815.67,-1172304.67,355.62
-443815.91,-1172304.45,353.69
-443805.19,-1172308.50,355.53
-443804.74,-1172308.59,355.53
-443804.96,-1172308.39,355.38
-443805.17,-1172308.20,355.34
-443804.53,-1172308.52,355.42
-443804.74,-1172308.32,355.32
-443804.97,-1172308.11,355.17
-443805.21,-1172307.89,355.11
-443803.70,-1172308.75,355.42
-443803.94,-1172308.53,355.34
-443804.16,-1172308.33,355.25
-443804.40,-1172308.11,355.13
-443805.06,-1172307.51,354.84
-443805.29,-1172307.31,354.82
-443803.35,-1172308.60,355.33
-443803.58,-1172308.38,355.22
-443803.83,-1172308.16,355.15
-443804.06,-1172307.95,355.04
-443805.19,-1172306.92,354.46
-443802.99,-1172308.51,355.23
-443803.92,-1172307.66,354.87
-443805.08,-1172306.61,354.12
-443802.40,-1172308.70,355.35
-443802.64,-1172308.49,355.23
-443802.87,-1172308.28,355.15
-443803.11,-1172308.06,355.04
-443803.83,-1172307.40,354.83
-443804.94,-1172306.39,353.83
-443805.17,-1172306.19,353.86
-443801.79,-1172308.79,355.35
-443802.01,-1172308.59,355.24
-443802.48,-1172308.16,354.93
-443802.95,-1172307.74,354.81
-443803.88,-1172306.88,353.96
-443804.33,-1172306.47,353.75
-443804.56,-1172306.26,353.77
-443804.80,-1172306.05,353.72
-443805.02,-1172305.84,353.69
-443801.60,-1172308.56,355.25
-443801.82,-1172308.36,355.00
-443802.04,-1172308.16,354.93
-443802.26,-1172307.96,354.81
-443802.50,-1172307.74,354.73
-443803.65,-1172306.69,353.74
-443803.87,-1172306.49,353.68
-443804.10,-1172306.28,353.69
-443804.32,-1172306.08,353.69
-443804.56,-1172305.87,353.67
-443801.54,-1172308.18,354.86
-443801.76,-1172307.98,354.79
-443801.98,-1172307.77,354.66
-443802.22,-1172307.56,354.51
-443802.66,-1172307.16,354.25
-443802.88,-1172306.95,354.06
-443803.55,-1172306.34,353.71
-443804.02,-1172305.91,353.67
-443801.63,-1172307.68,354.65
-443801.88,-1172307.45,354.50
-443802.12,-1172307.24,354.40
-443802.33,-1172307.04,354.25
-443802.57,-1172306.82,354.10
-443803.03,-1172306.40,353.79
-443801.46,-1172307.22,354.39
-443801.69,-1172307.02,354.25
-443802.16,-1172306.59,354.07
-443802.39,-1172306.38,353.85
-443802.87,-1172305.94,353.67
-443803.08,-1172305.75,353.60
-443801.40,-1172306.80,354.22
-443818.12,-1172309.33,357.05
-443818.35,-1172309.12,356.87
-443818.59,-1172308.90,356.79
-443818.82,-1172308.69,356.64
-443819.04,-1172308.49,356.52
-443819.26,-1172308.29,356.39
-443819.49,-1172308.08,356.22
-443819.72,-1172307.87,356.10
-443819.95,-1172307.66,356.00
-443820.40,-1172307.26,355.62
-443818.32,-1172309.70,357.29
-443818.52,-1172309.51,357.14
-443818.74,-1172309.32,357.02
-443818.99,-1172309.09,356.89
-443819.22,-1172308.88,356.77
-443819.44,-1172308.68,356.69
-443819.67,-1172308.47,356.54
-443819.91,-1172308.25,356.40
-443820.14,-1172308.05,356.28
-443818.84,-1172309.71,357.21
-443819.06,-1172309.51,357.12
-443819.29,-1172309.30,357.02
-443819.52,-1172309.09,356.87
-443819.75,-1172308.88,356.76
-443819.96,-1172308.69,356.72
-443816.51,-1172308.82,356.80
-443816.73,-1172308.62,356.45
-443816.96,-1172308.42,356.27
-443817.19,-1172308.21,356.13
-443817.43,-1172307.99,356.00
-443817.65,-1172307.79,355.87
-443817.87,-1172307.58,355.74
-443818.10,-1172307.38,355.56
-443816.10,-1172309.61,357.57
-443816.31,-1172309.42,357.29
-443816.54,-1172309.21,357.01
-443816.78,-1172308.99,356.80
-443816.99,-1172308.80,356.59
-443817.23,-1172308.58,356.39
-443817.46,-1172308.37,356.29
-443817.67,-1172308.18,356.15
-443817.89,-1172307.98,356.02
-443818.10,-1172307.79,355.92
-443818.57,-1172307.36,355.56
-443816.35,-1172309.77,357.39
-443816.59,-1172309.56,357.19
-443816.80,-1172309.37,357.00
-443817.02,-1172309.17,356.85
-443817.24,-1172308.96,356.67
-443817.47,-1172308.76,356.53
-443817.70,-1172308.55,356.38
-443817.91,-1172308.35,356.26
-443818.15,-1172308.14,356.16
-443818.37,-1172307.94,356.03
-443818.60,-1172307.72,355.90
-443818.84,-1172307.51,355.74
-443819.08,-1172307.29,355.57
-443819.29,-1172307.10,355.45
-443816.82,-1172309.92,357.28
-443817.05,-1172309.71,357.21
-443817.27,-1172309.51,357.10
-443817.50,-1172309.31,356.93
-443817.73,-1172309.10,356.81
-443817.96,-1172308.88,356.69
-443818.17,-1172308.69,356.58
-443818.40,-1172308.49,356.44
-443818.63,-1172308.27,356.32
-443818.87,-1172308.06,356.19
-443819.09,-1172307.85,356.04
-443819.35,-1172307.62,355.89
-443819.58,-1172307.41,355.74
-443819.82,-1172307.20,355.59
-443817.65,-1172309.76,357.28
-443817.88,-1172309.54,357.18
-443815.86,-1172307.96,357.68
-443816.09,-1172307.75,356.00
-443816.32,-1172307.55,355.72
-443815.89,-1172308.36,357.94
-443816.12,-1172308.15,356.43
-443816.36,-1172307.94,356.00
-443816.59,-1172307.72,355.75
-443816.82,-1172307.51,355.58
-443816.17,-1172308.65,356.88
-443816.40,-1172308.45,356.49
-443816.62,-1172308.24,356.16
-443816.85,-1172308.04,355.99
-443817.06,-1172307.84,355.86
-443817.30,-1172307.62,355.69
-443817.53,-1172307.41,355.56
-443816.04,-1172309.25,357.92
-443816.27,-1172309.04,357.13
-443813.31,-1172308.68,358.45
-443813.53,-1172308.47,358.33
-443813.74,-1172308.28,358.20
-443813.98,-1172308.06,358.09
-443814.22,-1172307.85,357.98
-443814.45,-1172307.64,357.88
-443814.69,-1172307.42,357.72
-443814.92,-1172307.21,357.54
-443815.15,-1172307.00,357.31
-443815.36,-1172306.81,357.13
-443815.58,-1172306.61,356.76
-443813.77,-1172308.58,358.41
-443813.99,-1172308.38,358.32
-443814.22,-1172308.17,358.15
-443814.44,-1172307.97,358.06
-443814.66,-1172307.77,357.93
-443814.90,-1172307.55,357.81
-443815.13,-1172307.34,357.57
-443815.36,-1172307.14,357.33
-443815.59,-1172306.92,357.05
-443814.21,-1172308.59,358.45
-443814.43,-1172308.39,358.35
-443814.65,-1172308.19,358.22
-443814.90,-1172307.97,358.06
-443815.35,-1172307.56,357.71
-443815.59,-1172307.34,357.35
-443811.65,-1172308.81,358.44
-443811.88,-1172308.60,358.27
-443812.12,-1172308.38,358.17
-443812.57,-1172307.97,357.93
-443812.79,-1172307.77,357.81
-443814.14,-1172306.54,357.14
-443814.38,-1172306.32,356.80
-443814.59,-1172306.13,356.69
-443815.06,-1172305.70,356.36
-443815.28,-1172305.50,356.16
-443812.29,-1172308.74,358.43
-443812.51,-1172308.54,358.35
-443812.73,-1172308.34,358.19
-443812.96,-1172308.13,358.08
-443813.19,-1172307.92,357.94
-443813.40,-1172307.73,357.91
-443814.08,-1172307.11,357.56
-443814.30,-1172306.92,357.40
-443814.53,-1172306.70,357.20
-443814.76,-1172306.49,357.01
-443815.01,-1172306.27,356.83
-443815.24,-1172306.06,356.55
-443815.45,-1172305.87,356.34
-443813.02,-1172308.54,358.34
-443813.24,-1172308.34,358.22
-443813.48,-1172308.12,358.07
-443813.69,-1172307.93,357.97
-443813.94,-1172307.71,357.93
-443814.16,-1172307.51,357.81
-443814.37,-1172307.31,357.67
-443814.60,-1172307.10,357.51
-443814.84,-1172306.88,357.32
-443815.08,-1172306.67,357.13
-443815.32,-1172306.45,356.87
-443813.03,-1172306.00,356.31
-443813.27,-1172305.77,356.23
-443813.49,-1172305.57,356.14
-443813.73,-1172305.36,356.08
-443813.97,-1172305.14,355.98
-443814.20,-1172304.93,355.90
-443814.44,-1172304.71,355.85
-443810.37,-1172309.01,358.43
-443811.51,-1172307.97,357.88
-443811.74,-1172307.76,357.69
-443811.98,-1172307.55,357.63
-443812.20,-1172307.34,357.57
-443813.80,-1172305.89,356.41
-443814.02,-1172305.68,356.27
-443814.27,-1172305.46,356.16
-443814.50,-1172305.25,356.04
-443814.73,-1172305.04,355.97
-443811.67,-1172308.31,358.17
-443811.89,-1172308.11,358.06
-443812.13,-1172307.89,357.88
-443812.35,-1172307.70,357.79
-443812.57,-1172307.49,357.69
-443814.18,-1172306.02,356.56
-443814.43,-1172305.80,356.41
-443814.65,-1172305.60,356.28
-443814.85,-1172305.41,356.13
-443815.08,-1172305.21,355.98
-443809.18,-1172308.40,357.94
-443809.65,-1172307.97,357.70
-443809.87,-1172307.78,357.62
-443810.10,-1172307.57,357.44
-443811.43,-1172306.35,356.62
-443811.66,-1172306.15,356.43
-443811.90,-1172305.93,356.25
-443812.14,-1172305.71,356.16
-443812.35,-1172305.52,356.03
-443812.58,-1172305.31,355.93
-443809.24,-1172308.87,358.22
-443809.48,-1172308.66,358.06
-443809.93,-1172308.25,357.99
-443810.13,-1172308.06,357.89
-443811.50,-1172306.81,357.04
-443811.73,-1172306.60,356.77
-443811.95,-1172306.40,356.60
-443812.41,-1172305.99,356.26
-443812.65,-1172305.77,356.14
-443812.89,-1172305.55,356.02
-443813.13,-1172305.33,355.99
-443813.35,-1172305.13,355.89
-443813.58,-1172304.92,355.87
-443813.81,-1172304.71,355.84
-443809.62,-1172309.10,358.43
-443809.86,-1172308.88,358.30
-443810.07,-1172308.69,358.22
-443810.28,-1172308.50,358.17
-443811.66,-1172307.24,357.35
-443811.89,-1172307.03,357.31
-443809.70,-1172306.81,357.02
-443809.96,-1172306.58,356.72
-443810.69,-1172305.91,356.25
-443811.33,-1172305.33,356.01
-443805.69,-1172311.12,357.34
-443807.63,-1172309.35,358.44
-443807.87,-1172309.14,358.36
-443808.08,-1172308.94,358.23
-443808.31,-1172308.73,358.09
-443808.53,-1172308.54,358.00
-443808.76,-1172308.33,357.91
-443809.00,-1172308.11,357.75
-443809.20,-1172307.92,357.65
-443809.45,-1172307.70,357.58
-443809.69,-1172307.48,357.44
-443809.94,-1172307.25,357.32
-443811.28,-1172306.03,356.39
-443811.50,-1172305.84,356.25
-443811.73,-1172305.63,356.10
-443811.97,-1172305.41,355.99
-443808.25,-1172309.25,358.39
-443808.48,-1172309.04,358.26
-443808.94,-1172308.62,358.03
-443804.37,-1172311.07,357.29
-443804.58,-1172310.88,357.12
-443804.80,-1172310.68,356.93
-443805.03,-1172310.47,356.88
-443805.25,-1172310.26,356.89
-443805.48,-1172310.06,356.92
-443806.71,-1172308.94,358.20
-443806.93,-1172308.74,358.02
-443807.16,-1172308.53,357.99
-443807.62,-1172308.12,357.74
-443809.48,-1172306.42,356.38
-443809.71,-1172306.21,356.29
-443809.93,-1172306.01,356.17
-443810.14,-1172305.81,356.11
-443810.85,-1172305.17,355.82
-443805.02,-1172311.08,357.24
-443805.27,-1172310.85,357.08
-443805.70,-1172310.45,357.32
-443806.95,-1172309.32,358.37
-443807.18,-1172309.11,358.36
-443807.42,-1172308.90,358.26
-443807.64,-1172308.69,358.19
-443807.87,-1172308.48,358.06
-443809.47,-1172307.03,357.27
-443807.97,-1172306.80,356.37
-443808.43,-1172306.39,356.22
-443808.65,-1172306.19,356.08
-443808.88,-1172305.97,355.97
-443809.11,-1172305.77,355.89
-443809.35,-1172305.55,355.85
-443809.59,-1172305.33,355.81
-443809.81,-1172305.13,355.75
-443803.46,-1172311.35,357.29
-443803.68,-1172311.15,357.30
-443803.93,-1172310.93,357.12
-443804.15,-1172310.73,357.06
-443804.37,-1172310.53,356.84
-443804.62,-1172310.30,356.76
-443804.86,-1172310.08,356.62
-443805.07,-1172309.89,356.52
-443805.30,-1172309.68,356.46
-443806.33,-1172308.74,357.91
-443806.54,-1172308.55,357.84
-443806.99,-1172308.14,357.57
-443807.22,-1172307.93,357.50
-443808.58,-1172306.70,356.47
-443808.83,-1172306.47,356.37
-443809.04,-1172306.28,356.25
-443809.50,-1172305.86,356.04
-443809.75,-1172305.63,356.03
-443809.97,-1172305.43,355.95
-443810.20,-1172305.22,355.82
-443802.97,-1172310.87,356.98
-443803.18,-1172310.68,356.96
-443803.40,-1172310.48,356.83
-443803.63,-1172310.27,356.69
-443803.86,-1172310.06,356.52
-443804.11,-1172309.83,356.33
-443804.34,-1172309.62,356.16
-443804.59,-1172309.40,356.05
-443804.81,-1172309.20,355.87
-443805.01,-1172309.01,355.76
-443805.23,-1172308.81,355.70
-443806.04,-1172308.08,357.25
-443806.27,-1172307.86,357.22
-443806.49,-1172307.67,357.16
-443806.72,-1172307.46,357.11
-443807.89,-1172306.40,356.22
-443808.12,-1172306.19,356.15
-443808.33,-1172305.99,356.00
-443808.57,-1172305.77,355.89
-443808.79,-1172305.57,355.83
-443809.00,-1172305.38,355.75
-443809.23,-1172305.17,355.68
-443803.33,-1172311.03,357.13
-443803.56,-1172310.82,357.06
-443803.78,-1172310.62,356.92
-443803.99,-1172310.43,356.76
-443804.21,-1172310.23,356.62
-443804.69,-1172309.79,356.33
-443804.91,-1172309.59,356.18
-443805.15,-1172309.37,356.01
-443805.95,-1172308.64,357.49
-443805.38,-1172309.16,356.01
-443806.17,-1172308.44,357.56
-443806.38,-1172308.26,357.54
-443806.62,-1172308.03,357.44
-443806.85,-1172307.82,357.31
-443802.66,-1172310.80,356.85
-443802.88,-1172310.60,356.85
-443803.12,-1172310.38,356.73
-443803.34,-1172310.18,356.63
-443803.57,-1172309.97,356.45
-443803.80,-1172309.76,356.32
-443804.03,-1172309.55,356.16
-443804.25,-1172309.35,356.03
-443804.49,-1172309.13,355.83
-443804.72,-1172308.92,355.74
-443804.96,-1172308.71,355.60
-443805.99,-1172307.77,357.09
-443806.21,-1172307.57,357.06
-443806.43,-1172307.36,357.02
-443806.64,-1172307.17,356.82
-443806.88,-1172306.95,356.63
-443807.12,-1172306.74,356.43
-443807.34,-1172306.54,356.32
-443807.57,-1172306.33,356.25
-443807.82,-1172306.10,356.17
-443808.06,-1172305.88,356.03
-443808.28,-1172305.69,355.92
-443808.51,-1172305.48,355.81
-443808.73,-1172305.27,355.68
-443802.50,-1172310.36,356.68
-443802.72,-1172310.16,356.61
-443802.95,-1172309.96,356.45
-443803.18,-1172309.75,356.32
-443803.40,-1172309.54,356.16
-443803.85,-1172309.13,355.75
-443804.07,-1172308.93,355.63
-443805.99,-1172307.19,356.72
-443806.23,-1172306.97,356.62
-443806.45,-1172306.76,356.46
-443806.67,-1172306.56,356.37
-443806.90,-1172306.36,356.23
-443807.13,-1172306.14,356.18
-443807.38,-1172305.92,356.05
-443807.62,-1172305.70,355.93
-443807.85,-1172305.49,355.82
-443808.09,-1172305.27,355.68
-443802.68,-1172310.47,356.73
-443802.91,-1172310.26,356.71
-443803.13,-1172310.05,356.61
-443803.36,-1172309.84,356.39
-443803.58,-1172309.64,356.27
-443803.81,-1172309.44,356.12
-443804.04,-1172309.22,355.93
-443804.26,-1172309.03,355.77
-443804.50,-1172308.81,355.65
-443805.99,-1172307.46,356.87
-443806.22,-1172307.25,356.89
-443806.44,-1172307.04,356.68
-443806.68,-1172306.82,356.52
-443806.91,-1172306.61,356.37
-443807.15,-1172306.40,356.25
-443807.36,-1172306.21,356.17
-443807.57,-1172306.01,356.06
-443807.83,-1172305.78,355.94
-443808.06,-1172305.56,355.86
-443808.28,-1172305.37,355.73
-443802.09,-1172310.21,356.53
-443802.31,-1172310.01,356.44
-443802.55,-1172309.80,356.30
-443802.78,-1172309.59,356.22
-443803.48,-1172308.95,355.58
-443806.08,-1172306.59,356.25
-443806.30,-1172306.38,356.21
-443806.51,-1172306.19,356.16
-443806.98,-1172305.76,356.02
-443807.21,-1172305.55,355.88
-443802.05,-1172309.36,355.80
-443802.30,-1172309.13,355.62
-443805.87,-1172305.89,355.82
-443806.07,-1172305.71,355.85
-443801.99,-1172309.84,356.22
-443802.20,-1172309.64,356.18
-443803.13,-1172308.79,355.41
-443805.97,-1172306.21,355.92
-443806.19,-1172306.01,355.99
-443806.42,-1172305.80,356.02
-443806.66,-1172305.58,355.92
-443806.87,-1172305.39,355.85
-443801.71,-1172309.33,355.76
-443801.94,-1172309.13,355.68
-443802.17,-1172308.91,355.52
-443820.06,-1172305.54,354.31
-443819.90,-1172305.96,354.57
-443819.69,-1172306.54,355.04
-443819.54,-1172306.93,355.38
-443819.76,-1172304.84,353.78
-443819.61,-1172305.24,354.07
-443819.47,-1172305.62,354.37
-443819.06,-1172306.72,355.14
-443818.90,-1172307.14,355.47
-443819.75,-1172304.11,353.45
-443819.58,-1172304.58,353.58
-443819.22,-1172305.55,354.26
-443819.02,-1172306.08,354.70
-443818.87,-1172306.48,354.96
-443818.68,-1172306.98,355.30
-443819.18,-1172304.34,353.54
-443819.03,-1172304.74,353.69
-443818.84,-1172305.26,354.04
-443818.63,-1172305.82,354.42
-443818.47,-1172306.26,354.77
-443818.28,-1172306.77,355.12
-443818.97,-1172303.98,353.45
-443818.82,-1172304.40,353.54
-443818.66,-1172304.83,353.72
-443818.48,-1172305.32,354.02
-443818.08,-1172306.40,354.82
-443818.11,-1172306.30,354.74
-443817.74,-1172307.30,355.46
-443817.89,-1172305.20,353.94
-443817.51,-1172306.23,354.69
-443817.36,-1172306.64,354.91
-443817.18,-1172307.13,355.31
-443817.81,-1172304.56,353.59
-443817.63,-1172305.06,353.84
-443817.47,-1172305.49,354.11
-443817.25,-1172306.09,354.52
-443817.28,-1172306.00,354.47
-443817.05,-1172306.63,354.91
-443816.88,-1172307.09,355.24
-443817.08,-1172305.08,353.83
-443816.92,-1172305.51,354.11
-443816.74,-1172305.97,354.41
-443816.53,-1172306.55,354.89
-443816.38,-1172306.94,355.21
-443801.75,-1172308.38,355.01
-443816.18,-1172304.80,353.72
-443816.97,-1172304.43,353.53
-443816.64,-1172305.32,353.93
-443820.34,-1172308.17,356.36
-443819.35,-1172307.45,355.72
-443819.17,-1172307.94,356.10
-443818.98,-1172308.44,356.45
-443818.79,-1172308.96,356.81
-443819.63,-1172307.65,355.89
-443819.49,-1172308.04,356.21
-443819.10,-1172309.08,356.87
-443819.15,-1172308.94,356.86
-443818.93,-1172309.53,357.18
-443819.89,-1172308.48,356.55
-443817.74,-1172308.20,356.16
-443817.57,-1172308.66,356.46
-443817.39,-1172309.17,356.86
-443818.51,-1172307.43,355.68
-443818.31,-1172308.00,356.07
-443818.15,-1172308.41,356.38
-443818.69,-1172307.71,355.92
-443818.54,-1172308.11,356.16
-443818.35,-1172308.61,356.48
-443818.18,-1172309.09,356.86
-443816.51,-1172308.07,356.07
-443817.00,-1172307.61,355.67
-443816.64,-1172308.59,356.49
-443817.54,-1172307.84,355.87
-443817.36,-1172308.32,356.26
-443817.00,-1172309.29,356.91
-443816.79,-1172309.85,357.27
-443816.82,-1172309.77,357.25
-443815.35,-1172306.27,356.67
-443815.18,-1172306.74,357.13
-443814.98,-1172307.28,357.59
-443815.01,-1172307.20,357.52
-443814.82,-1172307.71,357.91
-443814.62,-1172308.24,358.25
-443814.64,-1172308.20,358.22
-443815.18,-1172307.51,357.72
-443814.98,-1172308.05,358.06
-443814.44,-1172305.34,356.10
-443814.28,-1172305.75,356.38
-443814.80,-1172305.76,356.41
-443814.66,-1172306.14,356.72
-443814.42,-1172306.80,357.33
-443814.25,-1172307.24,357.60
-443815.24,-1172305.17,355.88
-443814.89,-1172306.12,356.67
-443814.70,-1172306.62,357.13
-443814.53,-1172307.09,357.52
-443814.33,-1172307.63,357.87
-443814.18,-1172308.04,358.10
-443813.95,-1172308.66,358.46
-443813.98,-1172308.58,358.43
-443813.78,-1172305.15,355.95
-443812.72,-1172308.01,357.94
-443814.48,-1172304.77,355.88
-443814.34,-1172305.14,356.00
-443814.15,-1172305.64,356.25
-443813.43,-1172307.59,357.80
-443813.24,-1172308.10,358.06
-443812.67,-1172305.19,355.87
-443811.75,-1172307.68,357.67
-443811.35,-1172308.77,358.42
-443813.41,-1172305.11,355.89
-443812.52,-1172307.51,357.69
-443812.29,-1172308.13,358.04
-443811.71,-1172305.79,356.19
-443812.41,-1172305.23,355.89
-443812.23,-1172305.70,356.13
-443812.06,-1172306.17,356.44
-443811.87,-1172306.67,356.88
-443810.82,-1172304.89,355.75
-443810.91,-1172305.42,356.02
-443809.61,-1172308.92,358.34
-443806.53,-1172308.99,358.17
-443806.36,-1172307.13,356.79
-443820.20,-1172306.96,355.49
-443819.32,-1172307.09,355.47
-443819.67,-1172306.80,355.31
-443819.99,-1172306.53,355.09
-443818.75,-1172307.00,355.30
-443819.10,-1172306.72,355.14
-443819.43,-1172306.44,355.00
-443819.79,-1172306.15,354.76
-443820.12,-1172305.87,354.57
-443818.03,-1172307.05,355.31
-443818.36,-1172306.78,355.11
-443818.71,-1172306.49,354.93
-443819.05,-1172306.20,354.77
-443819.40,-1172305.92,354.56
-443820.04,-1172305.39,354.20
-443817.31,-1172307.12,355.29
-443817.67,-1172306.82,355.11
-443818.01,-1172306.54,354.90
-443818.38,-1172306.24,354.77
-443818.72,-1172305.95,354.55
-443819.44,-1172305.36,354.18
-443819.78,-1172305.08,353.96
-443816.86,-1172306.82,355.07
-443817.24,-1172306.50,354.84
-443817.55,-1172306.24,354.70
-443817.91,-1172305.95,354.49
-443818.27,-1172305.65,354.30
-443818.61,-1172305.37,354.10
-443818.96,-1172305.08,353.91
-443819.30,-1172304.79,353.72
-443816.66,-1172306.30,354.69
-443816.97,-1172306.04,354.42
-443817.33,-1172305.74,354.25
-443817.69,-1172305.44,354.07
-443818.05,-1172305.14,353.89
-443818.42,-1172304.84,353.73
-443818.78,-1172304.54,353.58
-443819.09,-1172304.28,353.47
-443819.42,-1172304.01,353.45
-443816.66,-1172305.75,354.25
-443817.00,-1172305.47,354.06
-443817.35,-1172305.18,353.87
-443817.71,-1172304.88,353.72
-443818.38,-1172304.32,353.50
-443818.70,-1172304.06,353.45
-443816.59,-1172305.30,353.89
-443816.88,-1172305.06,353.78
-443817.25,-1172304.76,353.69
-443816.69,-1172304.58,353.55
-443817.04,-1172304.29,353.48
-443805.60,-1172308.52,355.84
-443804.71,-1172308.72,355.60
-443805.05,-1172308.44,355.45
-443805.40,-1172308.14,355.47
-443809.05,-1172305.11,355.66
-443804.32,-1172308.37,355.33
-443805.01,-1172307.80,354.90
-443805.33,-1172307.54,354.93
-443803.15,-1172308.62,355.33
-443803.49,-1172308.34,355.22
-443803.83,-1172308.06,355.10
-443804.47,-1172307.52,354.83
-443805.20,-1172306.91,354.46
-443805.55,-1172306.62,354.58
-443802.52,-1172308.58,355.25
-443802.83,-1172308.32,355.17
-443803.20,-1172308.01,355.02
-443803.53,-1172307.73,354.92
-443803.86,-1172307.46,354.84
-443804.97,-1172306.54,353.83
-443805.29,-1172306.27,354.12
-443801.54,-1172308.81,355.37
-443801.90,-1172308.52,355.21
-443802.27,-1172308.20,354.98
-443802.62,-1172307.92,354.87
-443802.97,-1172307.62,354.75
-443803.96,-1172306.80,353.88
-443804.32,-1172306.50,353.76
-443804.69,-1172306.19,353.76
-443805.04,-1172305.90,353.75
-443805.36,-1172305.63,353.83
-443801.65,-1172308.10,354.83
-443801.99,-1172307.82,354.68
-443802.34,-1172307.53,354.50
-443802.70,-1172307.23,354.47
-443803.74,-1172306.36,353.67
-443804.10,-1172306.07,353.69
-443804.43,-1172305.79,353.63
-443801.56,-1172307.52,354.55
-443802.62,-1172306.63,353.86
-443802.95,-1172306.36,353.76
-443803.30,-1172306.07,353.69
-443801.40,-1172307.12,354.26
-443802.07,-1172306.56,354.07
-443802.40,-1172306.28,353.82
-443803.09,-1172305.71,353.59
-443817.52,-1172309.63,357.17
-443817.90,-1172309.31,356.98
-443818.27,-1172309.01,356.80
-443818.61,-1172308.73,356.68
-443818.99,-1172308.41,356.42
-443819.36,-1172308.11,356.28
-443819.69,-1172307.84,356.09
-443820.02,-1172307.56,355.93
-443818.37,-1172309.50,357.18
-443818.70,-1172309.23,356.91
-443819.05,-1172308.94,356.81
-443819.42,-1172308.64,356.64
-443819.75,-1172308.36,356.45
-443820.13,-1172308.05,356.27
-443819.15,-1172309.45,357.10
-443819.48,-1172309.18,356.89
-443819.84,-1172308.88,356.75
-443816.60,-1172308.24,356.18
-443816.95,-1172307.95,355.93
-443817.30,-1172307.65,355.70
-443817.65,-1172307.37,355.54
-443816.67,-1172308.72,356.57
-443817.03,-1172308.43,356.26
-443817.37,-1172308.15,356.09
-443817.71,-1172307.87,355.92
-443818.07,-1172307.57,355.69
-443818.39,-1172307.30,355.51
-443816.52,-1172309.41,357.17
-443816.88,-1172309.11,356.85
-443817.21,-1172308.83,356.56
-443817.58,-1172308.52,356.38
-443817.93,-1172308.24,356.22
-443818.25,-1172307.97,356.07
-443818.62,-1172307.67,355.86
-443818.93,-1172307.40,355.63
-443816.68,-1172309.88,357.30
-443817.02,-1172309.60,357.17
-443817.38,-1172309.30,356.92
-443817.73,-1172309.01,356.75
-443818.09,-1172308.71,356.58
-443818.45,-1172308.42,356.38
-443818.78,-1172308.14,356.22
-443819.13,-1172307.85,356.04
-443819.50,-1172307.55,355.84
-443819.84,-1172307.26,355.62
-443813.97,-1172308.52,358.41
-443814.67,-1172307.94,358.06
-443815.40,-1172307.34,357.51
-443815.71,-1172307.08,357.01
-443816.62,-1172307.70,355.75
-443811.59,-1172308.81,358.44
-443811.93,-1172308.52,358.25
-443812.28,-1172308.23,358.09
-443812.97,-1172307.66,357.76
-443814.40,-1172306.48,356.97
-443814.77,-1172306.17,356.72
-443815.08,-1172305.91,356.50
-443812.51,-1172308.68,358.41
-443812.89,-1172308.37,358.20
-443813.26,-1172308.06,358.03
-443813.58,-1172307.79,357.92
-443813.95,-1172307.48,357.72
-443814.29,-1172307.20,357.59
-443814.65,-1172306.90,357.34
-443814.98,-1172306.63,357.11
-443815.31,-1172306.36,356.77
-443813.35,-1172308.49,358.31
-443813.66,-1172308.23,358.16
-443814.02,-1172307.94,358.02
-443814.36,-1172307.65,357.88
-443814.71,-1172307.37,357.70
-443815.38,-1172306.81,357.13
-443813.84,-1172305.30,356.00
-443814.17,-1172305.04,355.93
-443814.49,-1172304.77,355.88
-443810.15,-1172308.89,358.39
-443811.86,-1172307.46,357.54
-443814.34,-1172305.41,356.13
-443814.71,-1172305.10,355.97
-443815.04,-1172304.83,355.88
-443811.55,-1172308.25,358.15
-443811.92,-1172307.94,357.89
-443812.27,-1172307.65,357.73
-443814.37,-1172305.91,356.46
-443814.73,-1172305.61,356.29
-443815.05,-1172305.34,356.01
-443808.22,-1172309.35,358.44
-443808.93,-1172308.76,358.10
-443809.27,-1172308.48,357.98
-443809.62,-1172308.19,357.88
-443809.99,-1172307.88,357.65
-443811.39,-1172306.73,356.90
-443811.75,-1172306.42,356.62
-443812.08,-1172306.15,356.43
-443812.43,-1172305.86,356.19
-443812.76,-1172305.58,356.04
-443813.09,-1172305.31,355.98
-443813.44,-1172305.02,355.88
-443809.35,-1172309.03,358.30
-443809.70,-1172308.74,358.13
-443810.05,-1172308.45,358.07
-443811.39,-1172307.34,357.33
-443811.77,-1172307.03,357.27
-443813.52,-1172305.57,356.14
-443804.99,-1172311.07,357.23
-443805.32,-1172310.79,357.04
-443805.67,-1172310.50,357.28
-443807.20,-1172309.23,358.38
-443807.56,-1172308.93,358.25
-443807.91,-1172308.64,358.16
-443809.66,-1172307.19,357.36
-443811.39,-1172305.75,356.19
-443811.74,-1172305.46,356.03
-443812.42,-1172304.89,355.80
-443805.63,-1172310.94,357.31
-443807.57,-1172309.33,358.45
-443807.95,-1172309.01,358.26
-443808.29,-1172308.73,358.09
-443808.65,-1172308.43,357.97
-443808.98,-1172308.15,357.77
-443809.33,-1172307.86,357.64
-443809.65,-1172307.59,357.52
-443811.43,-1172306.12,356.40
-443811.78,-1172305.83,356.22
-443812.13,-1172305.54,356.02
-443812.49,-1172305.24,355.89
-443812.79,-1172304.99,355.82
-443806.44,-1172308.91,358.03
-443809.52,-1172306.36,356.35
-443809.85,-1172306.08,356.17
-443810.49,-1172305.55,355.97
-443810.90,-1172305.21,355.86
-443804.61,-1172310.96,357.19
-443804.97,-1172310.66,356.92
-443805.33,-1172310.36,356.96
-443805.68,-1172310.07,357.09
-443809.64,-1172306.78,356.84
-443809.97,-1172306.50,356.69
-443811.40,-1172305.31,356.01
-443812.06,-1172304.77,355.76
-443803.17,-1172311.04,357.12
-443803.51,-1172310.76,357.01
-443803.88,-1172310.45,356.76
-443804.23,-1172310.16,356.59
-443804.60,-1172309.85,356.35
-443804.95,-1172309.56,356.16
-443805.29,-1172309.28,356.06
-443806.15,-1172308.56,357.58
-443806.51,-1172308.26,357.52
-443806.87,-1172307.96,357.43
-443808.95,-1172306.24,356.21
-443809.27,-1172305.97,356.05
-443809.95,-1172305.40,355.95
-443810.32,-1172305.09,355.76
-443810.60,-1172304.86,355.73
-443803.82,-1172311.10,357.30
-443804.15,-1172310.83,357.09
-443804.82,-1172310.26,356.76
-443805.19,-1172309.96,356.62
-443805.54,-1172309.67,356.60
-443802.63,-1172310.45,356.73
-443802.96,-1172310.17,356.65
-443803.32,-1172309.87,356.41
-443803.67,-1172309.58,356.23
-443803.99,-1172309.32,356.03
-443804.36,-1172309.01,355.74
-443806.28,-1172307.41,357.02
-443806.65,-1172307.10,356.78
-443806.99,-1172306.82,356.52
-443807.35,-1172306.52,356.32
-443807.69,-1172306.24,356.21
-443808.01,-1172305.97,356.05
-443808.36,-1172305.68,355.86
-443808.72,-1172305.38,355.71
-443802.81,-1172310.84,356.90
-443803.16,-1172310.55,356.86
-443803.51,-1172310.26,356.69
-443803.85,-1172309.97,356.45
-443804.22,-1172309.67,356.22
-443804.56,-1172309.39,356.05
-443804.89,-1172309.11,355.84
-443805.24,-1172308.82,355.69
-443806.15,-1172308.06,357.27
-443806.50,-1172307.77,357.25
-443806.82,-1172307.51,357.11
-443807.89,-1172306.61,356.34
-443808.58,-1172306.04,356.05
-443808.94,-1172305.74,355.89
-443809.26,-1172305.47,355.83
-443809.64,-1172305.16,355.72
-443802.60,-1172309.81,356.32
-443802.93,-1172309.53,356.16
-443803.65,-1172308.93,355.61
-443806.24,-1172306.78,356.50
-443806.57,-1172306.50,356.32
-443806.90,-1172306.23,356.17
-443807.24,-1172305.94,356.05
-443807.61,-1172305.63,355.86
-443807.96,-1172305.34,355.69
-443801.84,-1172309.15,355.66
-443802.16,-1172308.88,355.44
-443805.83,-1172305.82,355.77
-443806.14,-1172305.55,355.85
-443801.74,-1172309.80,356.22
-443802.09,-1172309.51,355.97
-443802.42,-1172309.23,355.71
-443802.77,-1172308.93,355.54
-443806.06,-1172306.20,356.03
-443806.42,-1172305.90,356.04
-443806.73,-1172305.64,355.95
-443807.08,-1172305.35,355.84
