-443802.501,-1172436.435,351.030
-443801.669,-1172419.159,352.572
-443800.825,-1172417.947,353.000
-443798.989,-1172417.658,353.588
-443797.819,-1172403.469,351.647
-443798.071,-1172403.249,351.519
-443797.382,-1172403.508,351.902
-443797.621,-1172403.289,351.739
-443797.846,-1172403.089,351.601
-443797.730,-1172405.278,351.790
-443798.455,-1172404.620,351.349
-443798.697,-1172404.399,351.183
-443798.929,-1172404.189,351.067
-443799.158,-1172403.988,350.935
-443799.646,-1172403.558,350.659
-443799.888,-1172403.348,350.491
-443797.974,-1172404.649,351.647
-443798.419,-1172404.249,351.345
-443799.157,-1172403.587,350.930
-443799.406,-1172403.359,350.772
-443798.250,-1172404.029,351.418
-443798.498,-1172403.809,351.286
-443799.461,-1172402.947,350.749
-443797.803,-1172404.009,351.684
-443798.035,-1172403.798,351.545
-443798.493,-1172403.387,351.271
-443798.730,-1172403.167,351.121
-443798.954,-1172402.970,350.988
-443798.108,-1172406.369,351.657
-443798.602,-1172405.938,351.380
-443798.819,-1172405.729,351.215
-443799.516,-1172405.098,350.793
-443799.974,-1172404.718,350.551
-443797.912,-1172406.147,351.762
-443798.138,-1172405.948,351.574
-443798.370,-1172405.738,351.471
-443799.329,-1172404.869,350.896
-443799.577,-1172404.650,350.752
-443799.811,-1172404.439,350.620
-443797.872,-1172405.679,351.732
-443799.523,-1172404.209,350.764
-443798.253,-1172407.126,351.617
-443798.963,-1172406.489,351.187
-443797.870,-1172406.988,351.809
-443798.327,-1172406.569,351.524
-443798.560,-1172406.368,351.408
-443799.267,-1172405.739,350.982
-443797.856,-1172408.308,351.873
-443798.064,-1172408.118,351.713
-443799.304,-1172407.009,351.044
-443799.525,-1172406.809,350.860
-443799.746,-1172406.610,350.731
-443798.106,-1172407.736,351.710
-443798.807,-1172407.098,351.295
-443799.055,-1172406.887,351.201
-443799.795,-1172406.218,350.734
-443798.304,-1172408.766,351.649
-443798.541,-1172408.559,351.520
-443798.780,-1172408.339,351.359
-443799.501,-1172407.688,350.939
-443798.163,-1172408.408,351.743
-443798.379,-1172408.219,351.578
-443798.613,-1172408.006,351.477
-443798.843,-1172407.796,351.310
-443799.082,-1172407.578,351.193
-443799.316,-1172407.369,351.012
-443799.549,-1172407.159,350.875
-443799.786,-1172406.939,350.711
-443800.049,-1172406.717,350.602
-443800.169,-1172408.039,350.575
-443800.391,-1172407.849,350.388
-443798.294,-1172409.719,351.696
-443798.994,-1172409.089,351.293
-443799.466,-1172408.668,350.981
-443798.209,-1172409.389,351.696
-443798.700,-1172408.949,351.460
-443799.348,-1172409.679,351.124
-443800.085,-1172409.018,350.680
-443800.337,-1172408.798,350.530
-443798.676,-1172409.799,351.481
-443799.146,-1172409.379,351.172
-443799.385,-1172409.159,351.079
-443800.111,-1172408.508,350.670
-443769.730,-1172412.626,354.158
-443769.943,-1172412.416,353.986
-443769.954,-1172415.108,354.087
-443770.213,-1172418.329,354.013
-443770.236,-1172419.146,353.993
-443785.030,-1172418.546,350.038
-443785.022,-1172420.207,350.111
-443785.096,-1172421.169,350.158
-443785.116,-1172421.959,350.182
-443794.892,-1172377.506,351.874
-443795.195,-1172377.769,351.750
-443795.311,-1172378.389,351.709
-443796.233,-1172377.556,351.154
-443796.051,-1172378.198,351.341
-443796.301,-1172377.977,351.169
-443796.756,-1172377.549,350.853
-443795.660,-1172379.027,351.600
-443796.111,-1172378.608,351.311
-443796.808,-1172377.979,350.835
-443795.448,-1172379.619,351.724
-443796.820,-1172378.378,350.877
-443797.061,-1172378.169,350.740
-443795.410,-1172380.109,351.759
-443795.643,-1172379.908,351.615
-443795.884,-1172379.688,351.446
-443796.810,-1172378.848,350.929
-443797.053,-1172378.628,350.792
-443797.517,-1172378.208,350.491
-443795.450,-1172380.630,351.739
-443795.918,-1172380.208,351.444
-443796.405,-1172379.759,351.139
-443796.630,-1172379.559,351.008
-443796.072,-1172380.564,351.420
-443796.793,-1172379.908,350.981
-443797.016,-1172379.709,350.790
-443797.279,-1172379.469,350.698
-443795.581,-1172381.367,351.740
-443795.809,-1172381.158,351.588
-443796.276,-1172380.739,351.321
-443797.444,-1172379.686,350.606
-443796.803,-1172380.649,351.004
-443797.027,-1172380.429,350.863
-443795.853,-1172381.506,351.585
-443796.104,-1172381.279,351.464
-443795.709,-1172382.099,351.687
-443795.949,-1172381.879,351.537
-443796.427,-1172381.450,351.243
-443796.647,-1172381.249,351.124
-443797.336,-1172380.630,350.661
-443796.096,-1172382.240,351.491
-443796.759,-1172381.629,351.075
-443796.986,-1172381.429,350.932
-443797.226,-1172381.208,350.802
-443797.460,-1172381.008,350.649
-443795.606,-1172383.038,351.816
-443796.037,-1172382.639,351.542
-443796.976,-1172381.789,350.970
-443795.987,-1172383.119,351.573
-443796.934,-1172382.280,351.026
-443797.148,-1172382.077,350.873
-443797.658,-1172381.627,350.613
-443796.557,-1172383.098,351.318
-443797.042,-1172382.667,351.023
-443795.759,-1172384.329,351.798
-443796.011,-1172384.109,351.679
-443796.249,-1172383.889,351.508
-443796.721,-1172383.468,351.221
-443797.406,-1172382.839,350.802
-443797.663,-1172382.626,350.656
-443797.875,-1172382.427,350.495
-443797.820,-1172382.839,350.576
-443795.770,-1172385.079,351.788
-443796.032,-1172384.837,351.683
-443796.261,-1172384.639,351.522
-443796.495,-1172384.429,351.337
-443797.209,-1172383.777,350.977
-443796.264,-1172385.077,351.555
-443796.739,-1172384.638,351.287
-443796.063,-1172385.749,351.713
-443796.516,-1172385.339,351.441
-443796.993,-1172384.908,351.162
-443796.320,-1172385.888,351.551
-443797.489,-1172384.839,350.826
-443797.972,-1172384.398,350.580
-443796.013,-1172386.579,351.744
-443796.252,-1172386.357,351.637
-443796.484,-1172386.148,351.506
-443796.964,-1172385.718,351.213
-443797.691,-1172385.057,350.790
-443797.311,-1172385.869,351.011
-443797.558,-1172385.648,350.867
-443796.129,-1172387.477,351.786
-443797.051,-1172386.638,351.202
-443797.287,-1172386.419,351.084
-443798.023,-1172385.768,350.645
-443796.025,-1172387.939,351.835
-443796.510,-1172387.498,351.537
-443796.738,-1172387.289,351.395
-443796.972,-1172387.077,351.242
-443797.668,-1172386.449,350.846
-443797.918,-1172386.230,350.705
-443798.154,-1172386.017,350.544
-443796.356,-1172388.069,351.630
-443796.597,-1172387.850,351.503
-443796.838,-1172387.639,351.354
-443798.222,-1172386.388,350.552
-443796.117,-1172388.799,351.803
-443796.364,-1172388.579,351.678
-443796.585,-1172388.379,351.550
-443797.289,-1172387.749,351.118
-443797.748,-1172387.329,350.855
-443796.972,-1172388.589,351.374
-443797.204,-1172388.380,351.198
-443797.695,-1172387.949,350.967
-443796.611,-1172389.898,351.631
-443796.844,-1172389.679,351.456
-443797.310,-1172389.268,351.178
-443798.260,-1172388.408,350.659
-443796.857,-1172389.139,351.444
-443797.101,-1172388.928,351.270
-443797.356,-1172388.690,351.130
-443796.640,-1172390.439,351.638
-443796.857,-1172390.249,351.484
-443797.570,-1172389.608,351.079
-443797.806,-1172389.389,350.931
-443798.044,-1172389.178,350.799
-443797.139,-1172390.590,351.357
-443797.373,-1172390.370,351.205
-443797.607,-1172390.159,351.093
-443798.057,-1172389.759,350.752
-443798.319,-1172389.529,350.636
-443796.444,-1172391.669,351.764
-443796.659,-1172391.459,351.594
-443797.150,-1172391.027,351.389
-443797.398,-1172390.799,351.254
-443797.839,-1172390.399,350.937
-443798.303,-1172389.989,350.705
-443796.588,-1172392.040,351.755
-443797.040,-1172391.629,351.461
-443797.271,-1172391.419,351.312
-443798.197,-1172390.587,350.777
-443798.438,-1172390.378,350.641
-443796.527,-1172392.659,351.792
-443796.765,-1172392.439,351.639
-443796.994,-1172392.240,351.468
-443797.964,-1172391.368,350.973
-443798.168,-1172391.178,350.805
-443796.737,-1172393.049,351.714
-443797.913,-1172391.980,350.986
-443798.414,-1172391.549,350.723
-443796.586,-1172393.599,351.801
-443797.092,-1172393.148,351.550
-443797.526,-1172392.748,351.203
-443798.051,-1172392.289,350.950
-443796.816,-1172393.808,351.707
-443797.033,-1172393.609,351.565
-443797.270,-1172393.399,351.429
-443797.487,-1172393.199,351.264
-443797.982,-1172392.759,351.020
-443798.454,-1172392.337,350.708
-443798.695,-1172392.118,350.576
-443796.706,-1172394.439,351.791
-443796.936,-1172394.219,351.613
-443797.415,-1172393.789,351.349
-443798.369,-1172392.939,350.775
-443796.890,-1172394.720,351.739
-443798.306,-1172393.439,350.872
-443798.524,-1172393.240,350.728
-443798.751,-1172393.038,350.588
-443797.931,-1172394.199,351.061
-443798.631,-1172393.570,350.659
-443796.871,-1172395.519,351.771
-443798.274,-1172394.258,350.924
-443797.418,-1172395.487,351.415
-443798.605,-1172394.426,350.725
-443798.854,-1172394.205,350.590
-443799.087,-1172393.996,350.400
-443797.243,-1172396.108,351.586
-443797.484,-1172395.898,351.455
-443797.716,-1172395.679,351.290
-443797.969,-1172395.449,351.136
-443798.193,-1172395.239,350.966
-443798.455,-1172395.009,350.849
-443798.910,-1172394.597,350.592
-443797.196,-1172396.489,351.621
-443797.452,-1172396.269,351.501
-443798.365,-1172395.439,350.880
-443796.879,-1172397.128,351.848
-443797.329,-1172396.719,351.577
-443798.055,-1172396.087,351.156
-443798.533,-1172395.648,350.837
-443797.128,-1172397.389,351.696
-443797.841,-1172396.748,351.262
-443798.337,-1172396.307,351.025
-443799.016,-1172395.678,350.563
-443797.362,-1172397.708,351.651
-443797.599,-1172397.488,351.496
-443798.510,-1172396.669,350.938
-443798.748,-1172396.459,350.784
-443797.234,-1172398.170,351.716
-443797.461,-1172397.967,351.583
-443797.698,-1172397.748,351.444
-443798.606,-1172396.930,350.853
-443797.837,-1172398.039,351.374
-443798.066,-1172397.829,351.222
-443798.299,-1172397.618,351.079
-443798.516,-1172397.419,350.912
-443797.618,-1172398.689,351.515
-443797.665,-1172399.140,351.529
-443797.903,-1172398.920,351.376
-443798.143,-1172398.719,351.255
-443798.835,-1172398.097,350.846
-443799.066,-1172397.878,350.653
-443799.290,-1172397.679,350.527
-443797.530,-1172399.609,351.588
-443798.730,-1172398.529,350.910
-443798.962,-1172398.319,350.752
-443797.577,-1172399.969,351.594
-443797.820,-1172399.759,351.457
-443797.394,-1172400.670,351.717
-443798.341,-1172399.827,351.161
-443798.554,-1172399.638,351.015
-443799.022,-1172399.207,350.760
-443799.273,-1172398.989,350.603
-443799.474,-1172398.808,350.413
-443797.144,-1172401.469,351.927
-443798.543,-1172400.229,351.123
-443799.228,-1172399.599,350.675
-443797.738,-1172401.419,351.597
-443797.980,-1172401.208,351.437
-443798.451,-1172400.788,351.141
-443798.692,-1172400.579,350.993
-443799.407,-1172399.928,350.603
-443797.618,-1172401.949,351.694
-443798.304,-1172401.337,351.272
-443798.183,-1172401.957,351.374
-443798.443,-1172401.739,351.222
-443798.668,-1172401.528,351.091
-443799.587,-1172400.698,350.514
-443797.539,-1172403.029,351.777
-443798.721,-1172401.977,351.095
-443799.179,-1172401.549,350.808
-443799.428,-1172401.328,350.665
-443798.090,-1172402.869,351.489
-443798.341,-1172402.644,351.341
-443798.762,-1172402.629,351.054
-443798.988,-1172402.418,350.927
-443799.451,-1172401.998,350.651
-443799.193,-1172402.757,350.861
-443799.442,-1172402.538,350.713
-443842.285,-1172308.309,355.079
-443801.942,-1172329.610,351.451
-443759.095,-1172336.520,353.179
-443759.789,-1172335.889,352.795
-443757.997,-1172336.678,353.706
-443759.160,-1172335.618,353.087
-443759.408,-1172335.389,352.946
-443758.759,-1172336.419,353.347
-443759.450,-1172335.777,352.949
-443757.437,-1172336.798,353.955
-443757.918,-1172336.358,353.698
-443758.152,-1172336.149,353.555
-443759.127,-1172335.260,353.112
-443757.395,-1172336.199,353.931
-443757.875,-1172335.760,353.669
-443756.330,-1172336.639,354.479
-443756.772,-1172336.230,354.215
-443759.135,-1172334.079,352.998
-443757.745,-1172334.748,353.721
-443757.953,-1172334.549,353.585
-443756.443,-1172334.979,354.307
-443757.634,-1172333.889,353.727
-443755.903,-1172336.000,354.616
-443756.144,-1172335.790,354.497
-443757.295,-1172333.819,353.879
-443755.522,-1172335.049,354.832
-443756.219,-1172334.409,354.418
-443756.937,-1172333.759,354.063
-443758.625,-1172332.219,353.208
-443755.568,-1172334.759,354.765
-443756.043,-1172334.318,354.524
-443757.473,-1172333.018,353.795
-443757.937,-1172332.590,353.552
-443758.415,-1172332.149,353.290
-443758.658,-1172331.929,353.164
-443756.285,-1172333.599,354.387
-443756.508,-1172333.389,354.225
-443757.202,-1172332.748,353.853
-443755.525,-1172333.917,354.749
-443757.797,-1172331.439,353.533
-443755.715,-1172333.080,354.581
-443756.169,-1172332.679,354.326
-443758.587,-1172330.487,353.141
-443756.364,-1172332.019,354.198
-443756.600,-1172331.807,354.040
-443758.516,-1172330.058,353.132
-443756.120,-1172331.908,354.339
-443756.339,-1172331.718,354.205
-443757.543,-1172330.610,353.556
-443758.030,-1172330.169,353.358
-443750.551,-1172336.538,352.411
-443755.155,-1172332.340,354.780
-443755.388,-1172332.129,354.696
-443755.868,-1172331.688,354.405
-443755.060,-1172332.068,354.860
-443757.871,-1172329.509,353.401
-443755.222,-1172331.268,354.731
-443755.937,-1172330.616,354.355
-443757.849,-1172328.878,353.444
-443755.204,-1172330.760,354.687
-443755.445,-1172330.539,354.570
-443755.190,-1172330.189,354.688
-443723.163,-1172329.277,352.442
-443836.655,-1172425.167,374.293
-443849.096,-1172407.615,374.328
-443840.455,-1172414.049,375.277
-443851.504,-1172398.109,373.948
-443850.551,-1172398.578,374.758
-443844.409,-1172392.868,374.725
-443835.690,-1172399.907,374.776
-443835.558,-1172399.513,374.779
-443850.089,-1172385.508,374.829
-443850.359,-1172384.947,374.715
-443850.266,-1172378.929,374.102
-443850.891,-1172378.345,373.616
-443835.206,-1172379.844,374.401
-443827.054,-1172365.146,371.139
-443827.308,-1172362.816,370.829
-443827.064,-1172362.453,371.105
-443827.257,-1172360.740,370.791
-443827.250,-1172360.229,370.786
-443826.944,-1172360.057,371.135
-443827.243,-1172358.887,370.787
-443826.872,-1172356.258,371.131
-443827.098,-1172356.069,370.891
-443826.837,-1172348.647,370.815
-443734.307,-1172432.838,361.847
-443836.261,-1172338.170,370.840
-443734.225,-1172429.687,361.842
-443734.320,-1172428.716,361.635
-443734.291,-1172426.920,361.640
-443830.852,-1172336.377,370.831
-443826.325,-1172339.885,371.134
-443837.507,-1172306.229,356.942
-443837.466,-1172305.839,356.951
-443837.238,-1172305.767,357.075
-443820.736,-1172310.370,356.621
-443819.465,-1172309.778,357.529
-443820.076,-1172310.159,357.068
-443815.485,-1172308.319,358.247
-443815.682,-1172308.128,358.084
-443815.799,-1172309.009,357.996
-443813.398,-1172306.748,357.544
-443794.258,-1172318.808,357.796
-443793.702,-1172318.658,358.178
-443793.440,-1172318.100,358.229
-443798.560,-1172313.449,360.154
-443793.753,-1172318.337,358.084
-443798.051,-1172313.018,360.451
-443797.747,-1172312.957,360.628
-443798.206,-1172312.529,360.291
-443798.411,-1172312.347,360.139
-443797.512,-1172312.287,360.721
-443797.960,-1172311.888,360.416
-443798.180,-1172311.699,360.227
-443798.333,-1172311.948,360.174
-443790.496,-1172315.789,359.932
-443775.937,-1172315.668,360.622
-443775.574,-1172314.508,360.813
-443775.195,-1172315.337,361.176
-443775.838,-1172314.739,360.604
-443775.419,-1172313.504,360.878
-443750.962,-1172319.940,358.164
-443750.404,-1172319.539,358.437
-443750.557,-1172319.799,358.371
-443750.783,-1172319.590,358.246
-443750.500,-1172318.549,358.309
-443749.597,-1172318.739,358.922
-443749.376,-1172317.999,359.049
-443750.285,-1172317.159,358.361
-443750.505,-1172316.959,358.220
-443750.075,-1172317.020,358.530
-443750.294,-1172316.829,358.356
-443750.525,-1172316.609,358.189
-443748.546,-1172317.888,359.592
-443749.875,-1172316.669,358.598
-443750.073,-1172316.479,358.416
-443750.306,-1172316.279,358.281
-443750.387,-1172315.869,358.223
-443748.406,-1172317.679,359.630
-443749.943,-1172316.270,358.505
-443747.806,-1172317.069,360.001
-443749.592,-1172315.430,358.653
-443749.943,-1172314.690,358.376
-443747.927,-1172316.549,359.883
-443749.737,-1172314.889,358.553
-443748.359,-1172315.359,359.505
-443749.384,-1172313.946,358.705
-443750.054,-1172313.327,358.246
-443746.718,-1172316.378,360.663
-443749.685,-1172313.299,358.420
-443747.225,-1172315.559,360.249
-443747.683,-1172315.139,359.915
-443747.894,-1172314.940,359.767
-443748.716,-1172313.809,359.132
-443748.486,-1172314.019,359.280
-443749.460,-1172312.869,358.577
-443726.991,-1172321.239,357.948
-443726.942,-1172320.886,357.959
-443727.175,-1172320.679,357.785
-443726.636,-1172320.727,358.137
-443726.239,-1172320.559,358.315
-443726.464,-1172320.348,358.196
-443726.719,-1172319.656,358.005
-443725.504,-1172320.298,358.775
-443725.746,-1172320.087,358.640
-443725.175,-1172320.115,358.989
-443726.069,-1172319.294,358.376
-443726.301,-1172319.088,358.259
-443726.540,-1172318.878,358.104
-443726.769,-1172318.647,357.901
-443721.197,-1172318.729,358.001
-443721.427,-1172318.519,357.893
-443721.648,-1172318.308,357.746
-443720.879,-1172318.548,358.176
-443721.119,-1172318.328,358.048
-443721.285,-1172317.637,357.958
-443721.509,-1172317.439,357.808
-443721.283,-1172317.229,357.931
-443721.748,-1172316.798,357.657
-443722.206,-1172316.380,357.321
-443720.896,-1172317.117,358.161
-443721.103,-1172316.926,357.995
-443721.556,-1172316.509,357.748
-443720.779,-1172316.718,358.136
-443721.247,-1172316.288,357.864
-443741.286,-1172296.470,358.639
-443741.721,-1172296.067,358.292
-443739.781,-1172297.408,359.879
-443741.040,-1172296.247,358.738
-443741.502,-1172295.818,358.422
-443741.934,-1172295.418,358.096
-443742.173,-1172295.207,357.942
-443740.398,-1172296.328,359.115
-443740.639,-1172296.108,358.955
-443741.285,-1172295.518,358.506
-443741.750,-1172295.088,358.188
-443742.206,-1172294.675,357.867
-443741.322,-1172295.108,358.470
-443739.710,-1172296.167,359.584
-443741.053,-1172294.937,358.624
-443741.219,-1172294.296,358.482
-443741.428,-1172294.096,358.321
-443739.441,-1172295.359,359.701
-443740.341,-1172294.538,359.076
-443740.781,-1172294.127,358.755
-443739.433,-1172294.986,359.697
-443739.658,-1172294.779,359.503
-443740.563,-1172293.948,358.875
-443740.780,-1172293.755,358.745
-443739.802,-1172294.186,359.387
-443722.136,-1172296.119,357.673
-443722.027,-1172295.609,357.682
-443721.887,-1172295.339,357.772
-443722.117,-1172295.118,357.627
-443721.941,-1172294.918,357.697
-443721.801,-1172294.135,357.732
-443721.873,-1172293.179,357.653
-443716.318,-1172333.466,360.728
-443716.146,-1172330.376,360.589
-443715.831,-1172328.168,360.601
-443715.753,-1172327.859,360.685
-443719.580,-1172320.224,359.073
-443719.810,-1172320.007,358.938
-443720.511,-1172319.367,358.454
-443719.646,-1172319.138,358.912
-443720.112,-1172318.719,358.624
-443719.741,-1172319.600,358.891
-443719.491,-1172318.407,358.962
-443719.957,-1172317.969,358.683
-443720.185,-1172317.760,358.549
-443719.697,-1172318.680,358.853
-443719.915,-1172318.479,358.710
-443720.138,-1172318.279,358.604
-443720.098,-1172317.337,358.566
-443714.825,-1172318.036,360.289
-443698.740,-1172320.499,361.040
-443798.207,-1172403.278,351.542
-443798.071,-1172403.628,351.638
-443797.922,-1172404.009,351.733
-443797.710,-1172403.068,351.609
-443797.347,-1172403.160,351.904
-443799.040,-1172403.839,350.899
-443798.889,-1172404.239,351.045
-443798.353,-1172405.667,351.365
-443798.917,-1172403.468,351.188
-443798.351,-1172404.968,351.539
-443798.065,-1172405.719,351.780
-443797.790,-1172406.449,351.909
-443797.913,-1172404.638,351.522
-443797.617,-1172405.399,351.794
-443799.626,-1172404.449,350.652
-443799.495,-1172404.799,350.710
-443799.347,-1172405.199,350.882
-443798.940,-1172406.269,351.099
-443798.660,-1172407.029,351.308
-443799.585,-1172403.829,350.798
-443799.031,-1172405.278,351.168
-443799.043,-1172405.248,351.064
-443798.770,-1172405.969,351.346
-443798.621,-1172406.378,351.439
-443798.492,-1172406.719,351.503
-443798.357,-1172407.088,351.612
-443798.207,-1172407.480,351.752
-443798.067,-1172407.839,351.784
-443800.130,-1172407.148,350.709
-443799.989,-1172407.498,350.815
-443799.718,-1172408.229,350.944
-443799.607,-1172408.519,350.851
-443799.455,-1172408.926,351.157
-443800.029,-1172405.158,350.684
-443799.325,-1172406.989,351.055
-443799.179,-1172407.369,351.187
-443798.902,-1172408.098,351.350
-443798.617,-1172408.840,351.493
-443799.805,-1172408.619,350.769
-443799.668,-1172408.959,350.815
-443801.400,-1172413.298,352.821
-443801.452,-1172415.959,352.682
-443800.804,-1172417.698,352.886
-443770.324,-1172418.524,353.844
-443785.173,-1172421.326,350.341
-443795.210,-1172377.637,351.649
-443795.287,-1172378.744,351.932
-443796.442,-1172377.839,351.172
-443796.173,-1172378.570,351.284
-443796.021,-1172378.948,351.388
-443795.602,-1172380.087,351.716
-443795.781,-1172378.018,351.328
-443795.374,-1172379.107,351.585
-443796.708,-1172378.069,350.816
-443796.110,-1172379.688,351.428
-443796.716,-1172379.559,350.960
-443796.562,-1172379.980,351.191
-443796.135,-1172381.110,351.440
-443795.995,-1172381.507,351.666
-443795.707,-1172382.259,351.802
-443797.407,-1172377.757,350.679
-443796.736,-1172380.219,350.931
-443796.587,-1172380.619,351.063
-443796.445,-1172381.009,351.198
-443795.906,-1172382.449,351.480
-443797.257,-1172381.060,350.693
-443797.556,-1172379.578,350.577
-443797.133,-1172380.679,350.883
-443796.296,-1172382.919,351.461
-443795.738,-1172384.388,351.766
-443797.547,-1172381.599,350.662
-443797.097,-1172382.798,351.098
-443796.950,-1172383.170,351.169
-443796.690,-1172383.858,351.336
-443795.982,-1172385.757,351.800
-443796.700,-1172382.538,351.097
-443796.559,-1172382.938,351.215
-443796.422,-1172383.308,351.274
-443796.277,-1172383.689,351.352
-443795.711,-1172385.179,351.780
-443797.421,-1172382.579,350.567
-443796.827,-1172384.128,351.073
-443796.684,-1172384.520,351.176
-443796.387,-1172385.289,351.432
-443796.263,-1172385.638,351.515
-443795.854,-1172386.718,351.746
-443797.734,-1172383.365,350.873
-443797.449,-1172384.089,350.925
-443796.510,-1172386.638,351.655
-443796.219,-1172387.388,351.897
-443797.671,-1172385.687,350.894
-443797.391,-1172386.438,351.029
-443796.402,-1172389.079,351.801
-443797.689,-1172384.269,350.616
-443797.403,-1172385.010,350.886
-443797.138,-1172385.729,350.984
-443796.711,-1172386.879,351.372
-443796.577,-1172387.219,351.392
-443797.309,-1172387.347,350.959
-443797.019,-1172388.139,351.256
-443796.880,-1172388.519,351.319
-443796.598,-1172389.239,351.483
-443796.445,-1172389.640,351.599
-443796.190,-1172390.348,351.749
-443797.876,-1172385.858,350.548
-443797.597,-1172386.599,350.784
-443797.972,-1172387.328,350.763
-443797.825,-1172387.737,350.966
-443797.555,-1172388.450,351.030
-443797.405,-1172388.830,351.121
-443797.280,-1172389.178,351.299
-443797.005,-1172389.900,351.439
-443796.859,-1172390.289,351.567
-443796.589,-1172391.009,351.766
-443797.880,-1172388.618,350.714
-443797.442,-1172389.748,351.092
-443797.304,-1172390.100,351.187
-443797.021,-1172390.879,351.391
-443796.740,-1172391.618,351.640
-443798.432,-1172388.658,350.582
-443798.018,-1172389.769,350.834
-443797.740,-1172390.509,351.059
-443797.596,-1172390.880,351.102
-443796.892,-1172392.768,351.643
-443796.761,-1172393.108,351.741
-443798.248,-1172389.948,350.633
-443798.114,-1172390.308,350.674
-443797.133,-1172392.930,351.433
-443798.373,-1172391.298,350.763
-443797.961,-1172392.409,351.081
-443796.860,-1172395.309,351.779
-443797.012,-1172395.868,351.643
-443796.869,-1172396.239,351.726
-443798.231,-1172394.158,351.001
-443797.949,-1172394.899,351.105
-443797.823,-1172393.660,351.076
-443797.291,-1172395.119,351.359
-443797.110,-1172397.130,351.739
-443796.827,-1172397.878,351.915
-443798.961,-1172393.030,350.450
-443798.544,-1172394.158,350.754
-443797.869,-1172395.947,351.044
-443797.280,-1172397.508,351.558
-443797.002,-1172398.259,351.831
-443797.380,-1172396.399,351.538
-443797.243,-1172396.789,351.714
-443798.719,-1172395.340,350.807
-443798.580,-1172395.708,350.911
-443798.302,-1172396.482,351.267
-443798.861,-1172395.718,350.570
-443798.714,-1172396.128,350.834
-443798.027,-1172397.909,351.222
-443797.748,-1172398.659,351.393
-443797.615,-1172399.019,351.499
-443797.471,-1172399.409,351.678
-443799.302,-1172395.846,350.503
-443799.163,-1172396.209,350.653
-443798.449,-1172398.089,351.125
-443797.907,-1172399.530,351.352
-443797.204,-1172401.380,351.837
-443798.685,-1172398.018,350.677
-443797.384,-1172401.419,351.716
-443799.419,-1172397.649,350.525
-443798.867,-1172399.130,350.862
-443798.301,-1172400.619,351.249
-443798.020,-1172401.378,351.527
-443797.617,-1172402.487,351.904
-443799.352,-1172398.708,350.551
-443799.222,-1172399.067,350.523
-443798.816,-1172400.127,350.782
-443798.248,-1172401.628,351.245
-443798.116,-1172401.999,351.367
-443797.988,-1172402.347,351.381
-443799.447,-1172399.978,350.723
-443799.168,-1172400.709,350.855
-443798.895,-1172401.439,351.099
-443798.335,-1172402.929,351.470
-443799.165,-1172401.308,350.715
-443799.022,-1172401.699,350.843
-443799.473,-1172401.979,350.766
-443799.465,-1172402.738,350.637
-443756.518,-1172329.439,354.124
-443756.380,-1172329.808,354.199
-443756.078,-1172331.658,354.366
-443756.100,-1172331.598,354.201
-443757.529,-1172329.075,353.691
-443757.128,-1172330.149,353.834
-443756.732,-1172331.249,354.013
-443756.434,-1172332.029,354.198
-443756.157,-1172332.789,354.464
-443755.734,-1172333.977,354.836
-443755.459,-1172334.699,354.888
-443757.862,-1172328.772,353.332
-443757.732,-1172329.120,353.343
-443755.962,-1172333.986,354.361
-443757.900,-1172330.189,353.449
-443755.434,-1172336.909,354.949
-443758.277,-1172330.019,353.174
-443757.595,-1172331.890,353.550
-443756.907,-1172333.779,354.023
-443758.586,-1172330.437,353.240
-443757.927,-1172332.819,353.503
-443756.433,-1172336.916,354.387
-443757.284,-1172336.010,353.917
-443758.994,-1172333.368,353.198
-443759.559,-1172334.589,352.776
-443849.091,-1172407.485,374.156
-443849.159,-1172406.879,374.436
-443850.286,-1172385.714,374.628
-443850.917,-1172377.306,373.496
-443844.455,-1172392.507,374.797
-443836.006,-1172407.483,374.783
-443835.512,-1172392.114,374.372
-443836.391,-1172338.077,370.614
-443827.140,-1172359.707,370.806
-443826.963,-1172360.178,371.115
-443826.464,-1172344.928,371.158
-443734.246,-1172428.369,361.581
-443820.517,-1172310.309,356.693
-443798.621,-1172312.618,360.219
-443798.240,-1172311.317,360.369
-443798.071,-1172312.419,360.359
-443793.732,-1172318.578,358.298
-443775.799,-1172314.818,360.756
-443750.116,-1172318.499,358.420
-443749.964,-1172316.789,358.487
-443742.211,-1172295.547,358.051
-443741.813,-1172296.636,358.236
-443742.222,-1172294.068,357.774
-443741.770,-1172295.299,358.188
-443741.342,-1172295.399,358.591
-443740.926,-1172296.539,358.858
-443741.066,-1172294.546,358.587
-443740.923,-1172294.927,358.654
-443740.776,-1172295.328,358.791
-443740.639,-1172295.708,358.905
-443740.500,-1172296.087,359.020
-443740.363,-1172296.469,359.154
-443739.855,-1172295.507,359.407
-443740.297,-1172293.198,358.912
-443740.155,-1172293.598,359.147
-443739.999,-1172294.029,359.328
-443739.728,-1172294.769,359.484
-443739.460,-1172295.499,359.689
-443727.166,-1172320.859,357.921
-443727.031,-1172321.219,357.998
-443726.855,-1172320.218,357.907
-443726.725,-1172320.578,357.985
-443726.693,-1172318.826,357.968
-443726.422,-1172319.597,358.146
-443726.143,-1172320.358,358.371
-443726.754,-1172319.887,358.137
-443726.196,-1172319.388,358.425
-443725.767,-1172320.518,358.728
-443721.792,-1172316.067,357.563
-443721.664,-1172316.428,357.618
-443721.513,-1172316.816,357.719
-443721.241,-1172317.569,357.961
-443721.115,-1172317.926,357.997
-443722.155,-1172316.510,357.450
-443722.026,-1172316.869,357.521
-443721.976,-1172317.978,357.504
-443720.960,-1172316.667,357.951
-443721.560,-1172316.028,357.751
-443721.022,-1172317.527,358.131
-443722.256,-1172296.008,357.614
-443721.973,-1172295.476,357.749
-443722.069,-1172294.409,357.668
-443721.629,-1172293.646,357.788
-443721.246,-1172290.355,357.866
-443716.436,-1172335.317,360.731
-443716.489,-1172334.401,360.856
-443716.277,-1172332.657,360.711
-443720.815,-1172317.078,358.084
-443720.663,-1172317.479,358.235
-443720.393,-1172318.217,358.443
-443720.254,-1172318.598,358.503
-443720.117,-1172318.977,358.620
-443720.602,-1172317.088,358.363
-443720.197,-1172318.209,358.623
-443719.791,-1172319.329,358.920
-443719.654,-1172319.717,359.074
-443716.089,-1172329.474,360.710
-443719.620,-1172318.107,358.919
-443715.797,-1172328.597,360.624
-443719.938,-1172317.780,358.654
-443719.801,-1172318.149,358.779
-443719.680,-1172318.489,358.806
-443719.538,-1172318.859,358.873
-443714.828,-1172318.766,360.652
-443801.574,-1172419.208,352.795
-443800.224,-1172416.308,353.166
-443801.322,-1172414.670,352.771
-443797.562,-1172416.367,354.136
-443797.325,-1172414.817,354.197
-443797.342,-1172403.290,351.943
-443797.690,-1172403.009,351.738
-443797.947,-1172405.388,351.697
-443797.699,-1172405.268,351.768
-443798.999,-1172404.209,351.057
-443797.552,-1172404.939,351.823
-443798.870,-1172403.869,351.031
-443799.180,-1172403.618,350.910
-443799.506,-1172403.350,350.692
-443798.369,-1172403.787,351.356
-443798.748,-1172403.498,351.130
-443799.411,-1172402.947,350.729
-443798.075,-1172403.599,351.497
-443797.841,-1172406.918,351.799
-443798.500,-1172406.378,351.419
-443799.157,-1172405.849,351.043
-443799.828,-1172405.306,350.672
-443797.799,-1172406.349,351.858
-443798.132,-1172406.088,351.634
-443799.429,-1172405.019,350.835
-443798.366,-1172405.457,351.467
-443799.298,-1172404.688,350.875
-443799.626,-1172404.419,350.702
-443799.481,-1172407.688,350.979
-443799.052,-1172407.497,351.203
-443799.401,-1172407.206,350.992
-443800.049,-1172406.687,350.622
-443797.876,-1172407.889,351.811
-443799.243,-1172406.799,351.030
-443798.162,-1172407.137,351.693
-443798.775,-1172409.038,351.415
-443800.403,-1172407.707,350.423
-443798.434,-1172408.928,351.647
-443798.738,-1172408.669,351.404
-443799.417,-1172408.126,351.081
-443799.743,-1172407.856,350.867
-443798.142,-1172408.778,351.774
-443798.491,-1172408.489,351.540
-443798.804,-1172408.240,351.345
-443798.657,-1172409.569,351.512
-443799.646,-1172408.777,350.976
-443798.108,-1172409.570,351.775
-443799.196,-1172409.589,351.181
-443769.690,-1172412.606,354.078
-443785.144,-1172419.767,350.109
-443785.034,-1172421.146,350.248
-443785.198,-1172421.408,350.133
-443795.044,-1172377.605,351.858
-443795.214,-1172377.969,351.769
-443795.563,-1172377.699,351.573
-443795.255,-1172378.427,351.755
-443795.895,-1172377.917,351.350
-443796.223,-1172377.636,351.174
-443795.612,-1172378.618,351.571
-443796.300,-1172378.048,351.128
-443795.818,-1172379.039,351.424
-443795.512,-1172379.829,351.651
-443797.507,-1172378.208,350.521
-443796.366,-1172379.529,351.141
-443797.050,-1172378.979,350.738
-443797.390,-1172378.698,350.527
-443796.017,-1172380.169,351.403
-443796.375,-1172379.879,351.189
-443796.696,-1172379.619,350.991
-443796.123,-1172380.575,351.411
-443797.494,-1172379.457,350.575
-443796.429,-1172380.839,351.234
-443796.758,-1172380.569,351.055
-443797.089,-1172380.298,350.837
-443795.670,-1172381.909,351.678
-443795.978,-1172381.657,351.561
-443796.681,-1172381.078,351.108
-443796.439,-1172381.729,351.256
-443797.110,-1172381.179,350.839
-443797.437,-1172380.909,350.661
-443795.536,-1172382.998,351.836
-443795.889,-1172382.709,351.636
-443795.709,-1172383.429,351.776
-443796.030,-1172383.158,351.560
-443796.670,-1172382.638,351.177
-443797.044,-1172382.337,350.966
-443796.356,-1172383.369,351.379
-443795.934,-1172384.247,351.736
-443796.251,-1172383.989,351.519
-443797.271,-1172383.160,350.881
-443797.633,-1172382.866,350.663
-443797.959,-1172382.594,350.554
-443795.953,-1172384.869,351.674
-443796.600,-1172384.978,351.379
-443796.959,-1172384.689,351.158
-443797.489,-1172384.789,350.876
-443796.088,-1172386.558,351.756
-443797.077,-1172385.740,351.143
-443797.745,-1172385.198,350.727
-443796.392,-1172386.898,351.591
-443796.700,-1172386.638,351.416
-443796.511,-1172387.438,351.569
-443796.820,-1172387.178,351.380
-443797.175,-1172386.898,351.196
-443798.204,-1172386.057,350.554
-443796.447,-1172387.989,351.603
-443796.790,-1172387.710,351.419
-443797.442,-1172387.178,351.014
-443797.801,-1172386.886,350.816
-443796.236,-1172388.719,351.762
-443796.578,-1172388.439,351.564
-443796.942,-1172388.138,351.350
-443797.277,-1172387.868,351.155
-443797.631,-1172387.586,350.934
-443797.941,-1172387.329,350.771
-443798.298,-1172387.033,350.501
-443797.022,-1172388.659,351.322
-443797.364,-1172388.369,351.087
-443796.746,-1172389.430,351.511
-443797.056,-1172389.170,351.330
-443797.409,-1172388.889,351.165
-443798.105,-1172388.328,350.757
-443798.448,-1172388.049,350.464
-443796.699,-1172389.807,351.568
-443797.351,-1172389.278,351.180
-443798.043,-1172388.717,350.755
-443798.348,-1172388.470,350.564
-443796.563,-1172390.236,351.683
-443796.867,-1172389.990,351.503
-443797.200,-1172389.719,351.266
-443797.521,-1172389.459,351.107
-443798.198,-1172388.906,350.714
-443798.528,-1172388.629,350.486
-443796.730,-1172390.498,351.560
-443797.365,-1172389.979,351.190
-443796.569,-1172391.019,351.726
-443797.249,-1172390.459,351.266
-443797.578,-1172390.189,351.106
-443798.242,-1172389.650,350.671
-443797.205,-1172390.749,351.331
-443798.208,-1172389.928,350.766
-443797.956,-1172390.408,350.906
-443796.898,-1172391.728,351.556
-443797.233,-1172391.459,351.353
-443797.577,-1172391.178,351.149
-443797.913,-1172390.898,350.922
-443797.128,-1172392.030,351.474
-443797.466,-1172391.739,351.230
-443798.139,-1172391.198,350.828
-443798.472,-1172390.928,350.639
-443797.843,-1172391.880,351.035
-443798.197,-1172391.590,350.813
-443796.843,-1172393.168,351.655
-443797.163,-1172392.909,351.451
-443797.240,-1172393.409,351.429
-443797.558,-1172393.149,351.225
-443798.585,-1172392.316,350.639
-443796.990,-1172394.149,351.588
-443798.011,-1172393.309,351.000
-443798.347,-1172393.030,350.813
-443797.897,-1172393.849,351.103
-443798.268,-1172393.549,350.864
-443798.067,-1172394.176,351.041
-443796.937,-1172395.719,351.713
-443797.959,-1172394.889,351.056
-443798.634,-1172394.338,350.715
-443797.174,-1172396.187,351.656
-443797.843,-1172395.649,351.243
-443798.478,-1172395.128,350.855
-443797.286,-1172396.668,351.582
-443797.982,-1172396.118,351.248
-443797.283,-1172397.219,351.623
-443798.633,-1172396.117,350.835
-443797.206,-1172397.889,351.718
-443797.539,-1172397.608,351.487
-443797.865,-1172397.348,351.309
-443798.537,-1172396.790,350.852
-443798.872,-1172396.528,350.691
-443798.129,-1172397.708,351.196
-443798.469,-1172397.428,351.007
-443797.462,-1172398.677,351.610
-443797.814,-1172398.880,351.407
-443799.172,-1172397.768,350.590
-443797.378,-1172399.810,351.706
-443798.030,-1172399.270,351.348
-443797.551,-1172400.257,351.652
-443798.190,-1172399.738,351.256
-443798.518,-1172399.468,351.087
-443799.495,-1172398.659,350.440
-443799.191,-1172399.398,350.748
-443798.220,-1172400.188,351.289
-443798.860,-1172399.669,350.940
-443798.048,-1172400.759,351.375
-443799.385,-1172399.677,350.578
-443797.587,-1172401.610,351.693
-443797.930,-1172401.329,351.467
-443798.561,-1172400.818,351.150
-443797.600,-1172402.008,351.727
-443798.302,-1172401.438,351.273
-443798.973,-1172400.895,350.924
-443799.492,-1172400.789,350.603
-443797.473,-1172402.437,351.863
-443798.139,-1172401.880,351.417
-443798.471,-1172401.619,351.231
-443798.037,-1172402.287,351.490
-443798.725,-1172401.727,351.051
-443799.363,-1172401.199,350.675
-443798.017,-1172402.738,351.505
-443799.030,-1172401.918,350.891
-443798.783,-1172402.599,351.045
-443799.090,-1172402.338,350.860
-443799.077,-1172402.779,350.923
-443799.402,-1172402.518,350.703
-443842.444,-1172308.399,355.059
-443755.913,-1172329.425,354.347
-443755.157,-1172330.499,354.722
-443755.468,-1172330.239,354.533
-443756.458,-1172329.398,354.024
-443757.932,-1172328.832,353.432
-443755.928,-1172331.748,354.455
-443757.912,-1172330.099,353.434
-443758.240,-1172329.819,353.258
-443758.559,-1172329.550,353.077
-443758.630,-1172329.968,352.989
-443756.117,-1172332.699,354.394
-443756.758,-1172332.158,354.044
-443755.603,-1172333.697,354.683
-443755.719,-1172334.147,354.704
-443756.707,-1172333.319,354.195
-443758.678,-1172331.669,353.222
-443755.393,-1172334.930,354.844
-443756.013,-1172334.418,354.563
-443756.340,-1172334.139,354.369
-443757.682,-1172333.009,353.692
-443757.997,-1172332.749,353.533
-443755.739,-1172335.396,354.744
-443757.342,-1172334.049,353.875
-443757.684,-1172333.759,353.709
-443755.913,-1172335.960,354.626
-443756.265,-1172335.670,354.399
-443758.894,-1172333.478,353.168
-443757.542,-1172335.310,353.834
-443756.413,-1172336.836,354.457
-443756.745,-1172336.559,354.259
-443759.116,-1172335.270,353.132
-443757.967,-1172336.748,353.735
-443759.145,-1172336.650,353.099
-443758.747,-1172336.589,353.395
-443759.077,-1172336.319,353.233
-443759.405,-1172336.048,353.045
-443759.716,-1172335.780,352.841
-443843.504,-1172417.584,377.486
-443850.474,-1172379.192,374.104
-443850.873,-1172378.879,373.689
-443835.210,-1172388.577,374.871
-443826.233,-1172335.384,371.118
-443837.397,-1172306.339,357.042
-443837.566,-1172305.829,356.951
-443820.566,-1172310.470,356.761
-443819.586,-1172309.794,357.436
-443820.102,-1172309.848,357.040
-443794.228,-1172319.077,357.826
-443798.462,-1172311.948,360.112
-443798.541,-1172312.458,360.109
-443791.855,-1172316.889,359.127
-443797.720,-1172312.017,360.637
-443775.753,-1172314.477,360.713
-443774.719,-1172314.719,361.467
-443750.517,-1172319.879,358.452
-443750.853,-1172319.600,358.246
-443750.680,-1172318.619,358.317
-443750.387,-1172318.269,358.344
-443750.394,-1172316.950,358.296
-443748.493,-1172318.127,359.683
-443750.213,-1172316.670,358.405
-443750.377,-1172316.029,358.283
-443750.154,-1172315.659,358.388
-443747.776,-1172317.039,359.991
-443749.883,-1172314.750,358.436
-443749.513,-1172313.857,358.662
-443750.144,-1172313.317,358.376
-443766.068,-1172293.224,358.856
-443726.951,-1172321.429,358.003
-443726.321,-1172320.888,358.348
-443725.603,-1172320.309,358.774
-443726.374,-1172319.048,358.213
-443726.695,-1172318.757,357.966
-443721.101,-1172318.819,358.100
-443721.407,-1172318.558,357.904
-443721.265,-1172317.699,357.999
-443720.536,-1172317.657,358.357
-443720.854,-1172317.387,358.176
-443722.127,-1172316.289,357.453
-443742.027,-1172296.117,358.131
-443739.769,-1172297.450,359.856
-443741.952,-1172295.588,358.134
-443740.276,-1172296.569,359.241
-443740.600,-1172296.289,359.008
-443741.324,-1172295.667,358.516
-443741.663,-1172295.376,358.284
-443739.753,-1172296.387,359.573
-443740.435,-1172295.798,359.084
-443740.798,-1172295.488,358.793
-443741.140,-1172295.198,358.587
-443739.718,-1172295.876,359.541
-443740.267,-1172294.817,359.162
-443741.295,-1172293.936,358.447
-443739.700,-1172294.738,359.509
-443740.432,-1172294.108,358.954
-443740.791,-1172293.805,358.736
-443721.993,-1172295.536,357.800
-443721.418,-1172290.955,357.873
-443716.506,-1172335.307,360.781
-443715.752,-1172328.089,360.644
-443719.901,-1172319.318,358.831
-443720.201,-1172317.939,358.558
-443719.636,-1172319.088,358.922
-443719.979,-1172318.788,358.736
-443719.437,-1172317.968,358.945
-443720.088,-1172317.408,358.566
-443698.154,-1172323.229,360.928
