-443826.970,-1172433.160,350.070
-443801.850,-1172420.590,350.250
-443776.320,-1172414.020,348.020
-443770.770,-1172434.840,354.440
-443839.870,-1172334.100,348.450
-443839.880,-1172335.810,354.320
-443839.880,-1172335.810,351.510
-443839.960,-1172336.250,353.980
-443839.940,-1172336.270,351.110
-443839.600,-1172337.080,351.640
-443839.920,-1172337.330,351.510
-443839.990,-1172337.620,354.270
-443839.850,-1172342.710,351.590
-443839.840,-1172342.720,348.750
-443840.130,-1172342.820,354.290
-443840.070,-1172351.280,351.650
-443840.100,-1172351.850,351.700
-443840.340,-1172351.630,351.590
-443840.480,-1172354.450,351.480
-443840.380,-1172358.440,348.720
-443840.630,-1172362.840,354.340
-443840.610,-1172362.860,351.590
-443711.800,-1172397.560,353.190
-443839.530,-1172333.520,354.430
-443839.540,-1172333.510,348.770
-443839.850,-1172331.870,348.650
-443801.770,-1172328.050,351.040
-443799.430,-1172317.270,351.160
-443798.890,-1172317.300,351.550
-443775.370,-1172314.350,350.970
-443775.290,-1172313.620,351.310
-443746.660,-1172334.230,352.660
-443746.810,-1172334.100,352.250
-443726.700,-1172321.940,351.360
-443749.790,-1172314.040,355.270
-443851.050,-1172405.030,372.030
-443851.080,-1172404.410,360.750
-443851.970,-1172395.370,373.710
-443836.040,-1172407.510,374.460
-443851.610,-1172385.710,369.320
-443851.480,-1172380.540,370.920
-443770.860,-1172433.930,357.970
-443770.620,-1172433.610,358.630
-443770.720,-1172431.840,357.980
-443770.550,-1172431.120,358.050
-443840.240,-1172362.700,362.780
-443840.660,-1172358.710,368.260
-443840.400,-1172358.940,362.730
-443840.390,-1172355.510,368.350
-443840.560,-1172355.360,365.310
-443840.380,-1172352.050,359.930
-443840.090,-1172351.860,359.990
-443840.290,-1172348.970,365.510
-443839.990,-1172347.900,357.200
-443840.140,-1172342.810,365.440
-443840.120,-1172342.830,357.050
-443840.070,-1172340.800,357.030
-443839.700,-1172340.640,357.210
-443840.090,-1172339.280,362.360
-443839.660,-1172337.570,360.060
-443839.660,-1172337.570,357.260
-443838.840,-1172335.420,370.720
-443839.480,-1172333.560,365.580
-443839.520,-1172333.530,362.770
-443839.520,-1172333.530,357.180
-443750.260,-1172318.760,355.760
-443749.810,-1172314.340,355.570
-443761.700,-1172293.860,358.820
-443761.600,-1172293.020,358.730
-443835.060,-1172409.160,352.430
-443834.000,-1172389.220,355.090
-443834.820,-1172400.510,369.250
-443834.780,-1172411.100,354.140
-443835.120,-1172407.230,355.250
-443834.630,-1172404.990,354.410
-443834.340,-1172395.290,355.070
-443834.960,-1172416.390,371.130
-443835.360,-1172413.430,357.000
-443835.610,-1172413.220,357.080
-443834.920,-1172413.430,357.230
-443834.910,-1172412.930,357.140
-443834.850,-1172412.480,357.260
