-443799.840,-1172402.970,350.400
-443800.000,-1172406.030,350.530
-443777.060,-1172411.600,352.920
-443770.390,-1172431.670,351.050
-443795.570,-1172378.630,351.550
-443797.500,-1172379.270,350.540
-443797.700,-1172379.090,350.330
-443797.720,-1172379.810,350.370
-443797.880,-1172380.970,350.280
-443797.860,-1172381.430,350.370
-443796.620,-1172383.910,351.270
-443798.010,-1172382.650,350.320
-443797.640,-1172383.810,350.710
-443798.120,-1172383.880,350.340
-443798.180,-1172384.200,350.310
-443798.010,-1172385.230,350.560
-443798.230,-1172385.030,350.320
-443796.570,-1172387.070,351.480
-443797.770,-1172385.990,350.790
-443796.810,-1172388.180,351.410
-443797.820,-1172388.270,350.800
-443798.500,-1172387.650,350.350
-443798.280,-1172388.950,350.620
-443798.540,-1172389.320,350.490
-443798.650,-1172390.170,350.460
-443798.950,-1172392.850,350.370
-443797.900,-1172395.050,351.120
-443840.200,-1172356.950,348.810
-443840.510,-1172357.130,348.690
-443798.240,-1172398.960,351.160
-443840.440,-1172360.640,354.360
-443840.390,-1172361.040,354.410
-443840.350,-1172361.070,351.620
-443799.680,-1172399.190,350.270
-443799.260,-1172400.460,350.640
-443840.640,-1172365.490,348.730
-443799.870,-1172402.150,350.350
-443840.690,-1172365.870,354.340
-443841.960,-1172308.080,355.290
-443842.170,-1172307.890,355.090
-443842.030,-1172307.490,355.180
-443759.000,-1172333.180,353.020
-443758.840,-1172332.790,353.120
-443758.630,-1172331.450,353.140
-443751.250,-1172323.070,352.190
-443850.860,-1172399.610,374.440
-443851.170,-1172398.860,374.320
-443850.010,-1172385.850,374.920
-443850.210,-1172384.360,374.760
-443850.440,-1172384.160,374.630
-443850.620,-1172377.830,373.630
-443849.740,-1172373.160,374.760
-443850.960,-1172371.550,373.640
-443849.750,-1172372.230,374.690
-443834.990,-1172378.180,374.710
-443840.510,-1172364.730,359.990
-443840.260,-1172362.690,368.390
-443840.320,-1172362.060,368.480
-443840.580,-1172361.830,368.360
-443840.680,-1172361.200,359.870
-443840.540,-1172360.550,365.530
-443840.230,-1172360.830,359.990
-443840.470,-1172360.610,359.940
-443840.430,-1172358.920,368.370
-443840.280,-1172357.690,357.390
-443827.280,-1172365.930,370.850
-443840.250,-1172352.670,359.910
-443840.290,-1172350.510,365.530
-443840.070,-1172344.320,365.530
-443839.910,-1172343.950,357.160
-443826.860,-1172355.250,371.040
-443839.990,-1172340.390,365.510
-443839.640,-1172336.030,368.470
-443734.320,-1172431.270,361.800
-443826.450,-1172346.250,371.080
-443839.900,-1172334.080,370.140
-443839.390,-1172331.790,359.990
-443839.430,-1172331.760,357.200
-443839.780,-1172331.930,359.850
-443841.520,-1172307.450,355.590
-443819.880,-1172309.900,357.160
-443815.400,-1172308.810,358.260
-443808.900,-1172306.940,357.380
-443798.750,-1172313.260,359.890
-443798.700,-1172312.420,359.900
-443775.570,-1172315.220,360.860
-443775.780,-1172314.310,360.610
-443775.740,-1172314.010,360.610
-443775.750,-1172313.550,360.550
-443749.810,-1172318.540,358.750
-443749.820,-1172317.580,358.670
-443748.940,-1172318.050,359.330
-443749.620,-1172317.440,358.830
-443748.980,-1172317.480,359.240
-443749.060,-1172317.070,359.150
-443749.700,-1172316.490,358.660
-443748.380,-1172317.060,359.600
-443749.050,-1172316.450,359.120
-443749.710,-1172315.840,358.620
-443749.960,-1172315.610,358.430
-443750.170,-1172315.420,358.300
-443750.380,-1172315.230,358.090
-443748.270,-1172316.630,359.640
-443748.710,-1172316.230,359.310
-443749.160,-1172315.820,358.980
-443747.470,-1172316.950,360.190
-443749.270,-1172315.320,358.860
-443747.380,-1172316.560,360.230
-443748.050,-1172315.950,359.760
-443749.150,-1172314.940,358.900
-443749.450,-1172314.350,358.670
-443746.930,-1172316.170,360.500
-443747.160,-1172315.960,360.300
-443747.620,-1172315.550,359.970
-443748.500,-1172314.730,359.320
-443748.950,-1172314.330,359.010
-443749.150,-1172314.140,358.830
-443748.590,-1172314.310,359.240
-443749.020,-1172313.910,358.910
-443748.360,-1172314.520,359.420
-443749.380,-1172313.190,358.630
-443749.840,-1172312.770,358.290
-443750.060,-1172312.580,358.140
-443726.410,-1172320.930,358.250
-443742.010,-1172296.590,358.120
-443742.480,-1172296.160,357.800
-443740.810,-1172296.450,358.870
-443741.960,-1172294.890,358.000
-443739.960,-1172296.350,359.420
-443740.180,-1172296.150,359.240
-443740.370,-1172295.560,359.080
-443741.470,-1172294.540,358.290
-443741.700,-1172294.330,358.120
-443739.660,-1172295.140,359.510
-443739.870,-1172294.580,359.350
-443740.090,-1172294.380,359.170
-443721.820,-1172294.620,357.740
-443720.250,-1172319.590,358.570
-443834.730,-1172408.400,354.290
-443834.570,-1172401.750,351.370
-443799.240,-1172408.050,351.100
-443797.670,-1172381.220,350.600
-443796.100,-1172386.030,351.580
-443796.540,-1172388.670,351.630
-443798.270,-1172387.520,350.440
-443797.280,-1172392.500,351.200
-443796.710,-1172394.020,351.610
-443798.640,-1172390.560,350.590
-443798.100,-1172392.920,350.900
-443798.230,-1172399.160,350.950
-443755.040,-1172329.230,354.910
-443758.660,-1172332.260,353.090
-443844.760,-1172400.050,374.810
-443826.770,-1172354.100,371.050
-443826.810,-1172353.070,371.110
-443826.680,-1172351.540,370.940
-443826.660,-1172351.030,371.070
-443826.580,-1172347.630,371.090
-443819.830,-1172309.540,357.130
-443815.360,-1172308.790,358.450
-443798.590,-1172313.380,360.110
-443793.030,-1172317.810,358.590
-443746.860,-1172316.380,360.470
-443741.620,-1172294.600,358.300
-443741.480,-1172294.990,358.430
-443741.090,-1172293.470,358.570
-443740.810,-1172294.240,358.780
-443740.530,-1172295.010,358.990
-443740.100,-1172296.200,359.370
-443740.410,-1172293.930,358.860
-443739.600,-1172293.500,359.320
-443726.350,-1172320.980,358.330
-443719.970,-1172319.350,358.660
-443720.460,-1172319.030,358.410
-443715.940,-1172328.690,360.530
-443798.210,-1172407.620,351.620
-443799.840,-1172405.760,350.650
-443734.260,-1172435.940,347.580
-443795.890,-1172377.420,351.410
-443796.160,-1172379.300,351.270
-443797.360,-1172379.070,350.600
-443797.740,-1172379.760,350.540
-443796.280,-1172385.240,351.520
-443796.130,-1172385.900,351.640
-443798.140,-1172384.250,350.440
-443798.040,-1172387.820,350.680
-443798.370,-1172387.550,350.470
-443797.040,-1172390.240,351.350
-443798.380,-1172389.150,350.550
-443798.580,-1172390.350,350.500
-443798.540,-1172391.310,350.550
-443798.820,-1172391.550,350.450
-443798.480,-1172398.320,351.000
-443799.360,-1172398.190,350.510
-443797.790,-1172402.160,351.590
-443842.140,-1172307.500,355.110
-443758.630,-1172332.210,353.180
-443834.260,-1172389.330,369.190
-443826.930,-1172354.090,370.750
-443734.230,-1172429.420,361.730
-443826.620,-1172342.850,370.780
-443841.540,-1172307.420,355.500
-443798.040,-1172311.720,360.270
-443775.370,-1172314.790,360.940
-443775.790,-1172313.830,360.670
-443750.210,-1172319.530,358.570
-443749.330,-1172318.510,359.070
-443749.700,-1172318.200,358.820
-443748.990,-1172318.130,359.230
-443749.690,-1172317.540,358.740
-443748.830,-1172317.830,359.400
-443749.200,-1172317.520,359.100
-443749.550,-1172317.220,358.860
-443748.930,-1172317.240,359.240
-443749.680,-1172316.620,358.710
-443749.500,-1172316.210,358.800
-443748.110,-1172316.750,359.730
-443749.160,-1172315.860,358.950
-443749.500,-1172315.580,358.710
-443749.860,-1172315.280,358.460
-443747.440,-1172316.820,360.210
-443748.140,-1172316.220,359.730
-443748.520,-1172315.900,359.410
-443748.480,-1172315.350,359.350
-443749.130,-1172314.170,358.920
-443748.870,-1172313.730,359.010
-443749.840,-1172312.320,358.370
-443739.890,-1172295.130,359.410
-443740.050,-1172294.420,359.200
-443740.190,-1172293.520,359.070
