-443718.050,-1172296.980,356.870
-443717.500,-1172298.290,356.170
-443718.140,-1172297.110,356.940
-443718.220,-1172295.150,357.990
-443717.460,-1172297.000,356.830
-443706.780,-1172323.810,361.360
-443717.640,-1172295.430,357.960
-443711.970,-1172296.940,355.590
-443712.060,-1172295.030,356.720
-443842.350,-1172311.910,352.820
-443842.750,-1172311.060,353.350
-443842.210,-1172311.150,353.390
-443841.900,-1172311.000,353.540
-443839.440,-1172312.660,352.500
-443840.060,-1172312.100,352.850
-443841.680,-1172310.620,353.810
-443841.140,-1172310.550,353.910
-443841.780,-1172309.970,354.260
-443839.690,-1172311.490,353.350
-443841.260,-1172310.070,354.200
-443841.570,-1172309.790,354.380
-443837.210,-1172313.410,352.220
-443839.460,-1172311.370,353.480
-443841.020,-1172309.950,354.350
-443841.960,-1172309.100,354.910
-443836.700,-1172313.370,352.210
-443837.010,-1172313.090,352.360
-443838.590,-1172311.650,353.270
-443835.390,-1172314.030,351.920
-443835.690,-1172313.760,352.040
-443836.340,-1172313.170,352.380
-443838.250,-1172311.440,353.490
-443841.440,-1172308.550,355.290
-443837.530,-1172311.580,353.380
-443834.120,-1172314.160,351.940
-443836.310,-1172312.170,353.140
-443838.840,-1172309.880,354.610
-443834.940,-1172312.820,352.730
-443832.730,-1172314.240,351.890
-443833.080,-1172313.930,352.100
-443834.390,-1172312.740,352.840
-443836.600,-1172310.730,354.130
-443833.450,-1172312.670,353.170
-443834.330,-1172311.880,353.480
-443835.220,-1172310.080,354.730
-443830.460,-1172314.400,352.010
-443830.780,-1172313.740,352.390
-443829.260,-1172314.700,351.840
-443829.560,-1172314.430,352.010
-443831.190,-1172312.940,353.010
-443832.470,-1172311.790,353.770
-443829.980,-1172313.540,352.580
-443833.190,-1172310.630,354.600
-443830.980,-1172312.150,353.580
-443830.370,-1172312.280,353.500
-443831.970,-1172310.830,354.420
-443827.290,-1172314.800,351.940
-443830.160,-1172312.190,353.650
-443829.050,-1172312.750,353.270
-443831.310,-1172310.690,354.600
-443828.090,-1172313.130,353.050
-443828.400,-1172312.860,353.200
-443830.020,-1172311.390,354.180
-443825.640,-1172314.890,351.920
-443826.620,-1172314.000,352.540
-443827.870,-1172312.860,353.210
-443828.540,-1172311.800,354.000
-443824.330,-1172315.040,351.880
-443829.500,-1172310.340,354.910
-443826.110,-1172312.830,353.420
-443826.070,-1172312.410,353.710
-443826.390,-1172312.130,353.900
-443827.000,-1172311.570,354.220
-443819.870,-1172315.730,353.190
-443820.480,-1172315.160,353.540
-443824.420,-1172310.510,355.300
-443815.710,-1172314.940,354.040
-443813.700,-1172315.950,353.440
-443812.600,-1172316.520,353.250
-443809.840,-1172314.890,354.760
-443809.550,-1172314.680,354.770
-443809.880,-1172314.380,355.000
-443808.490,-1172315.090,354.580
-443806.840,-1172314.880,354.870
-443806.350,-1172315.000,354.790
-443804.190,-1172316.570,353.860
-443803.060,-1172317.140,353.470
-443803.360,-1172316.860,353.640
-443804.950,-1172315.420,354.580
-443803.610,-1172314.560,355.360
-443801.400,-1172290.950,353.360
-443801.690,-1172290.680,353.450
-443801.420,-1172290.580,353.550
-443718.990,-1172299.020,355.520
-443719.940,-1172299.340,355.250
-443720.270,-1172299.040,355.410
-443720.480,-1172299.330,355.320
-443721.600,-1172299.400,355.210
-443728.120,-1172299.160,354.900
-443729.440,-1172298.790,354.840
-443734.860,-1172298.310,354.810
-443735.180,-1172298.020,354.940
-443722.410,-1172325.890,355.360
-443722.670,-1172326.250,355.080
-443723.770,-1172326.610,354.690
-443723.970,-1172326.840,354.550
-443725.340,-1172325.580,355.370
-443724.920,-1172326.710,354.530
-443726.290,-1172325.450,355.400
-443720.500,-1172326.370,355.200
-443718.220,-1172326.510,355.290
-443719.250,-1172326.050,355.550
-443718.690,-1172299.300,355.390
-443711.390,-1172300.400,353.490
-443711.330,-1172299.440,354.070
-443711.280,-1172299.030,354.410
-443711.920,-1172298.430,354.740
-443711.470,-1172298.330,354.720
-443711.800,-1172298.020,354.880
-443708.210,-1172300.770,354.680
-443711.290,-1172297.920,355.050
-443711.950,-1172297.310,355.340
-443710.990,-1172297.780,355.140
-443711.280,-1172297.500,355.250
-443711.620,-1172297.190,355.380
-443711.230,-1172297.150,355.550
-443840.070,-1172400.110,374.250
-443836.770,-1172400.080,374.300
-443848.220,-1172370.300,374.660
-443847.910,-1172370.270,374.660
-443838.620,-1172370.870,374.390
-443829.770,-1172330.950,370.750
-443827.050,-1172331.050,370.780
-443836.950,-1172307.720,356.380
-443836.720,-1172306.520,357.240
-443833.870,-1172307.890,356.500
-443831.070,-1172309.510,355.520
-443832.370,-1172308.330,356.320
-443832.680,-1172308.500,356.160
-443828.810,-1172308.160,356.660
-443825.440,-1172310.100,355.570
-443828.390,-1172307.980,356.800
-443818.630,-1172312.280,355.850
-443820.280,-1172311.880,356.050
-443820.660,-1172312.050,355.850
-443815.710,-1172312.560,355.910
-443816.310,-1172310.390,357.470
-443812.170,-1172309.710,358.350
-443809.100,-1172312.830,356.210
-443812.990,-1172309.290,358.670
-443808.540,-1172313.750,355.580
-443813.420,-1172309.310,358.590
-443812.060,-1172309.410,358.710
-443806.000,-1172313.950,355.690
-443807.570,-1172310.970,357.870
-443807.880,-1172310.680,357.990
-443808.860,-1172309.790,358.650
-443798.590,-1172317.590,358.000
-443798.290,-1172318.320,357.500
-443798.610,-1172318.030,357.660
-443803.200,-1172313.840,355.990
-443807.480,-1172309.950,358.640
-443797.910,-1172316.950,358.400
-443798.830,-1172316.120,358.830
-443796.690,-1172318.660,357.400
-443797.010,-1172318.360,357.570
-443798.260,-1172317.230,358.180
-443798.590,-1172316.930,358.330
-443799.190,-1172316.390,358.580
-443793.730,-1172320.210,357.370
-443795.380,-1172318.700,357.460
-443796.340,-1172317.840,357.900
-443797.610,-1172316.680,358.530
-443798.550,-1172315.820,359.030
-443798.850,-1172315.550,359.180
-443796.060,-1172318.630,357.530
-443796.700,-1172316.580,358.660
-443797.030,-1172316.280,358.840
-443797.330,-1172316.000,359.020
-443797.950,-1172315.440,359.280
-443798.260,-1172315.160,359.460
-443798.590,-1172314.860,359.630
-443793.430,-1172320.040,357.520
-443796.030,-1172317.680,358.090
-443796.660,-1172317.100,358.420
-443797.620,-1172316.230,358.880
-443792.350,-1172320.190,357.540
-443794.880,-1172317.880,358.040
-443795.190,-1172317.600,358.180
-443795.500,-1172317.320,358.350
-443796.160,-1172316.710,358.700
-443797.090,-1172315.870,359.110
-443797.740,-1172315.280,359.460
-443798.060,-1172314.990,359.600
-443798.390,-1172314.690,359.780
-443798.680,-1172314.420,359.920
-443794.780,-1172318.330,357.690
-443796.040,-1172317.180,358.320
-443791.530,-1172320.620,357.320
-443791.820,-1172320.350,357.410
-443792.790,-1172319.470,357.880
-443795.040,-1172317.430,358.250
-443795.970,-1172316.570,358.710
-443797.240,-1172315.420,359.360
-443797.550,-1172315.140,359.510
-443798.170,-1172314.570,359.820
-443791.660,-1172319.720,357.780
-443792.280,-1172319.140,358.080
-443792.620,-1172318.840,358.230
-443794.250,-1172317.350,358.350
-443796.190,-1172315.590,359.300
-443797.450,-1172314.450,359.950
-443791.070,-1172320.770,357.310
-443791.710,-1172320.190,357.570
-443796.500,-1172315.830,359.180
-443796.810,-1172315.550,359.360
-443798.050,-1172314.420,359.980
-443791.430,-1172319.450,358.020
-443792.380,-1172318.590,358.470
-443795.300,-1172315.930,359.220
-443795.630,-1172315.630,359.390
-443797.220,-1172314.180,360.150
-443797.520,-1172313.910,360.300
-443788.970,-1172320.930,357.360
-443789.270,-1172320.660,357.470
-443791.800,-1172318.360,358.650
-443795.960,-1172314.570,360.050
-443796.940,-1172313.680,360.530
-443797.230,-1172313.410,360.660
-443789.910,-1172320.420,357.590
-443790.800,-1172319.610,357.900
-443791.110,-1172319.320,358.050
-443794.010,-1172316.690,358.790
-443794.340,-1172316.380,358.950
-443794.660,-1172316.090,359.080
-443795.320,-1172315.490,359.480
-443797.210,-1172313.770,360.410
-443796.450,-1172313.250,360.810
-443788.620,-1172320.780,357.430
-443790.510,-1172319.060,358.270
-443790.790,-1172318.810,358.390
-443793.720,-1172316.140,359.140
-443794.020,-1172315.870,359.300
-443795.930,-1172314.130,360.270
-443787.980,-1172320.520,357.630
-443789.260,-1172319.360,358.290
-443790.490,-1172318.240,358.790
-443792.450,-1172316.450,359.000
-443793.110,-1172315.860,359.380
-443793.410,-1172315.580,359.520
-443793.750,-1172315.270,359.700
-443794.060,-1172314.980,359.860
-443794.380,-1172314.700,360.010
-443795.960,-1172313.260,360.830
-443788.510,-1172320.480,357.640
-443792.700,-1172316.660,358.920
-443793.030,-1172316.370,359.090
-443793.650,-1172315.800,359.380
-443793.970,-1172315.510,359.560
-443787.130,-1172320.880,357.520
-443789.650,-1172318.590,358.880
-443790.880,-1172317.470,359.290
-443795.400,-1172313.350,360.860
-443793.950,-1172313.590,360.790
-443787.160,-1172320.250,357.870
-443787.490,-1172319.940,358.030
-443787.780,-1172319.680,358.170
-443789.400,-1172318.210,359.060
-443792.220,-1172315.640,359.570
-443792.540,-1172315.350,359.730
-443793.520,-1172314.450,360.220
-443793.840,-1172314.160,360.390
-443786.780,-1172319.550,358.340
-443789.030,-1172317.510,359.540
-443789.360,-1172317.210,359.720
-443786.040,-1172320.780,357.650
-443786.340,-1172320.510,357.770
-443786.950,-1172319.960,358.090
-443788.160,-1172317.910,359.390
-443792.320,-1172314.120,360.580
-443791.640,-1172313.730,360.900
-443791.110,-1172314.680,360.270
-443792.380,-1172313.520,360.920
-443791.130,-1172313.750,360.910
-443784.960,-1172318.990,357.940
-443785.270,-1172318.700,358.130
-443785.580,-1172318.420,358.270
-443783.650,-1172319.590,357.630
-443783.960,-1172319.300,357.770
-443784.250,-1172319.040,357.920
-443785.590,-1172317.820,358.670
-443786.530,-1172316.960,359.140
-443787.160,-1172316.380,359.460
-443787.500,-1172316.080,359.610
-443783.830,-1172318.920,358.050
-443786.420,-1172316.570,359.410
-443786.740,-1172316.280,359.540
-443787.410,-1172315.670,359.920
-443787.710,-1172315.390,360.070
-443788.340,-1172314.820,360.450
-443782.630,-1172319.560,357.710
-443782.930,-1172319.290,357.870
-443783.550,-1172318.720,358.180
-443787.680,-1172314.960,360.320
-443788.010,-1172314.660,360.510
-443781.690,-1172320.050,357.580
-443782.000,-1172319.780,357.670
-443782.990,-1172318.880,358.200
-443783.300,-1172318.590,358.350
-443784.570,-1172317.440,358.980
-443785.510,-1172316.580,359.490
-443785.810,-1172316.310,359.640
-443786.450,-1172315.730,359.970
-443787.400,-1172314.860,360.480
-443787.730,-1172314.550,360.660
-443788.070,-1172314.250,360.840
-443781.310,-1172319.900,357.620
-443781.650,-1172319.590,357.780
-443781.960,-1172319.310,357.940
-443783.230,-1172318.150,358.600
-443784.520,-1172316.980,359.240
-443784.820,-1172316.700,359.390
-443785.480,-1172316.100,359.740
-443786.110,-1172315.530,360.080
-443786.410,-1172315.250,360.200
-443787.020,-1172314.700,360.530
-443787.370,-1172314.370,360.720
-443780.220,-1172320.520,357.410
-443781.170,-1172319.650,357.850
-443781.470,-1172319.380,357.970
-443782.450,-1172318.490,358.460
-443783.420,-1172317.610,358.950
-443783.730,-1172317.320,359.130
-443784.060,-1172317.020,359.280
-443785.990,-1172315.260,360.300
-443786.290,-1172314.990,360.410
-443786.930,-1172314.410,360.740
-443780.430,-1172319.880,357.690
-443780.760,-1172319.580,357.890
-443781.370,-1172319.020,358.180
-443781.690,-1172318.730,358.310
-443782.020,-1172318.430,358.470
-443782.960,-1172317.570,358.980
-443783.600,-1172316.990,359.290
-443783.940,-1172316.680,359.480
-443784.600,-1172316.080,359.790
-443784.910,-1172315.800,359.970
-443785.210,-1172315.520,360.110
-443785.530,-1172315.230,360.290
-443786.490,-1172314.360,360.780
-443786.820,-1172314.060,360.950
-443779.760,-1172320.140,357.630
-443780.060,-1172319.860,357.780
-443780.700,-1172319.280,358.100
-443781.010,-1172319.000,358.250
-443782.900,-1172317.270,359.220
-443783.200,-1172317.000,359.360
-443784.810,-1172315.540,360.190
-443785.800,-1172314.640,360.690
-443780.450,-1172318.930,358.300
-443780.780,-1172318.630,358.460
-443781.730,-1172317.760,358.940
-443782.050,-1172317.480,359.100
-443782.350,-1172317.200,359.260
-443783.600,-1172316.070,359.900
-443783.910,-1172315.780,360.050
-443784.240,-1172315.480,360.220
-443782.360,-1172316.720,359.640
-443783.000,-1172316.140,359.930
-443783.310,-1172315.850,360.110
-443784.230,-1172315.020,360.560
-443779.580,-1172318.730,358.540
-443781.480,-1172317.000,359.480
-443783.410,-1172315.240,360.440
-443779.500,-1172318.460,358.820
-443779.780,-1172318.210,358.870
-443780.440,-1172317.600,359.200
-443780.770,-1172317.300,359.410
-443781.090,-1172317.010,359.540
-443782.030,-1172316.150,360.010
-443782.670,-1172315.570,360.330
-443783.000,-1172315.270,360.490
-443783.630,-1172314.700,360.820
-443779.440,-1172317.980,359.030
-443779.770,-1172317.690,359.160
-443780.400,-1172317.110,359.500
-443780.740,-1172316.810,359.650
-443781.660,-1172315.970,360.090
-443782.000,-1172315.650,360.270
-443782.320,-1172315.360,360.430
-443782.980,-1172314.760,360.770
-443780.140,-1172316.500,359.940
-443781.670,-1172315.100,360.700
-443780.020,-1172317.030,359.590
-443780.970,-1172316.160,360.090
-443781.290,-1172315.870,360.230
-443781.600,-1172315.590,360.390
-443782.560,-1172314.710,360.870
-443779.810,-1172316.400,360.050
-443780.140,-1172316.110,360.200
-443780.770,-1172315.530,360.500
-443769.190,-1172321.820,358.140
-443769.510,-1172321.530,358.270
-443773.960,-1172317.470,359.450
-443769.220,-1172321.420,358.380
-443773.350,-1172317.650,359.360
-443769.460,-1172320.800,358.700
-443768.400,-1172321.520,358.380
-443768.700,-1172321.240,358.510
-443769.920,-1172320.130,359.020
-443769.360,-1172320.170,359.070
-443769.660,-1172319.890,359.220
-443767.260,-1172321.300,358.520
-443768.250,-1172320.390,359.090
-443766.860,-1172321.300,358.600
-443767.500,-1172320.720,358.970
-443769.370,-1172319.010,359.740
-443769.220,-1172317.970,360.380
-443766.620,-1172320.860,358.870
-443769.100,-1172318.600,359.990
-443766.770,-1172319.620,359.550
-443768.390,-1172318.130,360.310
-443768.690,-1172317.860,360.440
-443766.410,-1172320.530,359.070
-443767.360,-1172319.660,359.560
-443765.760,-1172320.200,359.420
-443767.940,-1172318.210,360.290
-443768.260,-1172317.920,360.430
-443766.940,-1172318.150,360.400
-443768.210,-1172316.990,361.010
-443769.180,-1172316.100,361.470
-443766.570,-1172318.870,360.010
-443767.360,-1172317.260,360.890
-443768.650,-1172316.080,361.500
-443765.650,-1172318.560,360.370
-443766.870,-1172317.440,360.880
-443767.170,-1172317.170,360.980
-443767.790,-1172316.610,361.280
-443767.680,-1172316.130,361.560
-443766.330,-1172317.030,361.110
-443766.660,-1172316.720,361.280
-443749.260,-1172320.580,358.250
-443749.700,-1172320.580,358.280
-443749.160,-1172320.150,358.560
-443749.480,-1172319.860,358.730
-443748.640,-1172320.250,358.550
-443748.530,-1172319.710,358.930
-443746.990,-1172320.670,358.380
-443747.340,-1172320.350,358.590
-443747.640,-1172320.080,358.710
-443748.650,-1172319.150,359.270
-443746.450,-1172320.670,358.430
-443746.790,-1172320.360,358.610
-443747.120,-1172320.050,358.820
-443747.760,-1172319.470,359.150
-443748.090,-1172319.160,359.310
-443747.250,-1172319.600,359.080
-443740.170,-1172326.080,358.400
-443740.830,-1172325.480,358.760
-443745.970,-1172320.780,358.420
-443746.610,-1172320.190,358.720
-443739.740,-1172325.940,358.530
-443740.040,-1172325.660,358.670
-443740.360,-1172325.370,358.860
-443740.710,-1172325.050,359.050
-443745.490,-1172320.680,358.500
-443745.820,-1172320.380,358.670
-443746.460,-1172319.790,359.020
-443739.600,-1172325.730,358.620
-443739.910,-1172325.450,358.790
-443740.270,-1172325.120,358.990
-443740.890,-1172324.550,359.330
-443746.650,-1172319.280,359.320
-443745.950,-1172319.570,359.200
-443746.940,-1172318.660,359.760
-443738.530,-1172326.370,358.330
-443738.870,-1172326.050,358.530
-443739.190,-1172325.760,358.680
-443740.850,-1172324.230,359.560
-443740.070,-1172324.660,359.350
-443740.390,-1172324.370,359.520
-443745.480,-1172319.720,359.160
-443745.810,-1172319.410,359.340
-443746.160,-1172319.090,359.510
-443737.750,-1172326.270,358.470
-443738.080,-1172325.970,358.650
-443739.050,-1172325.080,359.120
-443739.700,-1172324.480,359.440
-443740.390,-1172323.850,359.830
-443744.190,-1172320.370,358.810
-443745.780,-1172318.910,359.640
-443746.760,-1172318.010,360.190
-443738.020,-1172325.610,358.840
-443738.980,-1172324.730,359.330
-443739.310,-1172324.430,359.480
-443739.650,-1172324.110,359.680
-443739.970,-1172323.830,359.840
-443743.140,-1172320.920,358.510
-443744.480,-1172319.700,359.200
-443745.440,-1172318.820,359.700
-443738.980,-1172324.250,359.660
-443739.310,-1172323.950,359.840
-443740.290,-1172323.050,360.350
-443742.480,-1172321.050,358.470
-443743.100,-1172320.480,358.800
-443743.440,-1172320.180,358.990
-443746.110,-1172317.730,360.430
-443744.320,-1172319.040,359.670
-443742.680,-1172320.070,359.100
-443743.650,-1172319.180,359.650
-443742.230,-1172320.130,359.120
-443742.870,-1172319.550,359.430
-443736.420,-1172325.060,358.390
-443742.240,-1172319.740,359.400
-443735.650,-1172325.510,358.190
-443743.090,-1172318.700,360.000
-443743.430,-1172318.380,360.180
-443735.170,-1172325.430,358.310
-443736.110,-1172324.570,358.740
-443737.050,-1172323.710,359.190
-443737.720,-1172323.090,359.550
-443742.560,-1172318.650,360.110
-443743.220,-1172318.050,360.420
-443737.190,-1172323.110,359.550
-443737.820,-1172322.530,359.870
-443738.150,-1172322.230,360.050
-443734.570,-1172325.520,358.230
-443735.560,-1172324.600,358.760
-443736.860,-1172323.420,359.390
-443734.010,-1172325.570,358.310
-443734.960,-1172324.700,358.800
-443735.300,-1172324.390,358.950
-443735.930,-1172323.810,359.270
-443736.280,-1172323.490,359.440
-443736.950,-1172322.880,359.790
-443737.260,-1172322.590,359.940
-443738.890,-1172321.090,360.760
-443739.840,-1172320.220,361.250
-443735.050,-1172324.280,359.020
-443736.060,-1172323.360,359.510
-443736.360,-1172323.080,359.670
-443737.010,-1172322.480,360.020
-443737.330,-1172322.190,360.150
-443737.990,-1172321.580,360.500
-443742.150,-1172317.770,360.700
-443742.460,-1172317.490,360.880
-443732.950,-1172325.720,358.250
-443733.590,-1172325.130,358.610
-443734.250,-1172324.530,358.910
-443734.580,-1172324.220,359.120
-443734.910,-1172323.920,359.280
-443736.550,-1172322.420,360.080
-443737.210,-1172321.810,360.430
-443738.170,-1172320.930,360.930
-443738.500,-1172320.620,361.130
-443738.850,-1172320.300,361.280
-443739.500,-1172319.710,361.630
-443733.860,-1172324.490,358.970
-443734.530,-1172323.880,359.330
-443734.840,-1172323.600,359.460
-443735.820,-1172322.700,359.940
-443736.790,-1172321.810,360.460
-443737.130,-1172321.500,360.610
-443737.460,-1172321.190,360.790
-443738.780,-1172319.980,361.480
-443739.410,-1172319.400,361.810
-443741.350,-1172317.630,360.840
-443732.270,-1172325.960,358.150
-443733.220,-1172325.080,358.600
-443732.590,-1172325.190,358.620
-443732.930,-1172324.870,358.820
-443733.260,-1172324.570,358.980
-443734.240,-1172323.670,359.470
-443734.560,-1172323.380,359.630
-443734.850,-1172323.110,359.770
-443735.180,-1172322.810,359.960
-443736.130,-1172321.930,360.420
-443738.760,-1172319.520,361.810
-443737.470,-1172320.280,361.440
-443732.580,-1172324.770,358.900
-443733.570,-1172323.860,359.400
-443734.260,-1172323.230,359.780
-443735.570,-1172322.030,360.450
-443734.040,-1172322.830,359.990
-443734.410,-1172322.500,360.220
-443734.730,-1172322.200,360.410
-443736.370,-1172320.700,361.190
-443731.230,-1172324.880,358.940
-443732.210,-1172323.980,359.420
-443732.520,-1172323.700,359.560
-443733.210,-1172323.070,359.940
-443735.150,-1172321.280,360.930
-443735.830,-1172320.660,361.290
-443736.480,-1172320.070,361.600
-443731.320,-1172324.320,359.280
-443732.300,-1172323.420,359.760
-443732.590,-1172323.150,359.910
-443733.290,-1172322.500,360.280
-443735.920,-1172320.090,361.640
-443731.110,-1172324.140,359.490
-443731.730,-1172323.570,359.730
-443732.360,-1172322.990,360.040
-443733.010,-1172322.390,360.380
-443731.870,-1172322.970,360.150
-443732.210,-1172322.660,360.290
-443733.500,-1172321.480,360.930
-443734.120,-1172320.910,361.260
-443735.090,-1172320.020,361.760
-443732.620,-1172321.880,360.750
-443734.320,-1172320.320,361.820
-443733.820,-1172320.430,361.590
-443730.890,-1172323.120,360.160
-443733.150,-1172321.050,361.270
-443731.100,-1172322.520,360.530
-443732.410,-1172321.320,361.150
-443732.740,-1172321.010,361.330
-443733.070,-1172320.710,361.480
-443733.380,-1172320.420,361.640
-443731.680,-1172321.430,361.140
-443727.460,-1172324.790,355.730
-443732.660,-1172320.000,361.950
-443726.590,-1172324.840,355.810
-443725.420,-1172325.090,355.670
-443726.430,-1172324.160,356.270
-443725.140,-1172324.970,355.810
-443725.470,-1172324.670,355.990
-443726.470,-1172323.750,356.590
-443726.810,-1172323.440,356.780
-443725.580,-1172324.100,356.390
-443723.720,-1172325.280,355.710
-443726.410,-1172322.800,357.260
-443726.480,-1172322.140,357.760
-443724.750,-1172323.300,357.040
-443725.390,-1172322.700,357.430
-443722.170,-1172324.830,356.130
-443724.890,-1172322.320,357.720
-443721.410,-1172324.990,356.070
-443723.090,-1172323.450,357.070
-443724.240,-1172321.930,358.120
-443721.590,-1172323.890,356.910
-443722.950,-1172322.640,357.690
-443721.570,-1172323.420,357.210
-443722.570,-1172322.500,357.790
-443723.580,-1172321.580,358.410
-443723.930,-1172321.250,358.600
-443722.850,-1172321.710,358.350
-443721.110,-1172322.920,357.590
-443722.730,-1172321.030,358.990
-443721.220,-1172321.990,358.270
-443720.830,-1172321.890,358.350
-443735.670,-1172294.380,357.920
-443736.620,-1172292.170,359.680
-443730.570,-1172296.380,357.080
-443734.840,-1172292.440,359.670
-443724.810,-1172296.440,357.680
-443720.910,-1172298.450,355.740
-443721.230,-1172298.160,355.900
-443721.060,-1172297.720,356.270
-443721.400,-1172297.410,356.440
-443719.770,-1172298.910,355.610
-443720.410,-1172298.320,355.890
-443721.280,-1172296.910,356.660
-443720.000,-1172297.480,356.460
-443720.660,-1172296.870,356.830
-443721.000,-1172296.550,357.000
-443721.340,-1172296.240,357.210
-443719.240,-1172297.770,356.270
-443719.900,-1172297.160,356.620
-443720.200,-1172296.880,356.780
-443721.180,-1172295.970,357.290
-443721.060,-1172295.720,357.510
-443718.830,-1172297.780,356.350
-443719.790,-1172296.890,356.860
-443720.430,-1172296.300,357.200
-443720.740,-1172296.020,357.350
-443719.080,-1172297.160,356.660
-443719.390,-1172296.870,356.820
-443720.040,-1172296.270,357.150
-443720.670,-1172295.690,357.490
-443721.000,-1172295.380,357.670
-443718.790,-1172296.900,356.900
-443719.130,-1172296.590,357.060
-443719.760,-1172296.000,357.380
-443720.100,-1172295.690,357.560
-443720.430,-1172295.380,357.730
-443719.040,-1172296.250,357.210
-443720.000,-1172295.370,357.720
-443720.320,-1172295.070,357.890
-443718.790,-1172296.020,357.460
-443719.110,-1172295.720,357.610
-443720.720,-1172325.620,355.710
-443718.130,-1172326.050,355.610
-443718.800,-1172325.430,355.980
-443719.500,-1172324.790,356.400
-443720.860,-1172323.540,357.190
-443717.730,-1172326.030,355.660
-443719.420,-1172324.480,356.590
-443719.460,-1172323.150,357.570
-443718.160,-1172324.810,356.500
-443717.490,-1172324.960,356.430
-443718.280,-1172322.960,357.790
-443720.310,-1172321.100,358.950
-443717.130,-1172322.470,358.280
-443716.360,-1172322.160,361.570
-443716.670,-1172321.870,361.660
-443717.530,-1172321.620,358.810
-443717.850,-1172321.330,358.940
-443716.030,-1172321.580,362.040
-443716.130,-1172321.960,361.690
-443712.750,-1172323.160,361.060
-443712.270,-1172323.190,361.130
-443712.610,-1172322.870,361.360
-443713.320,-1172322.220,361.770
-443712.030,-1172322.970,361.240
-443712.360,-1172322.660,361.420
-443710.180,-1172323.370,361.200
-443708.250,-1172322.830,361.730
-443708.590,-1172322.940,361.660
-443706.610,-1172323.790,361.180
-443706.640,-1172322.800,361.930
-443718.620,-1172298.350,355.990
-443718.420,-1172297.770,356.340
-443717.400,-1172297.770,356.390
-443718.230,-1172296.020,357.450
-443717.820,-1172296.910,356.970
-443717.190,-1172296.420,357.330
-443717.540,-1172296.090,357.510
-443718.470,-1172295.230,357.990
-443717.440,-1172295.320,358.010
-443718.020,-1172295.210,357.920
-443716.820,-1172295.390,357.960
-443710.870,-1172297.030,355.590
-443711.180,-1172296.750,355.710
-443711.830,-1172296.150,356.030
-443711.530,-1172296.870,355.640
-443711.840,-1172296.580,355.830
-443710.690,-1172296.790,355.820
-443710.990,-1172296.510,355.910
-443711.310,-1172296.210,356.040
-443711.640,-1172295.910,356.220
-443710.950,-1172296.230,356.030
-443711.920,-1172295.330,356.510
-443710.810,-1172295.430,356.570
-443711.120,-1172295.150,356.700
-443711.750,-1172294.560,357.020
-443710.910,-1172295.860,356.330
-443711.220,-1172295.570,356.480
-443711.860,-1172294.970,356.800
-443711.120,-1172294.590,357.090
-443795.560,-1172424.540,350.270
-443737.790,-1172411.460,347.890
-443737.670,-1172411.790,347.810
-443744.370,-1172411.320,347.880
-443736.180,-1172437.010,354.510
-443736.010,-1172437.380,347.580
-443736.900,-1172437.750,347.500
-443737.720,-1172437.390,347.550
-443739.460,-1172436.680,351.090
-443750.170,-1172410.790,347.940
-443740.520,-1172436.930,351.000
-443741.080,-1172436.650,347.670
-443741.240,-1172436.900,351.000
-443744.340,-1172437.270,347.370
-443745.480,-1172437.110,347.520
-443749.810,-1172436.640,347.500
-443750.630,-1172436.960,350.890
-443750.600,-1172437.000,347.520
-443752.790,-1172436.400,347.590
-443753.240,-1172436.950,347.460
-443757.310,-1172436.280,350.970
-443763.850,-1172435.740,351.020
-443763.710,-1172436.070,347.560
-443768.770,-1172436.180,347.490
-443791.760,-1172424.430,346.600
-443794.490,-1172424.420,352.700
-443794.620,-1172424.910,350.070
-443699.440,-1172346.150,352.640
-443698.270,-1172346.350,352.670
-443850.000,-1172306.810,345.990
-443850.540,-1172306.740,346.090
-443842.020,-1172310.340,353.960
-443841.720,-1172309.760,354.370
-443841.390,-1172310.620,353.850
-443840.420,-1172313.160,352.090
-443840.360,-1172312.760,352.400
-443840.850,-1172309.830,354.470
-443838.700,-1172313.170,352.210
-443838.420,-1172311.440,353.390
-443837.440,-1172311.020,353.810
-443837.330,-1172311.310,353.680
-443837.580,-1172311.550,353.400
-443837.030,-1172312.990,352.440
-443837.040,-1172310.260,354.380
-443835.670,-1172313.860,351.890
-443838.170,-1172309.110,355.200
-443835.480,-1172313.710,351.940
-443835.290,-1172311.960,353.400
-443834.330,-1172312.750,352.830
-443833.790,-1172314.160,351.890
-443834.370,-1172311.880,353.500
-443833.040,-1172313.920,352.180
-443832.940,-1172314.190,351.950
-443833.060,-1172311.660,353.820
-443833.690,-1172309.450,355.390
-443833.250,-1172310.590,354.670
-443832.620,-1172312.250,353.430
-443831.980,-1172313.930,352.250
-443832.850,-1172310.130,354.980
-443831.140,-1172312.070,353.610
-443830.190,-1172314.570,351.840
-443831.680,-1172310.660,354.600
-443830.870,-1172312.280,353.490
-443831.150,-1172310.230,354.980
-443830.730,-1172311.330,354.180
-443829.570,-1172314.380,352.060
-443830.170,-1172312.100,353.670
-443829.330,-1172314.310,352.170
-443829.240,-1172312.830,353.180
-443828.710,-1172314.230,352.240
-443829.780,-1172310.580,354.800
-443829.360,-1172311.690,353.990
-443828.180,-1172314.790,351.870
-443829.360,-1172310.110,355.140
-443826.910,-1172313.940,352.580
-443827.410,-1172311.850,354.130
-443827.000,-1172312.930,353.320
-443827.270,-1172310.670,354.960
-443825.680,-1172314.840,352.020
-443826.240,-1172312.370,353.750
-443825.240,-1172313.220,353.220
-443824.610,-1172314.880,352.050
-443824.490,-1172315.190,351.850
-443824.860,-1172313.530,353.000
-443824.310,-1172314.970,351.990
-443824.850,-1172311.400,354.640
-443824.620,-1172310.350,355.410
-443820.360,-1172315.190,353.560
-443819.910,-1172315.430,353.410
-443819.800,-1172315.710,353.280
-443819.090,-1172315.400,353.490
-443817.180,-1172314.160,354.670
-443816.840,-1172314.110,354.650
-443816.330,-1172315.460,353.640
-443815.680,-1172314.970,354.010
-443815.440,-1172314.330,354.620
-443814.570,-1172315.730,353.540
-443814.460,-1172316.020,353.390
-443814.300,-1172313.960,354.930
-443814.190,-1172314.250,354.750
-443813.570,-1172315.880,353.510
-443813.120,-1172315.630,353.670
-443801.330,-1172290.810,353.410
-443801.640,-1172290.810,353.390
-443805.700,-1172314.140,355.530
-443804.960,-1172316.110,354.110
-443804.860,-1172316.380,353.930
-443805.710,-1172315.840,354.280
-443805.730,-1172316.780,353.590
-443808.230,-1172315.090,354.620
-443807.820,-1172316.190,353.800
-443809.640,-1172315.180,354.520
-443809.540,-1172316.440,352.220
-443810.580,-1172315.160,354.440
-443810.720,-1172315.250,354.300
-443719.710,-1172298.790,355.630
-443721.240,-1172298.730,355.550
-443721.030,-1172299.300,355.300
-443720.480,-1172299.460,355.230
-443720.390,-1172299.720,355.040
-443722.770,-1172299.640,354.790
-443723.960,-1172299.360,354.820
-443723.840,-1172299.680,354.740
-443724.810,-1172299.230,354.990
-443727.720,-1172299.150,354.740
-443729.390,-1172298.990,354.790
-443722.100,-1172326.920,354.700
-443722.670,-1172326.670,354.740
-443734.810,-1172298.370,354.730
-443725.440,-1172325.520,355.370
-443724.450,-1172326.690,354.610
-443725.750,-1172325.530,355.340
-443726.110,-1172325.740,355.150
-443727.150,-1172325.430,355.350
-443727.050,-1172325.710,355.170
-443764.240,-1172294.720,351.830
-443769.790,-1172322.300,355.170
-443721.270,-1172325.930,355.460
-443720.630,-1172326.350,355.180
-443719.680,-1172326.320,355.290
-443717.690,-1172326.540,355.380
-443709.000,-1172337.220,355.430
-443718.980,-1172299.540,355.210
-443718.530,-1172299.520,355.310
-443718.970,-1172299.010,355.560
-443718.060,-1172299.890,355.000
-443718.590,-1172299.100,355.560
-443718.490,-1172299.370,355.380
-443718.260,-1172299.180,355.510
-443718.160,-1172299.460,355.290
-443717.740,-1172299.070,355.650
-443717.640,-1172299.350,355.430
-443717.860,-1172299.490,355.360
-443712.470,-1172299.350,354.100
-443712.370,-1172299.620,353.910
-443712.700,-1172297.840,355.020
-443712.590,-1172298.160,354.880
-443712.490,-1172298.420,354.640
-443712.170,-1172299.280,354.070
-443712.060,-1172299.570,353.920
-443711.950,-1172299.870,353.810
-443712.260,-1172298.120,354.860
-443712.050,-1172298.670,354.530
-443711.620,-1172299.820,353.880
-443712.690,-1172296.940,355.550
-443712.580,-1172297.240,355.390
-443712.260,-1172297.160,355.390
-443712.150,-1172297.450,355.250
-443712.050,-1172297.730,355.080
-443711.940,-1172298.030,354.930
-443711.830,-1172298.300,354.710
-443711.610,-1172298.900,354.400
-443711.290,-1172299.760,353.890
-443711.920,-1172296.910,355.570
-443711.490,-1172298.080,354.940
-443711.380,-1172298.370,354.780
-443711.160,-1172298.960,354.450
-443711.610,-1172296.940,355.560
-443711.500,-1172297.240,355.380
-443711.200,-1172298.060,354.900
-443710.990,-1172298.620,354.520
-443711.210,-1172296.920,355.670
-443711.120,-1172297.160,355.440
-443710.900,-1172297.760,355.150
-443708.500,-1172300.770,354.640
-443708.300,-1172300.530,354.750
-443698.940,-1172300.270,350.550
-443843.800,-1172432.370,360.630
-443843.750,-1172431.860,360.760
-443843.630,-1172432.180,360.740
-443839.870,-1172415.270,377.560
-443850.150,-1172379.660,373.820
-443839.280,-1172400.070,374.260
-443830.270,-1172421.790,365.410
-443837.150,-1172399.990,374.360
-443837.280,-1172330.760,370.770
-443834.300,-1172330.870,370.760
-443836.510,-1172330.540,371.040
-443833.040,-1172330.600,371.070
-443833.890,-1172330.600,371.050
-443839.550,-1172307.950,355.930
-443832.650,-1172307.590,356.830
-443832.820,-1172307.670,356.830
-443832.610,-1172308.230,356.370
-443833.780,-1172306.800,357.290
-443832.850,-1172309.250,355.580
-443829.690,-1172308.330,356.490
-443830.940,-1172308.360,356.340
-443831.800,-1172308.530,356.190
-443831.580,-1172309.100,355.800
-443826.730,-1172309.300,356.010
-443828.230,-1172308.130,356.700
-443829.110,-1172307.380,357.240
-443828.790,-1172308.220,356.660
-443819.930,-1172311.860,356.110
-443818.020,-1172311.960,356.130
-443817.810,-1172312.490,355.750
-443815.940,-1172312.120,356.190
-443815.220,-1172312.360,356.080
-443812.800,-1172309.740,358.330
-443812.700,-1172310.020,358.140
-443812.880,-1172311.490,356.950
-443812.220,-1172309.360,358.710
-443812.560,-1172309.910,358.270
-443809.940,-1172312.520,356.450
-443807.810,-1172311.260,357.730
-443807.230,-1172310.070,358.630
-443804.100,-1172311.800,357.550
-443802.570,-1172313.210,356.620
-443798.710,-1172317.410,358.070
-443798.380,-1172318.270,357.570
-443798.540,-1172314.790,359.710
-443798.320,-1172315.370,359.350
-443798.110,-1172315.920,358.990
-443798.000,-1172316.230,358.840
-443797.370,-1172317.920,357.870
-443798.580,-1172315.170,359.450
-443798.480,-1172315.430,359.240
-443798.060,-1172316.570,358.560
-443797.740,-1172317.430,358.130
-443799.010,-1172315.790,359.090
-443798.900,-1172316.090,358.880
-443798.680,-1172316.660,358.550
-443798.570,-1172316.950,358.380
-443798.140,-1172318.100,357.690
-443797.110,-1172314.950,359.630
-443796.880,-1172315.580,359.360
-443796.450,-1172316.730,358.690
-443796.130,-1172317.560,358.120
-443795.920,-1172318.150,357.820
-443795.810,-1172318.440,357.640
-443795.690,-1172318.750,357.460
-443797.970,-1172314.330,360.070
-443797.450,-1172315.720,359.160
-443797.340,-1172316.030,359.020
-443797.220,-1172316.340,358.850
-443797.020,-1172316.880,358.460
-443798.110,-1172314.660,359.850
-443797.780,-1172315.530,359.340
-443797.580,-1172316.060,358.890
-443797.460,-1172316.400,358.770
-443797.360,-1172316.670,358.570
-443797.020,-1172317.570,358.120
-443797.410,-1172313.500,360.590
-443797.100,-1172314.350,360.130
-443796.350,-1172316.350,358.870
-443796.230,-1172316.660,358.740
-443796.010,-1172317.240,358.370
-443795.700,-1172318.060,357.850
-443795.480,-1172318.660,357.520
-443793.690,-1172319.340,357.910
-443796.500,-1172313.580,360.600
-443796.190,-1172314.410,360.040
-443795.970,-1172315.010,359.800
-443795.660,-1172315.840,359.270
-443795.550,-1172316.120,359.090
-443795.340,-1172316.690,358.780
-443794.910,-1172317.830,358.010
-443796.820,-1172313.550,360.570
-443796.720,-1172313.840,360.410
-443796.620,-1172314.100,360.260
-443793.540,-1172317.400,358.410
-443792.730,-1172319.590,357.820
-443795.050,-1172314.980,359.840
-443794.830,-1172315.570,359.520
-443794.620,-1172316.140,359.120
-443794.190,-1172317.280,358.450
-443793.480,-1172319.200,358.000
-443793.370,-1172319.470,357.840
-443796.020,-1172313.120,360.910
-443794.930,-1172316.020,359.240
-443794.830,-1172316.290,359.000
-443794.630,-1172316.840,358.650
-443794.430,-1172317.380,358.310
-443793.110,-1172315.870,359.370
-443793.010,-1172316.140,359.170
-443792.060,-1172318.680,358.410
-443794.680,-1172313.390,360.890
-443794.580,-1172313.660,360.670
-443793.940,-1172315.370,359.620
-443793.400,-1172316.800,358.720
-443792.120,-1172320.230,357.500
-443795.160,-1172313.090,361.040
-443794.400,-1172315.120,359.820
-443794.300,-1172315.380,359.620
-443793.290,-1172313.410,360.960
-443792.970,-1172314.280,360.390
-443792.530,-1172315.440,359.730
-443792.430,-1172315.710,359.550
-443791.290,-1172318.760,358.450
-443790.970,-1172319.620,357.940
-443790.750,-1172320.210,357.640
-443793.860,-1172313.310,360.990
-443793.650,-1172313.850,360.630
-443793.340,-1172314.690,360.170
-443793.240,-1172314.960,359.980
-443793.130,-1172315.260,359.770
-443793.030,-1172315.530,359.630
-443791.980,-1172318.320,358.640
-443791.760,-1172318.920,358.340
-443791.550,-1172319.500,357.980
-443791.450,-1172319.760,357.780
-443793.950,-1172313.610,360.800
-443793.740,-1172314.190,360.440
-443793.540,-1172314.730,360.050
-443791.760,-1172313.990,360.580
-443791.520,-1172314.630,360.280
-443791.410,-1172314.920,360.130
-443790.590,-1172317.120,359.460
-443789.310,-1172320.550,357.510
-443791.470,-1172315.590,359.690
-443790.740,-1172317.550,359.270
-443792.880,-1172313.680,360.770
-443792.770,-1172313.960,360.650
-443792.660,-1172314.260,360.470
-443792.550,-1172314.550,360.270
-443792.450,-1172314.820,360.100
-443792.130,-1172315.690,359.510
-443791.410,-1172317.640,359.160
-443790.670,-1172319.590,357.980
-443788.580,-1172318.560,358.940
-443790.920,-1172313.840,360.830
-443790.810,-1172314.120,360.680
-443790.700,-1172314.410,360.500
-443790.600,-1172314.700,360.280
-443790.500,-1172314.970,360.170
-443788.900,-1172319.260,358.450
-443788.470,-1172320.410,357.750
-443791.200,-1172313.860,360.800
-443791.100,-1172314.120,360.590
-443790.880,-1172314.720,360.260
-443790.160,-1172316.650,359.780
-443789.180,-1172319.280,358.320
-443787.950,-1172315.230,360.230
-443787.730,-1172315.830,359.840
-443786.900,-1172319.980,358.150
-443787.050,-1172320.530,357.730
-443787.750,-1172320.240,357.820
-443786.080,-1172317.410,358.900
-443785.770,-1172318.240,358.290
-443786.670,-1172316.580,359.420
-443787.870,-1172314.780,360.490
-443785.310,-1172315.900,359.810
-443785.610,-1172316.430,359.480
-443784.980,-1172318.130,358.490
-443784.560,-1172319.270,357.840
-443786.160,-1172315.600,360.080
-443785.850,-1172316.430,359.540
-443784.560,-1172314.790,360.660
-443783.620,-1172317.330,359.070
-443784.110,-1172316.760,359.360
-443783.890,-1172317.360,359.070
-443785.560,-1172314.490,360.770
-443785.350,-1172315.050,360.380
-443785.040,-1172315.900,359.750
-443783.090,-1172314.670,360.780
-443782.770,-1172315.520,360.240
-443782.130,-1172317.260,359.210
-443782.020,-1172317.550,359.090
-443781.920,-1172317.820,358.840
-443781.610,-1172318.650,358.360
-443783.370,-1172315.620,360.190
-443782.630,-1172317.600,359.040
-443781.150,-1172317.140,359.410
-443780.080,-1172320.020,357.680
-443780.770,-1172319.030,358.250
-443782.960,-1172314.490,360.990
-443782.430,-1172315.930,360.110
-443781.160,-1172319.330,357.940
-443779.970,-1172317.530,359.180
-443779.740,-1172318.130,358.910
-443779.640,-1172318.390,358.660
-443780.070,-1172318.160,358.850
-443773.920,-1172317.750,359.210
-443769.530,-1172321.610,358.190
-443769.420,-1172321.890,358.050
-443769.580,-1172318.860,359.860
-443769.480,-1172319.120,359.630
-443769.160,-1172319.980,359.200
-443768.950,-1172320.550,358.840
-443768.640,-1172321.400,358.370
-443770.020,-1172319.470,359.470
-443769.910,-1172319.770,359.340
-443769.800,-1172320.070,359.170
-443769.700,-1172320.340,358.950
-443769.270,-1172321.500,358.340
-443769.100,-1172317.810,360.490
-443769.010,-1172318.060,360.270
-443768.790,-1172318.660,360.000
-443767.920,-1172321.000,358.740
-443767.710,-1172321.570,358.370
-443769.450,-1172318.450,360.110
-443768.390,-1172321.310,358.490
-443768.570,-1172316.810,361.120
-443768.270,-1172317.640,360.600
-443768.160,-1172317.930,360.450
-443768.060,-1172318.210,360.260
-443767.620,-1172319.390,359.700
-443767.180,-1172320.570,359.010
-443767.070,-1172320.860,358.850
-443766.880,-1172321.390,358.480
-443769.040,-1172317.180,360.840
-443768.930,-1172317.470,360.720
-443768.830,-1172317.740,360.490
-443767.850,-1172320.400,359.110
-443767.320,-1172321.820,358.210
-443769.200,-1172317.530,360.650
-443768.030,-1172316.170,361.520
-443767.600,-1172317.330,360.830
-443767.270,-1172318.210,360.400
-443767.180,-1172318.460,360.180
-443766.950,-1172319.070,359.940
-443766.850,-1172319.330,359.770
-443766.760,-1172319.600,359.570
-443766.650,-1172319.880,359.400
-443768.700,-1172315.900,361.670
-443768.600,-1172316.180,361.500
-443768.500,-1172316.440,361.250
-443768.270,-1172317.040,361.020
-443768.180,-1172317.290,360.820
-443767.970,-1172317.850,360.450
-443767.320,-1172319.630,359.630
-443767.220,-1172319.900,359.360
-443766.790,-1172321.060,358.730
-443766.700,-1172316.540,361.320
-443767.080,-1172316.100,361.690
-443766.770,-1172316.940,361.120
-443766.140,-1172318.640,360.070
-443767.690,-1172316.190,361.540
-443767.270,-1172317.340,360.900
-443766.620,-1172319.080,359.890
-443766.290,-1172319.960,359.440
-443765.910,-1172316.720,361.310
-443765.590,-1172317.590,360.880
-443766.120,-1172316.820,361.300
-443766.000,-1172317.130,361.120
-443749.140,-1172320.410,358.400
-443747.120,-1172319.820,358.910
-443746.710,-1172320.010,358.660
-443746.850,-1172318.180,360.060
-443746.340,-1172318.930,359.630
-443745.930,-1172320.050,358.820
-443745.710,-1172320.630,358.520
-443746.370,-1172317.710,360.380
-443745.950,-1172318.870,359.630
-443745.760,-1172319.370,359.170
-443745.210,-1172320.860,358.440
-443745.640,-1172318.860,359.710
-443744.920,-1172320.820,358.410
-443744.050,-1172321.030,358.350
-443744.470,-1172319.900,359.070
-443744.970,-1172317.270,360.830
-443744.170,-1172318.340,360.140
-443741.370,-1172325.990,358.420
-443743.630,-1172318.290,360.250
-443740.940,-1172325.630,358.650
-443740.920,-1172324.830,359.180
-443740.820,-1172325.080,358.990
-443740.720,-1172325.360,358.840
-443740.610,-1172325.650,358.630
-443740.410,-1172326.220,358.330
-443742.760,-1172318.430,360.230
-443740.880,-1172323.560,360.020
-443740.770,-1172323.850,359.840
-443740.260,-1172325.250,358.960
-443740.050,-1172325.800,358.620
-443740.760,-1172323.000,360.360
-443740.230,-1172324.430,359.450
-443740.020,-1172325.010,359.120
-443739.920,-1172325.280,358.900
-443739.810,-1172325.570,358.760
-443739.700,-1172325.870,358.590
-443739.600,-1172326.140,358.420
-443739.950,-1172323.700,359.940
-443739.520,-1172324.840,359.240
-443739.430,-1172325.100,359.050
-443739.100,-1172325.990,358.540
-443739.120,-1172325.240,359.020
-443739.030,-1172325.490,358.860
-443738.800,-1172326.100,358.500
-443741.350,-1172317.660,360.890
-443738.980,-1172324.130,359.720
-443738.880,-1172324.400,359.560
-443738.670,-1172324.970,359.220
-443738.450,-1172325.550,358.880
-443737.960,-1172325.860,358.710
-443740.220,-1172319.700,361.680
-443740.030,-1172320.220,361.220
-443739.550,-1172319.780,361.570
-443739.450,-1172320.050,361.410
-443739.130,-1172320.900,360.850
-443739.030,-1172321.180,360.700
-443738.820,-1172321.750,360.350
-443738.710,-1172322.050,360.150
-443739.380,-1172319.410,361.800
-443738.840,-1172320.880,360.890
-443738.750,-1172321.140,360.700
-443738.640,-1172321.420,360.570
-443738.430,-1172321.990,360.200
-443738.330,-1172322.280,360.020
-443738.620,-1172320.230,361.370
-443738.100,-1172321.640,360.440
-443737.980,-1172321.950,360.300
-443737.790,-1172322.480,359.940
-443737.570,-1172323.070,359.580
-443738.380,-1172320.180,361.380
-443738.070,-1172321.040,360.850
-443737.960,-1172321.330,360.670
-443737.870,-1172321.580,360.540
-443737.650,-1172322.170,360.160
-443737.550,-1172322.450,359.980
-443737.230,-1172323.320,359.460
-443737.860,-1172320.310,361.340
-443737.760,-1172320.570,361.180
-443737.650,-1172320.880,361.020
-443737.450,-1172321.420,360.640
-443737.350,-1172321.690,360.440
-443737.240,-1172321.990,360.310
-443737.130,-1172322.290,360.130
-443737.020,-1172322.580,359.940
-443736.930,-1172322.840,359.770
-443736.500,-1172324.000,359.090
-443736.280,-1172324.600,358.740
-443736.080,-1172325.150,358.420
-443735.970,-1172325.430,358.240
-443737.580,-1172320.590,361.180
-443737.060,-1172321.990,360.320
-443736.860,-1172322.530,359.950
-443736.540,-1172323.400,359.470
-443736.330,-1172323.980,359.110
-443735.800,-1172325.420,358.240
-443737.120,-1172320.630,361.200
-443737.010,-1172320.920,361.020
-443736.900,-1172321.210,360.860
-443736.800,-1172321.490,360.670
-443736.700,-1172321.760,360.500
-443736.600,-1172322.050,360.320
-443736.490,-1172322.330,360.150
-443736.390,-1172322.600,359.970
-443736.190,-1172323.140,359.650
-443735.980,-1172323.720,359.300
-443735.670,-1172324.570,358.780
-443735.350,-1172325.420,358.270
-443735.250,-1172325.700,358.110
-443735.670,-1172323.790,359.280
-443737.240,-1172319.550,361.900
-443736.930,-1172320.380,361.410
-443736.290,-1172322.110,360.320
-443736.090,-1172322.670,359.950
-443735.980,-1172322.950,359.780
-443735.770,-1172323.520,359.440
-443736.550,-1172320.010,361.650
-443736.230,-1172320.880,361.100
-443735.500,-1172322.850,359.870
-443734.770,-1172324.850,358.670
-443734.670,-1172325.120,358.480
-443734.820,-1172324.300,359.040
-443734.610,-1172324.880,358.650
-443734.300,-1172325.730,358.180
-443736.400,-1172320.030,361.680
-443736.090,-1172320.860,361.150
-443736.050,-1172319.930,361.750
-443735.320,-1172321.900,360.510
-443735.230,-1172322.160,360.350
-443734.900,-1172323.050,359.820
-443734.790,-1172323.340,359.650
-443734.680,-1172323.640,359.480
-443734.580,-1172323.920,359.320
-443734.380,-1172324.460,358.970
-443734.270,-1172324.740,358.770
-443734.160,-1172325.060,358.620
-443734.060,-1172325.320,358.450
-443734.740,-1172322.800,360.000
-443734.540,-1172323.350,359.630
-443734.430,-1172323.650,359.490
-443735.780,-1172320.000,361.720
-443735.680,-1172320.260,361.530
-443735.570,-1172320.540,361.380
-443735.470,-1172320.820,361.200
-443735.260,-1172321.390,360.850
-443734.860,-1172322.490,360.170
-443735.170,-1172320.190,361.620
-443734.350,-1172322.430,360.270
-443734.250,-1172322.700,360.090
-443733.730,-1172324.110,359.220
-443733.610,-1172324.420,359.060
-443733.420,-1172324.950,358.720
-443733.200,-1172325.540,358.330
-443734.200,-1172322.230,360.400
-443733.990,-1172322.780,360.050
-443733.790,-1172323.340,359.720
-443733.690,-1172323.610,359.550
-443733.580,-1172323.900,359.350
-443733.480,-1172324.190,359.190
-443733.380,-1172324.440,359.030
-443733.060,-1172325.330,358.530
-443735.040,-1172319.940,361.800
-443734.840,-1172320.500,361.450
-443734.370,-1172320.440,361.630
-443733.960,-1172321.560,360.880
-443733.640,-1172322.420,360.350
-443733.540,-1172322.680,360.150
-443733.430,-1172322.980,359.990
-443733.020,-1172324.100,359.270
-443732.820,-1172324.650,358.950
-443732.720,-1172324.920,358.770
-443732.510,-1172325.490,358.410
-443732.300,-1172326.060,358.110
-443733.530,-1172321.820,360.730
-443733.320,-1172322.380,360.370
-443733.110,-1172322.950,360.010
-443732.900,-1172323.520,359.660
-443732.480,-1172324.660,358.950
-443732.270,-1172325.220,358.600
-443732.170,-1172325.500,358.450
-443733.610,-1172320.010,361.910
-443733.400,-1172320.570,361.550
-443732.460,-1172323.120,359.950
-443732.360,-1172323.400,359.780
-443732.250,-1172323.690,359.610
-443732.140,-1172323.980,359.440
-443732.040,-1172324.260,359.250
-443731.720,-1172325.140,358.720
-443731.610,-1172325.420,358.550
-443731.410,-1172325.980,358.230
-443733.260,-1172320.080,361.880
-443733.060,-1172320.600,361.530
-443732.950,-1172320.910,361.360
-443732.750,-1172321.460,361.010
-443732.640,-1172321.750,360.810
-443732.530,-1172322.040,360.630
-443732.330,-1172322.600,360.320
-443732.010,-1172323.470,359.770
-443731.900,-1172323.770,359.600
-443731.700,-1172324.310,359.250
-443731.290,-1172325.420,358.480
-443732.610,-1172320.380,361.730
-443732.400,-1172320.950,361.400
-443732.300,-1172321.230,361.250
-443731.260,-1172324.070,359.460
-443731.150,-1172324.360,359.270
-443732.100,-1172320.680,361.570
-443731.490,-1172322.350,360.550
-443731.390,-1172322.630,360.370
-443730.970,-1172323.750,359.630
-443730.690,-1172321.970,360.830
-443740.210,-1172291.840,359.580
-443727.160,-1172324.710,355.840
-443727.430,-1172322.160,357.700
-443726.460,-1172322.760,357.300
-443725.850,-1172324.400,356.150
-443725.750,-1172324.680,355.930
-443726.980,-1172322.200,357.700
-443726.050,-1172324.720,355.910
-443736.500,-1172293.780,358.360
-443725.910,-1172322.760,357.310
-443725.590,-1172323.600,356.680
-443725.480,-1172323.900,356.500
-443725.180,-1172324.730,356.000
-443725.080,-1172325.000,355.750
-443724.490,-1172323.940,356.610
-443736.350,-1172292.400,359.550
-443724.200,-1172322.530,357.660
-443724.000,-1172323.080,357.250
-443724.270,-1172321.040,358.700
-443722.220,-1172324.130,356.650
-443721.900,-1172325.000,356.020
-443723.900,-1172321.080,358.670
-443723.790,-1172321.360,358.500
-443723.590,-1172321.930,358.120
-443723.170,-1172323.050,357.370
-443722.460,-1172324.980,355.990
-443721.590,-1172325.060,356.030
-443722.290,-1172320.760,359.090
-443721.550,-1172323.870,356.890
-443721.640,-1172321.040,358.870
-443726.250,-1172296.330,357.510
-443721.450,-1172298.170,355.940
-443721.430,-1172296.890,356.730
-443721.010,-1172298.050,356.030
-443721.150,-1172296.890,356.770
-443720.830,-1172297.740,356.210
-443720.500,-1172298.620,355.700
-443720.460,-1172297.670,356.300
-443720.360,-1172297.930,356.110
-443720.250,-1172298.210,355.940
-443721.100,-1172295.920,357.350
-443720.990,-1172296.220,357.200
-443720.780,-1172296.790,356.800
-443720.670,-1172297.100,356.640
-443720.990,-1172295.330,357.720
-443720.890,-1172295.620,357.540
-443720.680,-1172296.160,357.160
-443720.570,-1172296.480,357.060
-443720.460,-1172296.770,356.830
-443719.930,-1172298.200,355.990
-443720.360,-1172295.800,357.430
-443719.940,-1172296.950,356.750
-443719.620,-1172297.800,356.200
-443719.410,-1172298.380,355.920
-443720.450,-1172295.030,357.940
-443720.350,-1172295.310,357.730
-443719.930,-1172296.430,357.060
-443719.820,-1172296.720,356.900
-443719.300,-1172298.140,356.050
-443720.100,-1172295.270,357.870
-443719.680,-1172296.410,357.120
-443719.360,-1172297.260,356.630
-443719.260,-1172297.530,356.450
-443719.970,-1172295.370,357.750
-443719.750,-1172295.950,357.380
-443719.660,-1172296.220,357.200
-443719.430,-1172296.840,356.890
-443719.540,-1172295.900,357.410
-443719.330,-1172296.470,357.070
-443719.760,-1172295.160,357.880
-443719.550,-1172294.930,358.110
-443719.150,-1172296.030,357.370
-443719.110,-1172295.370,357.780
-443720.290,-1172324.690,356.420
-443720.180,-1172324.970,356.250
-443721.160,-1172323.800,356.940
-443720.760,-1172324.900,356.200
-443720.610,-1172321.730,358.490
-443720.200,-1172322.830,357.730
-443720.090,-1172323.130,357.550
-443719.580,-1172324.510,356.530
-443719.470,-1172324.800,356.400
-443719.160,-1172325.630,355.810
-443719.760,-1172321.600,358.640
-443719.560,-1172322.140,358.250
-443719.360,-1172322.680,357.890
-443719.200,-1172321.450,358.790
-443719.650,-1172321.260,358.890
-443718.920,-1172323.220,357.560
-443718.420,-1172324.570,356.650
-443717.900,-1172325.990,355.680
-443718.920,-1172321.670,358.650
-443718.620,-1172322.480,358.090
-443718.270,-1172321.760,358.650
-443717.760,-1172323.130,357.690
-443717.600,-1172321.730,358.770
-443716.460,-1172322.110,361.580
-443715.630,-1172321.470,362.070
-443715.130,-1172322.840,361.130
-443713.060,-1172322.190,361.780
-443712.640,-1172323.320,361.050
-443711.570,-1172321.960,362.040
-443710.730,-1172322.100,361.970
-443719.160,-1172297.810,356.290
-443718.850,-1172298.650,355.750
-443709.750,-1172323.510,361.120
-443719.090,-1172298.710,355.710
-443719.110,-1172297.680,356.340
-443718.690,-1172298.820,355.690
-443718.910,-1172297.590,356.330
-443718.580,-1172298.480,355.890
-443719.030,-1172296.340,357.210
-443718.840,-1172296.850,356.740
-443718.500,-1172297.780,356.390
-443718.280,-1172298.360,356.010
-443709.490,-1172322.370,361.970
-443719.120,-1172296.880,356.880
-443718.480,-1172298.600,355.860
-443718.910,-1172295.930,357.480
-443718.690,-1172296.500,357.130
-443717.950,-1172298.500,355.970
-443708.840,-1172323.350,361.300
-443718.350,-1172296.210,357.380
-443718.240,-1172296.500,357.230
-443718.150,-1172296.760,357.000
-443717.840,-1172297.580,356.500
-443717.730,-1172297.890,356.350
-443717.420,-1172298.740,355.860
-443708.330,-1172323.530,361.190
-443708.230,-1172322.390,361.970
-443708.120,-1172322.680,361.830
-443707.920,-1172323.230,361.480
-443718.220,-1172296.050,357.470
-443718.120,-1172296.310,357.260
-443717.890,-1172296.930,356.970
-443717.690,-1172297.470,356.630
-443717.470,-1172298.070,356.290
-443708.380,-1172322.850,361.670
-443717.850,-1172295.630,357.740
-443707.560,-1172323.610,361.240
-443707.190,-1172323.130,361.580
-443706.990,-1172323.660,361.250
-443717.540,-1172295.390,357.870
-443717.100,-1172296.550,357.220
-443717.130,-1172295.200,358.100
-443706.660,-1172323.690,361.260
-443717.370,-1172295.420,357.890
-443711.130,-1172294.560,357.090
-443710.930,-1172295.110,356.650
-443710.810,-1172295.420,356.580
-443711.600,-1172294.660,356.950
-443711.270,-1172295.550,356.440
-443711.160,-1172295.840,356.260
-443710.950,-1172296.410,355.960
-443711.870,-1172295.140,356.660
-443711.550,-1172296.010,356.150
-443711.440,-1172296.300,355.940
-443711.930,-1172296.090,356.070
-443711.820,-1172296.370,355.880
-443711.720,-1172296.660,355.750
-443712.240,-1172296.070,356.020
-443712.130,-1172296.370,355.890
-443712.020,-1172296.650,355.720
-443701.220,-1172299.330,357.860
-443834.450,-1172421.750,348.680
-443795.180,-1172424.730,350.110
-443794.740,-1172424.780,350.190
-443737.580,-1172411.770,347.760
-443737.820,-1172411.580,347.970
-443745.920,-1172411.290,347.870
-443735.910,-1172437.460,347.600
-443740.440,-1172437.120,351.180
-443744.900,-1172437.110,347.540
-443750.650,-1172436.870,347.480
-443763.290,-1172436.090,354.500
-443842.190,-1172312.690,352.360
-443840.910,-1172312.720,352.420
-443841.680,-1172312.090,352.790
-443841.930,-1172311.880,352.950
-443839.060,-1172313.280,352.140
-443839.580,-1172312.850,352.410
-443840.580,-1172311.640,353.220
-443841.350,-1172310.420,354.000
-443836.990,-1172313.450,352.180
-443837.250,-1172313.240,352.330
-443841.250,-1172309.940,354.360
-443835.610,-1172314.030,351.880
-443836.380,-1172313.400,352.270
-443838.570,-1172311.590,353.390
-443835.090,-1172313.990,351.960
-443837.850,-1172311.710,353.390
-443840.070,-1172309.880,354.510
-443834.390,-1172313.900,352.050
-443834.640,-1172313.680,352.170
-443840.130,-1172309.160,355.030
-443838.400,-1172310.010,354.510
-443833.620,-1172313.950,352.060
-443832.990,-1172313.910,352.170
-443833.440,-1172313.530,352.470
-443834.460,-1172312.690,352.930
-443834.930,-1172311.900,353.460
-443835.180,-1172311.700,353.560
-443838.200,-1172309.200,355.170
-443835.860,-1172310.550,354.340
-443830.440,-1172314.490,351.820
-443830.900,-1172314.110,352.180
-443833.160,-1172312.250,353.410
-443836.410,-1172309.560,355.010
-443837.150,-1172308.950,355.420
-443832.590,-1172312.200,353.470
-443835.130,-1172310.110,354.740
-443829.110,-1172314.690,351.870
-443831.310,-1172312.880,353.040
-443832.530,-1172311.870,353.780
-443832.790,-1172311.650,353.900
-443833.850,-1172310.780,354.360
-443830.140,-1172313.260,352.860
-443832.600,-1172311.240,354.180
-443832.860,-1172311.020,354.280
-443834.860,-1172309.370,355.320
-443829.640,-1172313.200,352.920
-443830.900,-1172312.160,353.560
-443827.130,-1172314.830,351.890
-443827.120,-1172314.460,352.220
-443828.360,-1172313.440,352.870
-443828.870,-1172313.010,353.120
-443829.130,-1172312.800,353.260
-443829.390,-1172312.580,353.380
-443829.880,-1172312.180,353.650
-443831.620,-1172310.740,354.590
-443832.880,-1172309.700,355.260
-443833.090,-1172309.520,355.480
-443825.840,-1172314.930,351.900
-443826.810,-1172314.130,352.460
-443828.880,-1172311.910,353.900
-443829.130,-1172311.710,354.000
-443824.440,-1172315.050,351.900
-443824.690,-1172314.840,352.070
-443827.160,-1172312.790,353.360
-443826.450,-1172312.210,353.900
-443823.990,-1172313.030,353.410
-443819.830,-1172315.450,353.280
-443824.660,-1172311.460,354.590
-443824.660,-1172310.940,355.020
-443819.570,-1172315.150,353.630
-443820.550,-1172314.340,354.170
-443819.620,-1172314.550,354.080
-443824.710,-1172310.340,355.440
-443817.720,-1172315.590,353.560
-443816.750,-1172315.690,353.510
-443816.340,-1172315.450,353.650
-443815.350,-1172315.730,353.520
-443817.530,-1172313.920,354.760
-443814.050,-1172316.410,353.170
-443815.780,-1172314.970,354.170
-443817.010,-1172313.960,354.770
-443813.810,-1172316.070,353.400
-443814.310,-1172315.660,353.660
-443817.040,-1172313.390,355.200
-443813.380,-1172315.930,353.500
-443815.850,-1172313.890,354.910
-443813.070,-1172315.670,353.690
-443815.030,-1172314.040,354.860
-443812.340,-1172315.780,353.690
-443814.060,-1172314.360,354.690
-443814.310,-1172314.150,354.770
-443810.310,-1172316.190,353.550
-443809.760,-1172315.020,354.640
-443809.140,-1172314.970,354.760
-443803.260,-1172316.370,354.080
-443801.170,-1172290.970,353.330
-443801.400,-1172290.780,353.450
-443801.730,-1172290.970,353.270
-443720.020,-1172298.980,355.530
-443720.250,-1172298.770,355.620
-443721.450,-1172298.870,355.550
-443720.960,-1172299.300,355.320
-443721.560,-1172299.430,355.210
-443722.740,-1172299.740,354.820
-443723.660,-1172299.440,354.870
-443728.880,-1172299.050,354.670
-443729.100,-1172298.860,354.850
-443728.120,-1172298.960,354.840
-443734.700,-1172298.240,354.870
-443722.460,-1172326.300,355.110
-443721.860,-1172326.380,355.080
-443722.550,-1172326.690,354.790
-443724.550,-1172326.100,355.080
-443726.590,-1172325.450,355.410
-443720.360,-1172326.470,355.170
-443720.590,-1172326.270,355.300
-443720.470,-1172325.870,355.620
-443718.390,-1172299.160,355.600
-443712.140,-1172300.650,353.260
-443712.280,-1172299.300,354.130
-443712.510,-1172299.100,354.250
-443711.110,-1172299.860,353.890
-443711.870,-1172299.210,354.240
-443711.010,-1172299.260,354.240
-443711.240,-1172299.070,354.370
-443712.480,-1172297.990,354.930
-443712.700,-1172297.800,355.100
-443711.220,-1172298.570,354.650
-443711.700,-1172298.160,354.870
-443712.660,-1172297.330,355.380
-443710.900,-1172298.300,354.860
-443711.400,-1172297.860,355.090
-443711.650,-1172297.650,355.140
-443711.890,-1172297.440,355.280
-443712.120,-1172297.240,355.400
-443712.590,-1172296.830,355.640
-443707.780,-1172300.610,354.810
-443710.820,-1172297.980,354.910
-443711.040,-1172297.790,355.160
-443711.150,-1172297.000,355.610
-443843.660,-1172432.170,360.690
-443843.800,-1172432.430,360.640
-443840.620,-1172432.320,363.510
-443834.920,-1172417.880,377.620
-443849.100,-1172399.800,374.230
-443838.120,-1172400.230,374.150
-443838.360,-1172400.030,374.330
-443846.850,-1172370.230,374.740
-443840.370,-1172370.780,374.350
-443835.860,-1172338.620,370.780
-443837.090,-1172330.740,370.740
-443834.820,-1172330.550,371.090
-443828.030,-1172330.760,371.080
-443840.850,-1172307.980,355.820
-443839.680,-1172307.990,355.930
-443836.850,-1172307.720,356.380
-443833.880,-1172307.780,356.550
-443835.350,-1172306.560,357.330
-443834.010,-1172308.170,356.320
-443831.590,-1172309.130,355.780
-443832.590,-1172308.310,356.330
-443830.660,-1172309.420,355.640
-443831.890,-1172308.400,356.330
-443832.880,-1172307.580,356.900
-443829.680,-1172308.320,356.500
-443831.170,-1172307.090,357.370
-443826.640,-1172309.300,356.040
-443828.610,-1172307.670,357.080
-443828.860,-1172307.460,357.220
-443818.230,-1172312.410,355.850
-443818.470,-1172312.210,355.960
-443820.020,-1172311.860,356.120
-443814.730,-1172313.120,355.570
-443815.470,-1172312.510,355.970
-443819.000,-1172310.260,357.430
-443819.770,-1172310.640,357.050
-443813.230,-1172313.190,355.600
-443815.870,-1172311.000,357.120
-443813.060,-1172309.280,358.730
-443813.970,-1172309.210,358.700
-443808.190,-1172312.780,356.400
-443798.980,-1172318.170,357.610
-443805.060,-1172314.240,355.550
-443797.880,-1172317.950,357.830
-443798.150,-1172317.720,357.930
-443798.660,-1172317.300,358.120
-443807.410,-1172310.030,358.630
-443798.150,-1172318.340,357.590
-443798.400,-1172318.140,357.650
-443802.340,-1172313.280,356.610
-443804.090,-1172311.810,357.490
-443796.680,-1172318.380,357.610
-443797.180,-1172317.970,357.820
-443798.180,-1172317.130,358.300
-443798.440,-1172316.920,358.420
-443798.700,-1172316.700,358.540
-443796.890,-1172318.780,357.320
-443793.160,-1172320.490,357.310
-443793.680,-1172320.050,357.530
-443793.920,-1172319.850,357.660
-443795.350,-1172318.660,357.570
-443795.620,-1172318.440,357.660
-443795.880,-1172318.220,357.810
-443796.140,-1172318.010,357.890
-443796.380,-1172317.800,357.990
-443796.650,-1172317.580,358.110
-443796.890,-1172317.380,358.230
-443797.630,-1172316.770,358.570
-443797.880,-1172316.560,358.670
-443798.120,-1172316.360,358.780
-443798.370,-1172316.140,358.910
-443798.630,-1172315.930,358.990
-443798.860,-1172315.740,359.130
-443794.100,-1172320.130,357.410
-443796.310,-1172318.280,357.690
-443796.540,-1172318.090,357.800
-443794.680,-1172318.110,357.910
-443794.950,-1172317.880,358.020
-443795.210,-1172317.670,358.140
-443795.460,-1172317.460,358.270
-443795.700,-1172317.260,358.370
-443796.190,-1172316.840,358.600
-443796.440,-1172316.640,358.710
-443796.940,-1172316.220,358.930
-443797.200,-1172316.000,359.050
-443797.460,-1172315.790,359.150
-443797.970,-1172315.360,359.400
-443798.220,-1172315.160,359.530
-443798.720,-1172314.740,359.730
-443795.360,-1172318.140,357.840
-443796.630,-1172317.080,358.410
-443796.890,-1172316.860,358.520
-443797.130,-1172316.660,358.650
-443797.640,-1172316.240,358.880
-443798.130,-1172315.830,359.110
-443798.390,-1172315.620,359.220
-443798.630,-1172315.410,359.350
-443798.860,-1172315.220,359.460
-443797.160,-1172315.000,359.700
-443797.390,-1172314.800,359.810
-443791.040,-1172320.640,357.300
-443792.540,-1172319.390,357.990
-443793.040,-1172318.980,358.200
-443794.960,-1172317.370,358.380
-443796.250,-1172316.300,358.920
-443797.230,-1172315.480,359.420
-443797.980,-1172314.850,359.760
-443789.880,-1172320.390,357.630
-443790.650,-1172319.750,357.880
-443790.890,-1172319.550,358.010
-443791.920,-1172318.690,358.450
-443793.620,-1172317.280,358.500
-443793.870,-1172317.070,358.620
-443794.850,-1172316.250,359.120
-443795.100,-1172316.050,359.190
-443795.340,-1172315.850,359.270
-443795.590,-1172315.640,359.400
-443795.850,-1172315.420,359.490
-443796.090,-1172315.220,359.630
-443797.090,-1172314.380,360.080
-443797.360,-1172314.160,360.190
-443790.670,-1172320.410,357.520
-443791.680,-1172319.560,357.990
-443792.700,-1172318.710,358.400
-443794.360,-1172317.330,358.430
-443794.610,-1172317.120,358.550
-443794.860,-1172316.920,358.670
-443795.120,-1172316.700,358.790
-443795.620,-1172316.280,358.990
-443795.860,-1172316.080,359.140
-443796.370,-1172315.650,359.350
-443793.080,-1172316.440,359.070
-443793.840,-1172315.800,359.410
-443794.080,-1172315.600,359.540
-443794.350,-1172315.380,359.630
-443794.590,-1172315.180,359.780
-443794.850,-1172314.960,359.880
-443796.070,-1172313.940,360.440
-443796.310,-1172313.740,360.540
-443788.490,-1172320.830,357.440
-443788.740,-1172320.620,357.550
-443790.540,-1172319.120,358.270
-443791.300,-1172318.490,358.610
-443791.540,-1172318.290,358.690
-443793.500,-1172316.650,358.890
-443794.250,-1172316.030,359.230
-443794.750,-1172315.610,359.460
-443795.470,-1172315.010,359.820
-443795.960,-1172314.600,360.020
-443796.210,-1172314.390,360.140
-443796.960,-1172313.770,360.470
-443787.460,-1172320.540,357.730
-443787.720,-1172320.330,357.840
-443788.930,-1172319.320,358.410
-443791.210,-1172317.420,359.340
-443792.410,-1172316.410,359.160
-443793.180,-1172315.770,359.470
-443794.420,-1172314.740,360.050
-443796.430,-1172313.060,360.970
-443787.590,-1172321.010,357.460
-443788.100,-1172320.590,357.630
-443789.080,-1172319.770,358.090
-443789.320,-1172319.570,358.220
-443790.610,-1172318.490,358.690
-443791.700,-1172315.730,359.610
-443794.480,-1172313.410,360.860
-443794.730,-1172313.200,361.010
-443794.970,-1172313.000,361.120
-443787.540,-1172319.860,358.150
-443789.290,-1172318.400,358.990
-443789.540,-1172318.190,359.110
-443790.580,-1172317.320,359.390
-443790.810,-1172317.130,359.520
-443792.510,-1172315.720,359.560
-443793.010,-1172315.300,359.770
-443793.280,-1172315.080,359.880
-443793.780,-1172314.650,360.130
-443795.280,-1172313.400,360.820
-443787.390,-1172318.800,358.860
-443787.870,-1172318.390,359.100
-443788.130,-1172318.180,359.200
-443788.860,-1172317.560,359.570
-443791.360,-1172315.480,359.810
-443792.350,-1172314.650,360.240
-443792.590,-1172314.460,360.360
-443792.830,-1172314.250,360.460
-443793.090,-1172314.040,360.600
-443793.320,-1172313.840,360.700
-443786.770,-1172319.840,358.160
-443787.990,-1172318.820,358.800
-443788.490,-1172318.410,359.030
-443789.240,-1172317.790,359.380
-443789.490,-1172317.580,359.570
-443790.290,-1172316.900,359.670
-443791.410,-1172314.850,360.200
-443791.670,-1172314.630,360.330
-443791.910,-1172314.430,360.440
-443792.160,-1172314.220,360.550
-443793.130,-1172313.420,361.000
-443790.670,-1172314.840,360.270
-443791.430,-1172314.200,360.570
-443784.770,-1172319.100,357.860
-443785.020,-1172318.900,357.960
-443785.260,-1172318.700,358.100
-443785.510,-1172318.480,358.230
-443785.750,-1172318.280,358.350
-443790.970,-1172313.920,360.790
-443791.210,-1172313.720,360.890
-443783.830,-1172319.410,357.750
-443784.060,-1172319.220,357.890
-443784.300,-1172319.020,357.960
-443784.560,-1172318.810,358.090
-443785.080,-1172318.370,358.310
-443785.850,-1172317.730,358.690
-443786.580,-1172317.110,359.030
-443783.120,-1172319.570,357.720
-443783.390,-1172319.340,357.830
-443783.900,-1172318.910,358.050
-443784.890,-1172318.090,358.530
-443785.880,-1172317.260,359.000
-443786.890,-1172316.410,359.480
-443787.160,-1172316.190,359.590
-443787.390,-1172316.000,359.740
-443787.640,-1172315.790,359.860
-443788.120,-1172315.390,360.140
-443785.770,-1172316.380,359.580
-443781.660,-1172320.310,357.350
-443781.910,-1172320.110,357.470
-443782.160,-1172319.900,357.570
-443782.400,-1172319.700,357.690
-443782.900,-1172319.280,357.950
-443785.110,-1172317.430,359.100
-443786.140,-1172316.570,359.430
-443786.660,-1172316.140,359.680
-443787.660,-1172315.300,360.170
-443787.900,-1172315.100,360.280
-443781.230,-1172319.830,357.700
-443781.490,-1172319.620,357.840
-443781.770,-1172319.390,357.950
-443782.760,-1172318.560,358.390
-443783.240,-1172318.160,358.650
-443784.230,-1172317.330,359.090
-443784.470,-1172317.130,359.210
-443785.200,-1172316.510,359.550
-443785.720,-1172316.080,359.770
-443785.950,-1172315.890,359.910
-443787.470,-1172314.620,360.640
-443787.700,-1172314.420,360.750
-443781.560,-1172319.900,357.620
-443781.790,-1172319.710,357.760
-443782.530,-1172319.090,358.080
-443782.770,-1172318.890,358.210
-443784.510,-1172317.430,359.010
-443780.080,-1172320.310,357.520
-443780.340,-1172320.090,357.660
-443780.600,-1172319.870,357.760
-443780.830,-1172319.680,357.860
-443781.070,-1172319.480,357.980
-443781.840,-1172318.840,358.300
-443782.080,-1172318.640,358.430
-443782.340,-1172318.420,358.530
-443782.850,-1172317.990,358.770
-443783.350,-1172317.570,359.020
-443783.580,-1172317.380,359.120
-443784.080,-1172316.960,359.330
-443784.560,-1172316.560,359.590
-443785.300,-1172315.940,359.930
-443786.040,-1172315.320,360.260
-443786.290,-1172315.110,360.370
-443787.030,-1172314.490,360.750
-443787.280,-1172314.280,360.870
-443787.540,-1172314.070,360.990
-443780.750,-1172320.240,357.500
-443780.990,-1172320.040,357.610
-443779.610,-1172320.160,357.550
-443779.850,-1172319.960,357.720
-443780.080,-1172319.770,357.830
-443780.320,-1172319.570,357.950
-443780.580,-1172319.350,358.070
-443780.830,-1172319.140,358.180
-443781.100,-1172318.920,358.280
-443782.580,-1172317.680,359.000
-443782.840,-1172317.460,359.110
-443783.080,-1172317.260,359.220
-443783.850,-1172316.610,359.560
-443784.100,-1172316.400,359.680
-443784.590,-1172315.990,359.900
-443785.100,-1172315.570,360.140
-443785.330,-1172315.370,360.270
-443785.570,-1172315.170,360.380
-443786.310,-1172314.550,360.730
-443780.160,-1172319.070,358.260
-443780.420,-1172318.860,358.390
-443781.160,-1172318.240,358.710
-443783.420,-1172316.340,359.780
-443783.680,-1172316.120,359.890
-443783.930,-1172315.920,359.970
-443784.440,-1172315.490,360.230
-443784.690,-1172315.280,360.340
-443785.420,-1172314.670,360.690
-443785.680,-1172314.450,360.790
-443780.070,-1172318.740,358.520
-443782.550,-1172316.670,359.640
-443783.560,-1172315.820,360.110
-443785.580,-1172314.120,361.010
-443782.910,-1172315.340,360.440
-443783.160,-1172315.130,360.570
-443783.420,-1172314.910,360.700
-443779.420,-1172318.800,358.510
-443779.650,-1172318.600,358.650
-443779.910,-1172318.380,358.770
-443780.390,-1172317.980,358.970
-443781.360,-1172317.170,359.450
-443781.610,-1172316.960,359.540
-443781.870,-1172316.750,359.680
-443782.110,-1172316.540,359.780
-443782.360,-1172316.330,359.890
-443782.630,-1172316.110,360.010
-443783.100,-1172315.710,360.230
-443783.360,-1172315.490,360.350
-443783.620,-1172315.280,360.480
-443783.870,-1172315.070,360.580
-443784.130,-1172314.850,360.690
-443784.390,-1172314.630,360.830
-443781.190,-1172316.080,360.110
-443782.400,-1172315.070,360.660
-443782.670,-1172314.840,360.780
-443779.450,-1172318.240,358.860
-443779.710,-1172318.020,359.010
-443779.950,-1172317.820,359.100
-443780.940,-1172316.980,359.580
-443781.430,-1172316.570,359.750
-443781.930,-1172316.160,360.010
-443782.160,-1172315.960,360.100
-443780.470,-1172316.100,360.190
-443781.470,-1172315.260,360.630
-443782.250,-1172314.610,360.960
-443779.200,-1172317.750,359.160
-443774.120,-1172319.990,357.180
-443768.830,-1172322.030,358.030
-443769.060,-1172321.830,358.110
-443769.560,-1172321.420,358.380
-443769.780,-1172321.800,358.160
-443768.120,-1172321.990,358.060
-443769.140,-1172321.130,358.520
-443769.350,-1172319.840,359.330
-443769.850,-1172319.420,359.600
-443768.480,-1172321.210,358.550
-443766.320,-1172321.770,358.410
-443766.830,-1172321.340,358.600
-443768.060,-1172320.310,359.050
-443769.040,-1172319.490,359.500
-443769.530,-1172319.070,359.770
-443769.780,-1172318.860,359.880
-443766.870,-1172321.920,358.280
-443767.860,-1172321.090,358.710
-443768.580,-1172319.210,359.710
-443768.830,-1172319.000,359.790
-443766.590,-1172320.000,359.390
-443766.840,-1172319.790,359.500
-443768.590,-1172318.320,360.230
-443769.120,-1172317.870,360.470
-443766.870,-1172320.220,359.240
-443768.650,-1172318.730,359.980
-443766.010,-1172320.050,359.420
-443766.760,-1172319.410,359.720
-443768.620,-1172316.910,361.060
-443766.460,-1172319.150,359.900
-443766.730,-1172318.920,360.010
-443767.470,-1172318.300,360.320
-443768.240,-1172317.660,360.630
-443768.490,-1172317.440,360.750
-443769.010,-1172317.010,360.970
-443766.770,-1172317.950,360.590
-443768.500,-1172316.490,361.320
-443768.760,-1172316.280,361.450
-443769.240,-1172315.870,361.660
-443766.380,-1172318.790,360.130
-443767.620,-1172317.750,360.640
-443768.160,-1172317.300,360.830
-443765.960,-1172318.040,360.610
-443767.210,-1172316.990,361.130
-443767.720,-1172316.560,361.310
-443767.940,-1172316.370,361.430
-443768.180,-1172316.170,361.540
-443766.310,-1172317.140,361.110
-443766.270,-1172316.750,361.330
-443766.540,-1172316.520,361.440
-443749.940,-1172320.370,358.410
-443748.900,-1172320.640,358.310
-443749.140,-1172320.430,358.420
-443741.180,-1172326.050,358.390
-443748.810,-1172319.600,359.010
-443740.580,-1172325.920,358.510
-443740.830,-1172325.710,358.630
-443748.190,-1172319.480,359.120
-443748.440,-1172319.270,359.260
-443739.480,-1172326.180,358.420
-443740.200,-1172325.570,358.760
-443740.450,-1172325.360,358.880
-443740.710,-1172325.140,358.990
-443740.940,-1172324.940,359.120
-443745.850,-1172320.800,358.440
-443746.580,-1172320.180,358.800
-443747.090,-1172319.740,359.030
-443747.840,-1172319.110,359.390
-443740.030,-1172325.280,358.960
-443740.540,-1172324.840,359.210
-443744.960,-1172321.100,358.270
-443745.430,-1172320.710,358.510
-443745.920,-1172320.300,358.760
-443739.280,-1172325.410,358.940
-443740.020,-1172324.780,359.330
-443740.260,-1172324.580,359.410
-443740.510,-1172324.370,359.540
-443746.180,-1172319.570,359.240
-443737.870,-1172326.060,358.620
-443738.360,-1172325.630,358.840
-443739.560,-1172324.620,359.400
-443740.540,-1172323.790,359.880
-443745.480,-1172319.610,359.250
-443739.230,-1172324.270,359.650
-443739.710,-1172323.870,359.880
-443739.960,-1172323.660,360.000
-443743.150,-1172320.950,358.520
-443744.630,-1172319.710,359.210
-443745.620,-1172318.860,359.700
-443739.410,-1172323.620,360.060
-443740.620,-1172322.590,360.660
-443742.350,-1172321.130,358.470
-443742.570,-1172320.940,358.580
-443742.820,-1172320.730,358.700
-443743.080,-1172320.500,358.810
-443743.330,-1172320.290,358.930
-443743.550,-1172320.110,359.030
-443746.040,-1172318.000,360.260
-443746.250,-1172317.820,360.420
-443746.520,-1172317.600,360.500
-443743.930,-1172319.210,359.640
-443736.650,-1172324.740,358.680
-443742.330,-1172319.930,359.280
-443743.050,-1172319.320,359.630
-443743.290,-1172319.110,359.750
-443743.530,-1172318.920,359.860
-443744.020,-1172318.500,360.110
-443744.260,-1172318.300,360.220
-443745.500,-1172317.250,360.810
-443745.740,-1172317.040,360.940
-443738.580,-1172322.440,359.920
-443742.540,-1172319.080,359.810
-443743.480,-1172318.290,360.300
-443744.450,-1172317.470,360.750
-443743.100,-1172318.030,360.500
-443743.570,-1172317.630,360.740
-443736.110,-1172324.530,358.810
-443737.350,-1172323.480,359.340
-443734.770,-1172325.090,358.560
-443736.210,-1172323.860,359.230
-443736.690,-1172323.460,359.440
-443736.940,-1172323.250,359.550
-443737.180,-1172323.040,359.670
-443738.160,-1172322.210,360.140
-443738.430,-1172321.990,360.240
-443741.850,-1172319.090,359.950
-443742.360,-1172318.660,360.140
-443733.070,-1172325.970,358.080
-443735.290,-1172324.090,359.160
-443736.990,-1172322.640,359.950
-443737.230,-1172322.440,360.050
-443737.460,-1172322.250,360.160
-443737.710,-1172322.030,360.300
-443737.950,-1172321.830,360.410
-443738.190,-1172321.630,360.510
-443738.680,-1172321.210,360.760
-443738.930,-1172321.000,360.860
-443739.180,-1172320.790,360.970
-443738.210,-1172320.990,360.930
-443738.480,-1172320.760,361.020
-443739.440,-1172319.950,361.490
-443739.690,-1172319.730,361.610
-443742.400,-1172317.440,360.950
-443732.350,-1172325.960,358.140
-443733.060,-1172325.360,358.520
-443734.780,-1172323.900,359.330
-443736.040,-1172322.830,359.910
-443736.290,-1172322.620,360.020
-443733.120,-1172324.700,358.920
-443733.350,-1172324.500,359.030
-443733.840,-1172324.090,359.280
-443734.090,-1172323.870,359.400
-443734.350,-1172323.650,359.500
-443734.600,-1172323.440,359.640
-443735.080,-1172323.030,359.850
-443736.070,-1172322.190,360.300
-443736.310,-1172321.990,360.410
-443736.560,-1172321.780,360.540
-443737.300,-1172321.150,360.880
-443737.780,-1172320.750,361.130
-443738.050,-1172320.510,361.230
-443738.280,-1172320.320,361.350
-443738.750,-1172319.920,361.560
-443738.990,-1172319.720,361.690
-443739.250,-1172319.500,361.810
-443739.480,-1172319.300,361.920
-443741.440,-1172317.640,360.880
-443731.660,-1172325.400,358.600
-443732.140,-1172324.990,358.820
-443732.870,-1172324.370,359.160
-443733.340,-1172323.970,359.390
-443733.610,-1172323.740,359.500
-443734.590,-1172322.910,359.970
-443734.840,-1172322.700,360.110
-443735.590,-1172322.060,360.460
-443736.070,-1172321.660,360.650
-443736.810,-1172321.030,360.990
-443737.300,-1172320.610,361.230
-443737.560,-1172320.390,361.340
-443731.650,-1172324.840,359.000
-443732.140,-1172324.420,359.190
-443732.400,-1172324.200,359.320
-443732.630,-1172324.000,359.420
-443734.320,-1172322.560,360.220
-443734.550,-1172322.370,360.340
-443736.530,-1172320.690,361.250
-443737.260,-1172320.070,361.630
-443731.200,-1172324.540,359.210
-443731.450,-1172324.330,359.310
-443732.190,-1172323.700,359.670
-443732.450,-1172323.480,359.770
-443733.190,-1172322.850,360.110
-443733.430,-1172322.650,360.240
-443733.640,-1172322.460,360.360
-443733.880,-1172322.260,360.460
-443735.350,-1172321.020,361.120
-443735.840,-1172320.600,361.370
-443736.080,-1172320.390,361.490
-443736.320,-1172320.190,361.610
-443734.550,-1172321.020,361.170
-443735.280,-1172320.400,361.520
-443735.510,-1172320.210,361.630
-443735.770,-1172319.990,361.730
-443736.000,-1172319.790,361.850
-443732.360,-1172322.890,360.140
-443733.590,-1172321.840,360.730
-443733.840,-1172321.630,360.850
-443734.320,-1172321.220,361.060
-443731.780,-1172322.860,360.230
-443732.490,-1172322.260,360.560
-443732.750,-1172322.040,360.690
-443733.000,-1172321.830,360.790
-443734.730,-1172320.350,361.620
-443735.200,-1172319.960,361.820
-443731.520,-1172323.080,360.130
-443732.440,-1172321.760,360.880
-443733.660,-1172320.730,361.480
-443733.890,-1172320.530,361.570
-443730.950,-1172323.030,360.200
-443731.420,-1172322.630,360.450
-443733.200,-1172320.490,361.650
-443731.220,-1172322.180,360.740
-443731.950,-1172321.550,361.070
-443730.620,-1172322.020,360.900
-443731.830,-1172320.990,361.450
-443732.580,-1172320.350,361.800
-443726.740,-1172324.770,355.870
-443725.190,-1172324.980,355.840
-443725.930,-1172324.350,356.220
-443726.160,-1172324.160,356.330
-443723.690,-1172325.260,355.760
-443724.900,-1172324.230,356.410
-443726.620,-1172322.770,357.300
-443726.940,-1172322.050,357.780
-443722.320,-1172325.380,355.770
-443725.420,-1172322.730,357.440
-443725.920,-1172322.310,357.690
-443721.320,-1172325.650,355.690
-443722.320,-1172324.800,356.170
-443724.440,-1172322.990,357.330
-443724.690,-1172322.780,357.460
-443725.420,-1172322.160,357.850
-443723.350,-1172323.410,357.140
-443722.530,-1172323.600,357.060
-443722.350,-1172323.080,357.420
-443724.040,-1172321.630,358.340
-443723.230,-1172321.710,358.390
-443723.950,-1172321.090,358.750
-443721.760,-1172322.960,357.580
-443723.110,-1172321.250,358.710
-443721.650,-1172321.450,358.660
-443722.370,-1172320.840,359.050
-443742.370,-1172293.600,357.980
-443742.530,-1172291.520,359.720
-443741.640,-1172291.630,359.680
-443740.650,-1172291.850,359.570
-443735.920,-1172292.250,359.680
-443734.620,-1172292.830,359.410
-443735.110,-1172292.410,359.690
-443729.870,-1172295.930,357.650
-443727.560,-1172296.080,357.680
-443719.570,-1172298.830,355.650
-443720.280,-1172298.220,355.950
-443720.780,-1172297.790,356.230
-443720.490,-1172298.570,355.760
-443720.750,-1172298.340,355.890
-443721.230,-1172297.930,356.120
-443721.340,-1172298.540,355.740
-443719.390,-1172298.300,355.980
-443719.640,-1172298.090,356.130
-443720.620,-1172297.250,356.590
-443721.350,-1172296.610,356.970
-443720.710,-1172295.770,357.490
-443719.340,-1172297.820,356.300
-443720.310,-1172296.980,356.790
-443720.810,-1172296.540,357.010
-443721.290,-1172296.130,357.270
-443719.780,-1172295.970,357.380
-443720.730,-1172295.150,357.880
-443719.250,-1172297.030,356.800
-443718.810,-1172296.810,356.960
-443719.040,-1172296.610,357.060
-443718.860,-1172296.060,357.430
-443719.080,-1172295.860,357.540
-443719.380,-1172295.130,357.970
-443719.600,-1172294.940,358.100
-443719.430,-1172325.570,355.900
-443720.160,-1172324.940,356.290
-443720.410,-1172324.730,356.430
-443719.860,-1172325.880,355.660
-443720.840,-1172325.050,356.190
-443716.920,-1172326.540,358.230
-443720.730,-1172323.290,357.390
-443718.190,-1172326.010,355.660
-443719.610,-1172324.800,356.450
-443719.500,-1172323.290,357.500
-443720.250,-1172322.650,357.890
-443720.720,-1172322.250,358.150
-443718.930,-1172324.370,356.820
-443719.190,-1172324.150,356.950
-443719.680,-1172323.740,357.210
-443719.910,-1172323.540,357.300
-443720.630,-1172322.930,357.700
-443718.160,-1172323.830,357.210
-443718.660,-1172323.400,357.470
-443720.580,-1172321.760,358.500
-443719.010,-1172323.710,357.260
-443718.480,-1172322.930,357.840
-443719.950,-1172321.670,358.630
-443718.110,-1172321.370,358.960
-443718.290,-1172321.790,358.660
-443717.640,-1172321.770,358.720
-443714.480,-1172322.820,361.220
-443715.660,-1172321.810,361.890
-443716.120,-1172322.080,361.690
-443714.520,-1172322.160,361.690
-443712.140,-1172322.980,361.310
-443713.600,-1172321.720,362.100
-443710.150,-1172323.400,361.180
-443711.820,-1172321.970,362.040
-443709.290,-1172323.550,361.160
-443710.940,-1172322.130,362.030
-443709.000,-1172323.350,361.350
-443710.220,-1172322.310,362.010
-443707.650,-1172322.760,361.850
-443708.380,-1172322.730,361.810
-443708.870,-1172322.310,362.070
-443718.590,-1172298.460,355.960
-443717.370,-1172297.340,356.730
-443717.860,-1172296.910,356.980
-443718.360,-1172296.480,357.200
-443717.840,-1172297.650,356.490
-443717.600,-1172295.930,357.610
-443717.290,-1172295.650,357.760
-443717.540,-1172295.430,357.880
-443711.920,-1172296.330,355.940
-443712.150,-1172296.140,356.060
-443712.260,-1172296.730,355.710
-443710.750,-1172296.790,355.750
-443711.480,-1172296.160,356.070
-443711.410,-1172296.780,355.720
-443710.660,-1172296.280,356.040
-443711.390,-1172295.650,356.440
-443711.660,-1172295.420,356.500
-443711.440,-1172295.180,356.730
-443711.690,-1172294.970,356.830
-443711.030,-1172294.900,356.900
-443711.270,-1172294.690,357.030
-443711.530,-1172294.470,357.140
-443707.220,-1172297.080,358.470
-443706.730,-1172297.030,358.560
-443702.380,-1172296.000,358.480
