-443743.200,-1172290.370,360.430
-443707.740,-1172324.370,360.940
-443707.570,-1172324.780,360.850
-443707.020,-1172326.120,361.060
-443707.050,-1172324.310,361.010
-443718.590,-1172294.850,358.220
-443713.540,-1172295.320,358.110
-443851.950,-1172301.870,349.310
-443851.120,-1172303.060,349.000
-443851.680,-1172302.560,349.100
-443851.960,-1172302.300,349.160
-443852.250,-1172302.040,349.290
-443850.840,-1172304.210,348.710
-443851.130,-1172303.940,348.820
-443851.420,-1172303.680,348.860
-443851.710,-1172303.420,348.920
-443852.290,-1172302.890,349.050
-443852.710,-1172302.930,349.080
-443852.800,-1172303.200,348.980
-443851.850,-1172303.720,348.840
-443852.200,-1172304.620,348.660
-443852.770,-1172304.100,348.790
-443853.030,-1172303.860,348.840
-443851.770,-1172305.550,348.450
-443852.040,-1172305.300,348.510
-443851.120,-1172306.650,348.240
-443851.340,-1172306.980,348.140
-443852.770,-1172305.680,348.430
-443852.350,-1172306.690,348.200
-443852.710,-1172306.970,348.160
-443853.270,-1172306.460,348.240
-443851.220,-1172426.880,351.420
-443823.870,-1172440.830,351.230
-443820.790,-1172440.230,351.390
-443819.670,-1172441.020,351.980
-443817.900,-1172440.840,351.280
-443812.180,-1172440.460,351.380
-443811.580,-1172440.730,351.370
-443809.570,-1172441.110,351.330
-443808.220,-1172441.010,351.360
-443807.860,-1172441.020,351.340
-443815.880,-1172433.460,351.510
-443800.520,-1172423.590,352.910
-443800.340,-1172423.460,352.970
-443799.500,-1172423.890,352.860
-443800.150,-1172423.310,353.030
-443799.190,-1172423.770,352.840
-443799.490,-1172423.500,352.930
-443799.800,-1172423.230,353.030
-443800.130,-1172422.930,353.120
-443798.640,-1172423.780,352.880
-443799.620,-1172422.900,353.170
-443798.440,-1172423.630,352.930
-443798.750,-1172423.350,353.020
-443799.090,-1172423.050,353.110
-443799.710,-1172422.500,353.310
-443797.780,-1172423.840,352.870
-443798.070,-1172423.570,352.970
-443798.700,-1172423.020,353.150
-443796.700,-1172424.340,352.730
-443797.980,-1172423.190,353.080
-443798.280,-1172422.930,353.160
-443798.590,-1172422.650,353.240
-443796.210,-1172424.330,352.740
-443796.520,-1172424.060,352.810
-443796.830,-1172423.780,352.900
-443797.150,-1172423.490,352.970
-443797.470,-1172423.210,353.090
-443797.780,-1172422.930,353.170
-443798.120,-1172422.630,353.280
-443796.310,-1172423.930,352.850
-443796.960,-1172423.340,353.000
-443797.590,-1172422.780,353.200
-443798.540,-1172421.940,353.500
-443798.860,-1172421.640,353.560
-443795.920,-1172423.870,352.920
-443796.240,-1172423.580,353.020
-443797.500,-1172422.450,353.340
-443798.160,-1172421.870,353.540
-443798.480,-1172421.580,353.640
-443796.010,-1172423.260,353.060
-443796.330,-1172422.980,353.180
-443796.670,-1172422.670,353.280
-443797.930,-1172421.540,353.640
-443795.040,-1172423.580,353.080
-443795.650,-1172423.040,353.170
-443795.970,-1172422.750,353.300
-443796.270,-1172422.480,353.370
-443796.900,-1172421.910,353.560
-443797.210,-1172421.640,353.660
-443794.870,-1172423.270,353.110
-443795.190,-1172422.980,353.220
-443797.400,-1172421.000,353.850
-443795.820,-1172421.400,353.700
-443796.430,-1172420.860,353.910
-443796.730,-1172420.590,353.950
-443795.380,-1172422.370,353.430
-443795.700,-1172422.080,353.510
-443796.030,-1172421.780,353.620
-443797.000,-1172420.920,353.900
-443794.070,-1172424.450,352.730
-443794.250,-1172423.820,352.950
-443793.470,-1172424.070,352.890
-443793.820,-1172423.760,353.010
-443794.140,-1172423.480,353.090
-443794.470,-1172423.180,353.190
-443769.650,-1172411.360,353.980
-443803.130,-1172379.730,348.350
-443755.080,-1172404.980,349.400
-443697.080,-1172347.360,352.470
-443850.410,-1172306.780,348.230
-443850.550,-1172306.110,348.340
-443848.920,-1172307.070,348.140
-443850.040,-1172306.060,348.350
-443848.550,-1172307.050,348.140
-443849.120,-1172306.530,348.260
-443849.710,-1172306.000,348.400
-443849.980,-1172305.750,348.430
-443850.810,-1172304.990,348.600
-443848.050,-1172306.740,348.180
-443849.450,-1172305.470,348.460
-443849.720,-1172305.220,348.520
-443850.580,-1172304.440,348.680
-443847.250,-1172306.980,348.180
-443848.370,-1172305.960,348.370
-443849.180,-1172305.230,348.540
-443846.910,-1172306.880,348.190
-443847.490,-1172306.350,348.270
-443847.760,-1172306.110,348.340
-443846.330,-1172306.980,348.170
-443847.180,-1172306.200,348.280
-443848.850,-1172304.110,348.780
-443850.240,-1172302.860,349.050
-443850.530,-1172302.590,349.100
-443847.130,-1172305.680,348.450
-443847.740,-1172304.570,348.680
-443848.590,-1172303.790,348.840
-443849.740,-1172302.750,349.110
-443846.400,-1172305.410,348.490
-443846.950,-1172304.910,348.610
-443848.350,-1172303.640,348.870
-443849.170,-1172302.890,349.050
-443849.470,-1172302.620,349.070
-443849.770,-1172302.340,349.210
-443850.040,-1172302.100,349.230
-443846.420,-1172305.050,348.630
-443847.260,-1172304.290,348.760
-443848.340,-1172303.300,348.970
-443848.910,-1172302.790,349.090
-443846.710,-1172304.280,348.760
-443846.990,-1172304.030,348.790
-443847.270,-1172303.780,348.840
-443848.110,-1172303.010,349.020
-443848.930,-1172302.260,349.180
-443846.880,-1172303.610,348.900
-443848.590,-1172302.060,349.250
-443847.310,-1172302.690,349.110
-443848.150,-1172301.940,349.270
-443846.680,-1172302.760,349.140
-443847.550,-1172301.970,349.330
-443846.210,-1172302.000,349.310
-443801.270,-1172331.010,351.380
-443811.690,-1172319.690,351.420
-443810.510,-1172320.100,351.290
-443810.800,-1172319.830,351.380
-443808.560,-1172320.190,351.290
-443807.140,-1172320.350,351.290
-443805.780,-1172318.100,352.070
-443794.700,-1172290.620,355.450
-443793.990,-1172291.030,355.380
-443793.240,-1172290.910,355.410
-443792.590,-1172291.050,355.380
-443790.640,-1172291.390,355.370
-443790.930,-1172291.130,355.450
-443791.380,-1172291.200,355.400
-443791.650,-1172290.950,355.470
-443790.320,-1172291.050,355.480
-443789.600,-1172291.370,355.430
-443788.090,-1172291.780,355.320
-443788.380,-1172291.510,355.410
-443788.160,-1172292.040,355.210
-443788.430,-1172291.790,355.310
-443788.740,-1172291.510,355.390
-443789.020,-1172291.260,355.470
-443787.510,-1172291.480,355.450
-443786.410,-1172291.500,355.470
-443772.260,-1172323.670,354.650
-443771.960,-1172323.560,354.690
-443771.820,-1172322.510,354.950
-443771.070,-1172323.730,354.530
-443772.580,-1172322.360,354.990
-443769.800,-1172322.800,354.920
-443769.470,-1172322.720,355.070
-443759.820,-1172322.450,354.570
-443743.370,-1172332.120,352.930
-443718.990,-1172300.220,354.870
-443708.790,-1172301.330,354.420
-443848.690,-1172419.800,374.140
-443848.420,-1172419.200,374.220
-443848.910,-1172415.430,374.180
-443839.630,-1172422.890,374.290
-443842.950,-1172419.960,374.120
-443840.070,-1172423.030,374.220
-443838.510,-1172422.990,374.290
-443845.860,-1172415.520,374.210
-443842.690,-1172418.980,377.410
-443846.670,-1172415.470,374.280
-443839.500,-1172420.700,377.370
-443838.320,-1172419.660,377.390
-443841.790,-1172415.680,377.430
-443840.330,-1172415.610,377.430
-443833.600,-1172419.870,377.510
-443846.450,-1172408.070,374.160
-443832.620,-1172418.240,377.520
-443847.600,-1172399.980,374.150
-443847.190,-1172399.600,374.390
-443846.330,-1172399.940,374.180
-443845.330,-1172400.030,374.130
-443838.270,-1172399.970,374.390
-443837.310,-1172400.020,374.410
-443847.680,-1172386.300,374.290
-443847.190,-1172386.300,374.240
-443840.460,-1172382.040,377.500
-443848.110,-1172370.690,374.250
-443847.800,-1172370.670,374.240
-443843.280,-1172374.420,374.620
-443846.950,-1172370.700,374.280
-443833.970,-1172380.380,373.830
-443842.650,-1172370.830,374.280
-443839.470,-1172370.940,374.310
-443836.430,-1172371.040,374.320
-443830.460,-1172367.370,371.120
-443767.750,-1172421.380,361.790
-443761.430,-1172421.620,361.790
-443760.200,-1172421.750,361.760
-443758.870,-1172421.890,361.790
-443759.140,-1172421.640,361.700
-443831.290,-1172355.210,370.610
-443754.500,-1172421.940,361.800
-443751.050,-1172421.970,361.740
-443750.490,-1172422.100,361.800
-443750.210,-1172422.000,361.670
-443748.840,-1172422.190,361.750
-443748.330,-1172422.200,361.780
-443747.980,-1172422.110,361.610
-443747.420,-1172422.150,361.780
-443746.790,-1172422.250,361.760
-443746.100,-1172422.160,361.710
-443835.970,-1172338.420,370.840
-443740.110,-1172422.490,361.760
-443830.200,-1172337.940,373.180
-443736.660,-1172422.630,361.780
-443836.780,-1172330.420,371.140
-443837.470,-1172330.850,370.700
-443834.600,-1172330.980,370.690
-443835.760,-1172330.830,370.730
-443833.420,-1172330.980,370.680
-443834.070,-1172330.390,371.140
-443831.170,-1172331.020,370.660
-443831.600,-1172331.130,370.690
-443832.200,-1172331.120,370.680
-443830.170,-1172331.100,370.690
-443827.940,-1172331.220,370.700
-443829.280,-1172330.420,371.100
-443829.860,-1172330.340,370.850
-443826.540,-1172330.710,371.130
-443827.410,-1172330.730,371.110
-443837.180,-1172307.930,356.190
-443830.070,-1172307.010,357.390
-443829.330,-1172307.130,357.360
-443818.530,-1172311.120,358.950
-443784.100,-1172321.060,356.620
-443784.400,-1172320.790,356.650
-443783.160,-1172321.000,356.680
-443783.730,-1172320.480,356.780
-443784.020,-1172320.230,356.860
-443783.930,-1172320.750,356.730
-443783.240,-1172320.550,356.800
-443781.170,-1172314.530,361.080
-443766.720,-1172315.920,361.790
-443794.570,-1172290.500,355.530
-443793.800,-1172290.400,355.540
-443793.150,-1172290.530,355.560
-443791.920,-1172290.700,355.560
-443792.710,-1172290.700,355.520
-443792.980,-1172290.440,355.580
-443790.590,-1172290.800,355.580
-443789.300,-1172291.000,355.520
-443789.590,-1172290.730,355.640
-443789.870,-1172290.480,355.670
-443789.880,-1172291.110,355.500
-443790.480,-1172290.570,355.670
-443788.750,-1172290.660,355.650
-443789.500,-1172290.480,355.690
-443787.430,-1172290.970,355.600
-443787.710,-1172290.710,355.690
-443751.410,-1172324.450,357.120
-443787.800,-1172291.210,355.540
-443788.640,-1172290.450,355.740
-443787.260,-1172290.720,355.680
-443787.560,-1172290.450,355.770
-443786.670,-1172290.390,355.820
-443786.430,-1172290.940,355.660
-443749.950,-1172323.510,357.260
-443750.240,-1172323.250,357.360
-443749.650,-1172322.930,357.410
-443750.230,-1172322.400,357.500
-443747.430,-1172325.190,357.060
-443750.050,-1172322.800,357.470
-443750.310,-1172322.560,357.500
-443750.600,-1172322.300,357.550
-443746.170,-1172325.540,357.030
-443747.950,-1172323.920,357.280
-443750.800,-1172321.310,357.680
-443744.620,-1172326.030,356.960
-443748.330,-1172322.640,357.530
-443745.120,-1172326.060,356.890
-443745.410,-1172325.800,356.980
-443747.990,-1172323.430,357.320
-443750.600,-1172321.050,357.750
-443744.270,-1172326.060,356.940
-443744.560,-1172325.790,356.980
-443748.000,-1172322.640,357.510
-443743.550,-1172326.200,356.950
-443745.200,-1172323.770,357.340
-443746.350,-1172322.720,357.560
-443742.120,-1172326.210,356.950
-443746.150,-1172322.530,357.580
-443747.580,-1172321.220,357.800
-443742.290,-1172326.430,356.940
-443742.880,-1172325.890,356.980
-443744.030,-1172324.840,357.170
-443746.270,-1172321.330,357.810
-443745.160,-1172321.850,357.720
-443743.180,-1172323.330,357.440
-443742.390,-1172323.520,357.440
-443743.590,-1172322.420,357.620
-443743.160,-1172321.840,357.790
-443737.100,-1172326.860,358.200
-443752.500,-1172296.410,357.880
-443751.090,-1172296.770,357.840
-443751.390,-1172296.490,357.890
-443751.820,-1172295.610,358.010
-443724.200,-1172320.470,359.120
-443749.670,-1172297.050,357.790
-443748.830,-1172297.020,357.840
-443750.770,-1172295.230,358.090
-443722.570,-1172320.750,359.070
-443747.290,-1172297.210,357.770
-443745.640,-1172297.160,357.890
-443745.090,-1172297.240,357.850
-443748.460,-1172294.130,358.300
-443751.290,-1172290.540,358.820
-443745.080,-1172296.260,358.020
-443749.280,-1172291.440,358.740
-443746.280,-1172293.730,358.440
-443748.490,-1172291.690,358.750
-443745.630,-1172293.830,358.390
-443746.480,-1172293.040,358.500
-443745.030,-1172292.560,358.630
-443744.580,-1172291.170,358.910
-443741.680,-1172291.470,359.780
-443737.390,-1172291.990,359.720
-443714.000,-1172337.660,360.310
-443714.310,-1172337.380,360.410
-443714.620,-1172337.090,360.470
-443714.740,-1172337.530,360.340
-443712.290,-1172337.560,360.470
-443713.210,-1172337.460,360.380
-443716.790,-1172326.890,357.970
-443713.730,-1172327.150,360.790
-443716.340,-1172323.190,360.910
-443716.630,-1172322.920,361.000
-443715.680,-1172323.320,360.850
-443713.110,-1172323.770,360.840
-443715.700,-1172321.380,362.130
-443712.870,-1172323.420,360.930
-443714.920,-1172321.540,362.110
-443708.170,-1172326.020,361.030
-443709.780,-1172324.530,360.790
-443708.950,-1172324.500,360.850
-443709.510,-1172324.400,360.820
-443710.120,-1172323.850,360.930
-443707.710,-1172325.150,360.690
-443707.530,-1172324.750,360.820
-443708.380,-1172323.960,360.980
-443716.580,-1172299.860,357.080
-443715.890,-1172300.100,356.990
-443716.090,-1172298.000,357.420
-443715.490,-1172299.070,357.220
-443713.890,-1172299.460,357.180
-443714.260,-1172298.260,357.420
-443714.560,-1172297.990,357.470
-443715.110,-1172297.480,357.560
-443713.090,-1172299.760,357.090
-443713.380,-1172299.500,357.140
-443714.220,-1172298.720,357.270
-443715.120,-1172297.890,357.420
-443716.260,-1172296.840,357.640
-443713.680,-1172298.290,357.400
-443714.240,-1172297.770,357.490
-443715.360,-1172296.730,357.670
-443715.980,-1172296.160,357.810
-443713.970,-1172298.530,357.380
-443715.040,-1172296.480,357.780
-443715.340,-1172296.200,357.950
-443716.180,-1172295.430,358.040
-443713.940,-1172296.570,357.790
-443714.230,-1172296.300,357.830
-443714.530,-1172296.020,357.890
-443714.090,-1172296.890,357.690
-443713.530,-1172296.420,357.800
-443714.080,-1172295.910,357.900
-443714.360,-1172295.650,357.960
-443713.560,-1172295.830,357.950
-443713.870,-1172295.540,358.040
-443713.510,-1172295.440,358.050
-443698.320,-1172298.040,355.660
-443851.830,-1172302.020,349.280
-443851.720,-1172302.330,349.150
-443851.770,-1172303.530,348.990
-443851.650,-1172303.850,348.840
-443852.720,-1172302.900,349.070
-443852.080,-1172304.560,348.690
-443851.820,-1172305.250,348.580
-443852.540,-1172301.900,349.310
-443852.440,-1172302.170,349.100
-443851.920,-1172303.550,348.910
-443851.540,-1172304.540,348.670
-443852.380,-1172301.920,349.360
-443852.270,-1172302.220,349.280
-443851.700,-1172305.550,348.460
-443852.840,-1172303.300,348.950
-443852.080,-1172305.290,348.520
-443851.720,-1172306.240,348.320
-443852.630,-1172305.220,348.550
-443852.380,-1172306.510,348.180
-443825.730,-1172441.140,351.220
-443825.240,-1172441.130,351.170
-443825.010,-1172440.050,351.390
-443824.650,-1172440.990,351.230
-443823.900,-1172440.530,351.280
-443826.550,-1172433.130,351.560
-443825.970,-1172432.880,351.640
-443834.950,-1172407.790,351.420
-443821.170,-1172440.690,351.320
-443819.290,-1172440.930,351.300
-443819.440,-1172433.010,351.670
-443815.070,-1172440.720,351.360
-443814.270,-1172440.810,351.350
-443813.870,-1172441.020,351.330
-443816.100,-1172433.400,351.630
-443815.340,-1172433.550,351.520
-443811.990,-1172440.230,351.470
-443811.000,-1172440.770,351.370
-443810.200,-1172440.460,351.430
-443808.290,-1172440.760,351.380
-443808.100,-1172440.770,351.420
-443807.970,-1172441.090,351.390
-443803.330,-1172441.100,351.390
-443801.050,-1172423.740,352.850
-443795.630,-1172422.270,353.480
-443795.410,-1172422.010,353.570
-443795.290,-1172422.310,353.460
-443797.020,-1172420.190,354.180
-443796.900,-1172420.480,354.030
-443796.790,-1172420.780,353.940
-443796.080,-1172422.650,353.330
-443795.960,-1172422.950,353.230
-443795.620,-1172423.850,352.940
-443795.990,-1172421.340,353.750
-443796.350,-1172424.170,352.810
-443797.160,-1172420.350,354.090
-443796.580,-1172421.890,353.560
-443796.350,-1172422.490,353.370
-443796.240,-1172422.780,353.250
-443796.010,-1172423.370,353.070
-443795.900,-1172423.680,352.960
-443795.670,-1172424.270,352.760
-443797.270,-1172422.510,353.320
-443796.810,-1172423.740,352.910
-443796.690,-1172424.060,352.830
-443796.570,-1172424.360,352.700
-443797.270,-1172421.740,353.610
-443797.750,-1172423.480,352.990
-443797.390,-1172424.400,352.670
-443798.230,-1172421.610,353.640
-443797.760,-1172422.840,353.220
-443797.640,-1172423.150,353.120
-443798.990,-1172421.840,353.590
-443798.870,-1172422.150,353.450
-443798.760,-1172422.440,353.340
-443798.650,-1172422.750,353.240
-443798.520,-1172423.070,353.160
-443798.290,-1172423.670,352.940
-443798.820,-1172422.870,353.160
-443799.350,-1172422.840,353.210
-443798.690,-1172423.190,353.090
-443798.580,-1172423.490,352.980
-443798.470,-1172423.780,352.880
-443799.630,-1172422.670,353.260
-443799.280,-1172423.590,352.930
-443799.160,-1172423.880,352.800
-443799.050,-1172424.180,352.710
-443800.030,-1172423.440,352.960
-443800.250,-1172423.750,352.850
-443734.640,-1172411.430,347.940
-443734.530,-1172411.730,347.850
-443734.420,-1172412.040,347.750
-443734.350,-1172411.400,347.930
-443734.240,-1172411.720,347.870
-443734.130,-1172412.010,347.790
-443735.070,-1172411.800,347.760
-443736.140,-1172411.440,347.950
-443737.910,-1172411.150,347.980
-443738.530,-1172411.710,347.800
-443738.100,-1172411.370,347.890
-443744.480,-1172411.030,347.980
-443736.630,-1172437.560,347.480
-443747.380,-1172410.680,348.000
-443739.200,-1172437.320,347.590
-443739.410,-1172437.560,347.480
-443740.090,-1172437.320,347.540
-443740.360,-1172437.330,347.540
-443742.150,-1172436.790,351.010
-443753.380,-1172410.360,348.030
-443753.280,-1172410.640,347.890
-443744.700,-1172436.350,351.230
-443744.810,-1172436.640,351.070
-443745.440,-1172436.470,351.080
-443745.220,-1172437.060,350.940
-443745.740,-1172436.440,351.060
-443747.330,-1172436.340,351.090
-443747.660,-1172436.320,351.090
-443747.560,-1172436.610,350.970
-443748.200,-1172436.240,351.110
-443748.080,-1172436.570,351.010
-443748.410,-1172436.270,351.060
-443748.300,-1172436.550,350.990
-443748.710,-1172437.050,347.520
-443750.870,-1172436.330,351.050
-443751.180,-1172436.310,351.020
-443751.830,-1172436.010,351.150
-443751.720,-1172436.290,351.040
-443751.610,-1172436.590,350.970
-443753.450,-1172435.920,351.100
-443753.510,-1172436.280,351.000
-443754.180,-1172436.160,351.020
-443754.530,-1172436.020,351.100
-443754.420,-1172436.310,351.000
-443754.310,-1172436.610,350.930
-443754.970,-1172436.120,351.050
-443754.870,-1172436.410,350.990
-443754.760,-1172436.710,350.900
-443754.840,-1172436.440,347.590
-443754.720,-1172436.760,347.510
-443755.280,-1172435.810,351.160
-443755.160,-1172436.130,351.090
-443755.050,-1172436.410,350.950
-443754.940,-1172436.730,350.860
-443755.020,-1172436.460,347.580
-443754.900,-1172436.780,347.490
-443755.530,-1172436.480,347.580
-443756.240,-1172436.610,347.530
-443756.810,-1172435.940,351.090
-443756.690,-1172436.250,351.000
-443757.670,-1172436.230,347.600
-443759.170,-1172435.770,347.740
-443759.490,-1172435.780,351.120
-443759.580,-1172435.500,347.760
-443759.450,-1172435.830,347.700
-443759.340,-1172436.130,347.600
-443759.880,-1172436.140,347.610
-443759.770,-1172436.450,347.530
-443759.990,-1172436.520,347.520
-443760.970,-1172435.650,351.110
-443760.600,-1172436.590,347.420
-443771.180,-1172411.730,353.760
-443771.980,-1172411.300,354.050
-443762.910,-1172435.520,351.120
-443762.790,-1172435.850,351.060
-443772.260,-1172411.330,354.050
-443763.220,-1172435.540,354.570
-443763.200,-1172435.540,351.090
-443763.570,-1172435.780,351.070
-443763.470,-1172436.060,350.980
-443773.130,-1172410.950,354.100
-443763.730,-1172436.060,350.960
-443765.950,-1172436.110,347.520
-443775.660,-1172410.870,354.100
-443766.110,-1172436.310,347.490
-443776.270,-1172411.330,353.490
-443769.560,-1172435.650,347.620
-443769.440,-1172435.970,347.550
-443769.690,-1172436.200,347.470
-443788.860,-1172421.430,350.060
-443793.870,-1172423.660,353.020
-443794.830,-1172423.520,353.060
-443794.720,-1172423.820,352.940
-443833.410,-1172385.680,348.550
-443832.810,-1172385.670,348.490
-443832.030,-1172385.630,348.580
-443805.060,-1172379.250,348.320
-443807.960,-1172377.390,348.360
-443738.760,-1172397.220,350.660
-443738.850,-1172397.580,350.520
-443745.500,-1172396.920,350.620
-443745.770,-1172396.880,350.590
-443758.800,-1172396.710,349.820
-443763.310,-1172396.090,349.890
-443763.010,-1172404.440,349.440
-443763.460,-1172404.700,349.260
-443768.280,-1172396.020,349.880
-443765.250,-1172404.680,349.270
-443710.490,-1172400.930,352.140
-443709.920,-1172400.710,352.210
-443709.810,-1172401.010,352.110
-443708.870,-1172400.810,352.190
-443699.650,-1172345.600,353.100
-443699.380,-1172345.720,353.130
-443697.260,-1172346.560,352.660
-443697.080,-1172346.180,353.030
-443851.470,-1172306.890,348.150
-443851.160,-1172305.530,348.460
-443850.650,-1172306.880,348.170
-443851.090,-1172303.980,348.800
-443850.720,-1172304.950,348.590
-443850.320,-1172305.990,348.420
-443850.210,-1172306.280,348.210
-443850.500,-1172306.860,348.210
-443850.550,-1172302.850,349.060
-443849.920,-1172304.500,348.720
-443848.930,-1172307.100,348.090
-443850.680,-1172304.270,348.820
-443850.430,-1172304.920,348.660
-443850.060,-1172305.900,348.420
-443849.800,-1172306.590,348.310
-443848.250,-1172306.600,348.230
-443849.690,-1172304.390,348.740
-443848.820,-1172306.660,348.220
-443848.700,-1172306.990,348.200
-443850.930,-1172301.850,349.240
-443850.800,-1172302.200,349.170
-443848.290,-1172305.570,348.540
-443848.040,-1172306.220,348.370
-443847.800,-1172306.870,348.170
-443849.750,-1172302.640,349.150
-443849.130,-1172304.270,348.750
-443848.590,-1172302.250,349.260
-443847.970,-1172303.890,348.850
-443847.460,-1172305.220,348.580
-443847.210,-1172305.880,348.400
-443846.830,-1172306.870,348.210
-443848.780,-1172302.450,349.200
-443848.160,-1172304.090,348.810
-443848.020,-1172304.430,348.720
-443847.140,-1172306.760,348.290
-443847.600,-1172302.660,349.130
-443847.230,-1172303.640,348.920
-443846.610,-1172305.260,348.590
-443847.770,-1172302.890,349.100
-443847.400,-1172303.860,348.820
-443847.270,-1172304.200,348.750
-443847.020,-1172304.860,348.630
-443846.450,-1172302.010,349.340
-443846.680,-1172302.950,349.150
-443787.250,-1172291.390,355.350
-443788.510,-1172291.770,355.320
-443789.760,-1172290.940,355.550
-443790.760,-1172291.070,355.480
-443790.090,-1172290.960,355.530
-443791.730,-1172291.200,355.410
-443793.840,-1172290.380,355.530
-443793.610,-1172291.000,355.400
-443797.810,-1172290.410,350.720
-443797.690,-1172290.750,350.640
-443788.600,-1172320.760,351.060
-443806.380,-1172317.490,352.190
-443806.850,-1172318.020,352.090
-443806.730,-1172318.320,352.000
-443806.240,-1172319.630,351.700
-443806.130,-1172319.920,351.590
-443807.050,-1172319.510,351.690
-443806.940,-1172319.810,351.570
-443806.720,-1172320.390,351.360
-443808.990,-1172317.900,351.440
-443809.010,-1172319.790,351.360
-443809.540,-1172317.900,351.420
-443811.230,-1172318.000,351.940
-443810.510,-1172319.900,351.350
-443811.160,-1172319.890,351.370
-443740.560,-1172297.430,354.500
-443740.970,-1172297.410,354.510
-443741.640,-1172297.030,354.500
-443736.040,-1172325.140,351.260
-443735.930,-1172325.440,351.160
-443742.400,-1172326.190,351.290
-443757.680,-1172295.590,351.790
-443758.540,-1172294.680,355.550
-443758.760,-1172294.810,355.520
-443749.860,-1172323.770,354.610
-443762.180,-1172294.890,355.250
-443767.780,-1172293.530,351.960
-443768.080,-1172293.600,351.880
-443768.780,-1172293.230,352.020
-443768.680,-1172293.510,351.900
-443768.990,-1172293.600,351.930
-443772.460,-1172293.150,351.870
-443769.820,-1172322.800,354.980
-443769.700,-1172323.100,354.900
-443770.790,-1172322.630,354.980
-443770.680,-1172322.940,354.880
-443771.100,-1172323.330,354.810
-443770.980,-1172323.660,354.700
-443770.860,-1172323.980,354.640
-443771.250,-1172323.400,354.760
-443771.120,-1172323.740,354.660
-443772.140,-1172322.520,354.980
-443771.900,-1172323.170,354.800
-443771.790,-1172323.490,354.730
-443772.240,-1172322.910,354.870
-443772.120,-1172323.220,354.760
-443772.010,-1172323.540,354.680
-443772.470,-1172323.750,354.670
-443772.930,-1172322.500,355.000
-443772.700,-1172323.120,354.850
-443772.580,-1172323.450,354.770
-443783.930,-1172320.890,353.740
-443784.810,-1172320.780,353.730
-443784.680,-1172321.110,353.600
-443708.510,-1172336.940,355.520
-443715.330,-1172300.060,355.270
-443713.240,-1172300.210,355.110
-443849.350,-1172418.070,374.330
-443848.730,-1172419.690,374.190
-443844.020,-1172431.870,366.410
-443847.960,-1172419.440,374.240
-443841.020,-1172432.030,360.730
-443847.260,-1172415.510,374.290
-443845.970,-1172415.580,374.200
-443847.170,-1172408.530,374.150
-443844.470,-1172415.590,374.110
-443846.390,-1172408.020,374.180
-443846.060,-1172408.250,374.180
-443839.910,-1172422.880,374.270
-443839.630,-1172422.850,374.290
-443842.460,-1172415.480,377.460
-443841.160,-1172418.880,377.460
-443840.480,-1172418.800,377.440
-443838.810,-1172423.130,374.210
-443847.830,-1172399.610,374.340
-443847.340,-1172399.940,374.180
-443839.060,-1172421.550,374.360
-443838.840,-1172417.950,377.520
-443851.220,-1172385.610,373.800
-443845.650,-1172399.670,374.360
-443851.350,-1172383.560,374.000
-443837.030,-1172417.950,377.570
-443835.770,-1172419.730,377.490
-443843.390,-1172399.820,374.320
-443851.180,-1172379.480,373.470
-443842.300,-1172400.170,374.180
-443847.620,-1172386.300,374.300
-443846.950,-1172386.250,374.340
-443834.180,-1172418.030,377.580
-443840.330,-1172400.270,374.140
-443833.250,-1172418.000,377.640
-443832.450,-1172417.970,377.660
-443831.160,-1172421.320,377.600
-443831.020,-1172420.500,378.630
-443836.690,-1172400.320,374.190
-443835.470,-1172403.500,374.680
-443836.020,-1172400.360,374.160
-443847.310,-1172370.840,374.250
-443844.010,-1172378.900,374.220
-443846.740,-1172370.190,374.710
-443840.770,-1172383.230,377.400
-443845.500,-1172370.840,374.280
-443840.780,-1172382.630,380.660
-443838.040,-1172385.400,374.350
-443837.150,-1172385.390,374.390
-443836.950,-1172385.300,374.420
-443836.840,-1172382.020,377.620
-443837.980,-1172378.150,377.750
-443840.280,-1172370.340,374.770
-443839.990,-1172370.520,374.730
-443839.510,-1172370.480,374.720
-443838.490,-1172371.060,374.310
-443839.310,-1172370.500,374.780
-443839.120,-1172370.990,374.360
-443836.420,-1172356.870,370.640
-443832.170,-1172359.900,370.620
-443832.080,-1172355.600,373.320
-443831.240,-1172355.680,373.320
-443831.060,-1172341.870,370.670
-443831.870,-1172337.870,373.270
-443830.110,-1172341.910,370.620
-443825.800,-1172342.770,365.400
-443769.440,-1172420.930,361.830
-443768.670,-1172421.050,361.880
-443767.460,-1172421.030,361.910
-443767.340,-1172421.330,361.800
-443767.680,-1172421.210,361.820
-443767.560,-1172421.510,361.740
-443764.940,-1172421.300,361.810
-443765.390,-1172421.570,361.750
-443763.900,-1172421.070,361.970
-443763.790,-1172421.360,361.850
-443762.060,-1172421.180,361.940
-443761.120,-1172421.650,361.810
-443760.720,-1172421.340,361.830
-443759.990,-1172421.480,361.870
-443759.740,-1172421.330,361.950
-443759.050,-1172421.500,361.820
-443758.370,-1172421.580,361.860
-443758.220,-1172421.250,362.020
-443758.110,-1172421.540,361.900
-443756.410,-1172421.530,361.930
-443755.380,-1172421.810,361.840
-443755.730,-1172421.660,361.840
-443754.780,-1172421.860,361.830
-443754.510,-1172421.610,361.920
-443753.730,-1172422.070,361.770
-443752.970,-1172422.140,361.750
-443752.150,-1172421.680,361.920
-443752.040,-1172421.970,361.810
-443750.130,-1172421.840,361.870
-443750.360,-1172421.790,361.910
-443749.470,-1172422.050,361.840
-443749.230,-1172421.740,361.900
-443749.120,-1172422.060,361.840
-443748.340,-1172421.610,361.930
-443748.220,-1172421.930,361.850
-443748.530,-1172421.790,361.900
-443748.290,-1172422.410,361.750
-443747.580,-1172422.280,361.780
-443746.770,-1172422.110,361.830
-443745.870,-1172421.860,361.930
-443746.040,-1172422.140,361.830
-443744.770,-1172422.440,361.810
-443743.380,-1172422.250,361.820
-443743.250,-1172422.040,361.930
-443743.140,-1172422.340,361.820
-443742.410,-1172422.090,361.920
-443742.300,-1172422.380,361.830
-443739.690,-1172422.590,361.790
-443736.110,-1172422.550,361.840
-443737.000,-1172422.480,361.840
-443735.570,-1172422.620,361.840
-443837.480,-1172330.230,371.180
-443834.680,-1172330.460,371.120
-443834.460,-1172331.020,370.700
-443837.230,-1172330.230,371.170
-443831.050,-1172331.100,370.730
-443827.380,-1172330.560,371.150
-443827.160,-1172331.160,370.810
-443835.910,-1172306.400,357.420
-443826.940,-1172330.300,371.250
-443813.560,-1172309.100,358.750
-443813.790,-1172309.070,358.790
-443805.150,-1172312.650,356.720
-443789.620,-1172313.650,361.680
-443783.630,-1172320.390,356.830
-443784.400,-1172320.300,356.830
-443782.750,-1172320.420,356.850
-443783.130,-1172321.020,356.670
-443782.210,-1172314.290,361.160
-443787.570,-1172290.520,355.800
-443786.620,-1172290.530,355.740
-443751.360,-1172324.500,357.170
-443749.890,-1172325.430,356.970
-443750.610,-1172321.010,357.790
-443749.890,-1172322.970,357.370
-443749.420,-1172324.270,357.220
-443749.000,-1172324.100,357.210
-443748.880,-1172324.410,357.140
-443747.520,-1172325.550,356.900
-443746.130,-1172323.790,357.380
-443745.430,-1172325.730,357.040
-443746.190,-1172321.420,357.750
-443745.450,-1172323.440,357.490
-443745.340,-1172323.740,357.350
-443745.630,-1172321.490,357.800
-443745.510,-1172321.790,357.660
-443743.500,-1172322.530,357.520
-443745.590,-1172316.850,361.040
-443752.570,-1172296.450,357.920
-443752.260,-1172294.640,358.220
-443751.210,-1172296.650,357.880
-443752.350,-1172291.280,358.950
-443750.330,-1172296.790,357.880
-443741.060,-1172322.180,360.920
-443751.450,-1172291.500,358.730
-443750.230,-1172294.830,358.250
-443749.990,-1172295.490,358.110
-443751.250,-1172290.530,358.880
-443750.160,-1172293.510,358.380
-443737.630,-1172326.750,358.250
-443748.600,-1172294.950,358.190
-443747.860,-1172296.980,357.870
-443736.950,-1172326.840,358.240
-443749.080,-1172291.560,358.760
-443748.350,-1172292.850,358.560
-443747.100,-1172294.970,358.200
-443746.120,-1172295.970,358.110
-443745.640,-1172297.270,357.870
-443745.330,-1172297.340,357.880
-443746.430,-1172292.930,358.520
-443745.840,-1172294.540,358.290
-443745.710,-1172294.900,358.250
-443745.470,-1172295.560,358.160
-443736.770,-1172319.410,361.960
-443745.070,-1172296.240,358.060
-443744.710,-1172297.220,357.890
-443745.560,-1172293.860,358.450
-443736.190,-1172319.570,362.670
-443746.290,-1172291.860,358.760
-443746.290,-1172291.200,358.870
-443745.060,-1172294.540,358.390
-443745.290,-1172291.860,358.830
-443745.180,-1172292.160,358.760
-443745.320,-1172290.440,359.050
-443745.200,-1172290.750,358.950
-443744.950,-1172291.430,358.890
-443744.720,-1172292.070,358.750
-443744.610,-1172292.380,358.690
-443744.500,-1172291.750,358.870
-443725.900,-1172296.310,357.600
-443724.810,-1172294.120,357.980
-443721.410,-1172295.080,357.900
-443714.890,-1172337.370,360.390
-443713.960,-1172337.480,360.370
-443713.840,-1172337.800,360.260
-443713.200,-1172337.310,360.510
-443713.390,-1172337.350,360.470
-443713.170,-1172337.950,360.280
-443716.890,-1172327.200,357.890
-443712.320,-1172338.030,360.300
-443712.170,-1172337.410,360.470
-443716.490,-1172323.020,361.000
-443716.380,-1172323.320,360.890
-443713.790,-1172327.210,360.810
-443715.690,-1172323.340,360.910
-443714.910,-1172323.430,360.900
-443715.160,-1172323.460,360.870
-443714.100,-1172323.400,360.940
-443712.280,-1172325.640,360.640
-443713.500,-1172323.390,360.950
-443713.270,-1172321.640,362.150
-443712.530,-1172323.620,360.890
-443712.150,-1172323.590,360.940
-443711.610,-1172323.730,360.940
-443710.500,-1172323.950,360.930
-443709.520,-1172324.820,360.720
-443709.980,-1172324.140,360.910
-443709.180,-1172325.050,360.630
-443710.640,-1172320.820,362.760
-443709.260,-1172324.560,360.820
-443708.730,-1172326.000,361.020
-443709.790,-1172322.330,361.970
-443708.910,-1172324.680,360.810
-443709.040,-1172324.500,360.820
-443708.930,-1172324.810,360.740
-443708.810,-1172325.130,360.650
-443708.520,-1172325.940,361.060
-443708.100,-1172326.130,360.990
-443708.520,-1172324.230,360.930
-443708.400,-1172324.530,360.850
-443708.290,-1172324.850,360.780
-443707.080,-1172326.360,360.930
-443718.890,-1172294.750,358.170
-443707.730,-1172325.130,360.690
-443707.490,-1172324.380,360.940
-443707.150,-1172325.300,360.660
-443706.750,-1172324.290,360.990
-443706.650,-1172324.590,360.930
-443716.680,-1172297.710,357.510
-443715.840,-1172299.990,357.060
-443706.920,-1172324.270,360.990
-443706.800,-1172324.590,360.890
-443706.080,-1172326.540,360.790
-443705.340,-1172326.560,360.850
-443716.530,-1172297.710,357.500
-443715.780,-1172296.950,357.650
-443715.660,-1172297.290,357.600
-443716.190,-1172297.050,357.660
-443715.780,-1172295.550,358.000
-443716.150,-1172295.380,358.010
-443715.910,-1172296.030,357.890
-443715.400,-1172297.400,357.880
-443714.890,-1172296.390,357.830
-443714.070,-1172298.610,357.330
-443715.320,-1172296.190,357.870
-443712.800,-1172296.690,357.770
-443713.590,-1172295.480,358.070
-443713.370,-1172296.080,357.940
-443713.900,-1172295.530,358.040
-443714.420,-1172295.290,358.170
-443714.660,-1172295.530,358.040
-443714.540,-1172295.850,357.950
-443714.430,-1172296.170,357.830
-443713.360,-1172299.060,357.330
-443698.320,-1172297.860,355.740
-443851.410,-1172302.140,349.260
-443851.660,-1172301.940,349.340
-443850.740,-1172303.280,349.020
-443851.600,-1172302.570,349.160
-443851.870,-1172302.350,349.230
-443852.140,-1172302.130,349.290
-443851.230,-1172303.270,348.990
-443852.610,-1172302.140,349.250
-443852.210,-1172302.910,349.080
-443850.830,-1172304.050,348.830
-443851.740,-1172303.810,348.870
-443852.020,-1172303.590,348.940
-443852.310,-1172303.350,348.970
-443852.580,-1172303.120,349.040
-443850.920,-1172304.490,348.700
-443852.440,-1172304.260,348.770
-443852.710,-1172304.040,348.830
-443853.000,-1172303.810,348.890
-443851.750,-1172305.330,348.510
-443852.580,-1172304.650,348.710
-443852.400,-1172305.290,348.560
-443852.660,-1172305.070,348.600
-443851.500,-1172306.880,348.190
-443852.030,-1172306.450,348.300
-443852.850,-1172305.770,348.440
-443852.350,-1172306.660,348.210
-443852.600,-1172306.450,348.280
-443852.760,-1172306.850,348.160
-443853.040,-1172306.620,348.230
-443825.240,-1172441.140,351.220
-443825.530,-1172440.900,351.260
-443823.910,-1172440.530,351.340
-443821.070,-1172441.160,351.230
-443821.840,-1172440.510,351.360
-443821.190,-1172440.710,351.340
-443820.820,-1172440.280,351.420
-443819.250,-1172440.940,351.430
-443818.070,-1172440.770,351.320
-443818.840,-1172440.130,351.450
-443817.610,-1172440.720,351.350
-443825.740,-1172433.060,351.570
-443815.640,-1172441.120,351.310
-443815.150,-1172440.490,351.440
-443814.240,-1172440.840,351.380
-443814.570,-1172440.190,351.500
-443810.920,-1172440.820,351.390
-443809.750,-1172440.850,351.410
-443818.060,-1172433.500,351.600
-443809.180,-1172440.300,351.510
-443808.410,-1172440.470,351.460
-443816.390,-1172433.500,351.600
-443816.200,-1172433.410,351.570
-443806.980,-1172440.620,351.450
-443815.730,-1172433.360,351.550
-443806.760,-1172440.430,351.470
-443804.220,-1172441.020,351.400
-443803.420,-1172441.060,351.410
-443835.240,-1172407.890,351.500
-443802.770,-1172433.900,351.610
-443801.240,-1172424.080,352.750
-443800.140,-1172424.100,352.740
-443800.660,-1172423.670,352.890
-443800.320,-1172423.620,352.920
-443800.600,-1172423.390,352.980
-443800.000,-1172423.420,353.020
-443800.260,-1172423.210,353.090
-443799.230,-1172423.600,352.950
-443799.740,-1172423.180,353.090
-443797.820,-1172424.320,352.650
-443798.030,-1172424.140,352.800
-443798.290,-1172423.940,352.870
-443798.550,-1172423.720,352.960
-443798.800,-1172423.520,353.020
-443799.330,-1172423.080,353.130
-443799.590,-1172422.870,353.230
-443798.200,-1172423.610,352.970
-443798.720,-1172423.180,353.110
-443799.230,-1172422.770,353.240
-443797.390,-1172424.280,352.760
-443797.640,-1172424.070,352.840
-443796.630,-1172424.370,352.690
-443796.850,-1172424.190,352.820
-443798.180,-1172423.100,353.140
-443798.420,-1172422.900,353.210
-443798.940,-1172422.480,353.370
-443796.570,-1172423.990,352.860
-443796.820,-1172423.780,352.930
-443797.080,-1172423.570,353.010
-443797.340,-1172423.360,353.060
-443797.590,-1172423.150,353.150
-443797.850,-1172422.940,353.180
-443798.110,-1172422.720,353.260
-443798.360,-1172422.520,353.310
-443798.630,-1172422.300,353.390
-443796.160,-1172423.930,352.910
-443797.200,-1172423.080,353.170
-443797.450,-1172422.870,353.260
-443797.700,-1172422.670,353.270
-443798.710,-1172421.840,353.550
-443795.250,-1172424.370,350.380
-443795.730,-1172423.980,352.890
-443795.980,-1172423.770,352.950
-443796.250,-1172423.550,353.030
-443797.300,-1172422.690,353.290
-443797.560,-1172422.470,353.370
-443798.600,-1172421.630,353.640
-443795.970,-1172423.310,353.130
-443796.240,-1172423.090,353.190
-443796.480,-1172422.890,353.250
-443797.790,-1172421.820,353.570
-443795.130,-1172423.610,353.020
-443795.370,-1172423.410,353.090
-443795.640,-1172423.200,353.160
-443796.430,-1172422.550,353.350
-443796.970,-1172422.100,353.490
-443797.720,-1172421.490,353.700
-443797.990,-1172421.270,353.780
-443796.720,-1172421.930,353.570
-443797.000,-1172421.700,353.630
-443795.270,-1172422.200,353.530
-443795.520,-1172422.000,353.580
-443796.280,-1172421.380,353.770
-443797.050,-1172420.750,353.990
-443797.310,-1172420.540,354.040
-443795.010,-1172422.910,353.250
-443795.780,-1172422.290,353.500
-443796.030,-1172422.080,353.550
-443796.280,-1172421.870,353.600
-443797.330,-1172421.020,353.860
-443796.610,-1172420.690,354.010
-443796.850,-1172420.480,354.070
-443797.110,-1172420.270,354.120
-443794.420,-1172423.810,352.980
-443793.990,-1172423.750,353.010
-443787.170,-1172423.980,347.310
-443734.230,-1172411.630,347.920
-443735.650,-1172411.540,347.980
-443734.670,-1172411.980,347.750
-443734.920,-1172411.780,347.930
-443734.330,-1172411.970,347.840
-443734.580,-1172411.760,347.900
-443736.340,-1172411.880,347.900
-443735.720,-1172411.910,347.850
-443735.980,-1172411.690,347.890
-443740.770,-1172411.480,347.940
-443753.290,-1172410.840,347.960
-443736.560,-1172437.490,347.580
-443770.120,-1172411.830,353.810
-443739.930,-1172437.290,347.590
-443740.170,-1172437.340,347.560
-443772.290,-1172411.100,354.090
-443772.630,-1172411.080,354.100
-443742.330,-1172436.770,354.500
-443742.670,-1172436.930,350.960
-443745.220,-1172436.840,350.980
-443745.830,-1172436.810,347.610
-443748.300,-1172436.640,350.980
-443748.250,-1172436.680,347.620
-443751.530,-1172436.630,350.960
-443753.960,-1172436.710,347.530
-443754.240,-1172436.480,350.970
-443753.820,-1172436.400,347.630
-443753.840,-1172436.380,351.010
-443754.650,-1172436.630,347.570
-443754.930,-1172436.400,347.590
-443754.690,-1172436.600,350.930
-443754.970,-1172436.370,350.980
-443756.700,-1172436.430,350.950
-443757.860,-1172436.390,347.590
-443759.370,-1172436.070,347.640
-443759.770,-1172436.210,347.630
-443759.530,-1172436.400,350.960
-443759.980,-1172436.350,347.580
-443759.510,-1172436.420,347.580
-443760.330,-1172436.460,347.490
-443760.590,-1172436.250,347.590
-443760.640,-1172436.210,350.970
-443762.460,-1172436.240,350.970
-443762.710,-1172436.030,351.000
-443765.700,-1172436.000,347.580
-443765.940,-1172435.800,347.660
-443769.350,-1172435.690,347.660
-443769.360,-1172436.010,347.550
-443769.600,-1172435.810,347.620
-443769.860,-1172435.600,347.660
-443769.880,-1172435.950,347.560
-443770.130,-1172435.740,347.600
-443833.080,-1172385.620,348.530
-443802.740,-1172379.300,348.330
-443808.180,-1172377.250,348.480
-443814.940,-1172375.220,348.350
-443832.210,-1172385.520,348.670
-443736.650,-1172390.960,349.130
-443764.530,-1172386.760,349.160
-443765.210,-1172386.620,349.150
-443758.780,-1172396.710,349.810
-443761.110,-1172404.860,349.440
-443761.390,-1172404.630,349.390
-443763.850,-1172404.610,349.360
-443765.380,-1172404.490,349.410
-443766.190,-1172404.580,349.290
-443710.690,-1172400.970,352.150
-443710.150,-1172400.910,352.120
-443709.480,-1172400.980,352.100
-443709.720,-1172400.790,352.220
-443708.520,-1172400.540,352.340
-443697.330,-1172346.090,353.120
-443699.500,-1172346.300,352.620
-443850.440,-1172306.910,348.170
-443849.100,-1172307.010,348.150
-443850.200,-1172306.110,348.400
-443848.530,-1172307.040,348.170
-443849.060,-1172306.600,348.290
-443849.350,-1172306.360,348.320
-443849.630,-1172306.130,348.360
-443849.890,-1172305.920,348.450
-443848.160,-1172306.760,348.260
-443849.000,-1172306.070,348.380
-443849.280,-1172305.840,348.410
-443848.350,-1172306.090,348.360
-443847.220,-1172307.010,348.140
-443846.490,-1172307.170,348.140
-443847.630,-1172306.230,348.370
-443848.160,-1172305.800,348.450
-443848.440,-1172305.570,348.520
-443848.810,-1172304.870,348.660
-443847.200,-1172305.610,348.500
-443849.450,-1172303.750,348.900
-443850.000,-1172303.300,349.000
-443850.570,-1172302.840,349.090
-443850.000,-1172302.750,349.120
-443850.270,-1172302.520,349.210
-443849.710,-1172302.990,349.070
-443846.330,-1172305.210,348.570
-443847.970,-1172303.860,348.890
-443848.790,-1172303.190,349.050
-443850.460,-1172301.810,349.370
-443846.650,-1172304.470,348.770
-443848.890,-1172302.630,349.180
-443849.160,-1172302.400,349.200
-443847.660,-1172302.960,349.080
-443847.950,-1172302.730,349.150
-443848.250,-1172302.480,349.190
-443848.500,-1172302.280,349.260
-443846.630,-1172303.230,349.020
-443847.430,-1172302.570,349.200
-443847.730,-1172302.330,349.220
-443846.510,-1172302.760,349.180
-443847.380,-1172302.050,349.290
-443846.810,-1172302.120,349.330
-443846.250,-1172301.990,349.350
-443811.700,-1172319.870,351.270
-443810.980,-1172319.890,351.360
-443811.370,-1172318.090,351.920
-443811.650,-1172317.860,351.960
-443811.000,-1172317.910,351.930
-443809.890,-1172318.310,351.870
-443806.720,-1172319.760,351.620
-443808.670,-1172318.150,351.940
-443806.010,-1172319.760,351.600
-443806.820,-1172319.090,351.760
-443808.170,-1172317.960,351.950
-443806.590,-1172318.250,352.010
-443806.840,-1172318.050,352.100
-443806.790,-1172317.480,352.280
-443805.320,-1172317.080,351.130
-443806.080,-1172315.760,354.470
-443788.700,-1172320.660,351.100
-443786.320,-1172291.720,355.450
-443787.340,-1172291.500,355.490
-443787.840,-1172291.650,355.440
-443789.710,-1172291.300,355.460
-443789.960,-1172291.080,355.520
-443788.130,-1172291.950,355.300
-443788.650,-1172291.520,355.420
-443788.900,-1172291.300,355.500
-443790.310,-1172291.390,355.410
-443790.570,-1172291.170,355.480
-443790.820,-1172290.960,355.530
-443790.820,-1172291.510,355.380
-443793.070,-1172290.800,355.530
-443791.610,-1172291.350,355.360
-443791.870,-1172291.130,355.450
-443793.960,-1172290.680,355.510
-443794.760,-1172291.090,355.320
-443795.030,-1172290.860,355.410
-443794.530,-1172290.770,355.470
-443794.780,-1172290.570,355.530
-443797.420,-1172291.010,350.570
-443797.720,-1172290.760,350.600
-443784.670,-1172321.070,353.660
-443719.620,-1172300.030,354.920
-443740.520,-1172297.400,354.580
-443758.890,-1172295.310,351.910
-443768.680,-1172294.010,351.820
-443768.940,-1172293.790,351.890
-443741.820,-1172326.100,351.220
-443744.710,-1172325.350,351.410
-443749.890,-1172323.660,354.680
-443758.180,-1172322.530,354.280
-443769.500,-1172322.590,354.710
-443770.530,-1172323.000,354.870
-443769.930,-1172322.740,355.030
-443770.770,-1172323.530,354.720
-443771.030,-1172323.300,354.790
-443771.850,-1172322.620,354.970
-443771.890,-1172323.300,354.790
-443772.140,-1172323.080,354.840
-443772.310,-1172323.530,354.740
-443772.560,-1172323.310,354.850
-443771.360,-1172323.740,354.680
-443783.510,-1172320.830,353.780
-443784.540,-1172320.590,353.750
-443708.860,-1172337.450,355.380
-443717.820,-1172300.340,354.860
-443716.920,-1172300.430,354.900
-443840.530,-1172432.400,360.690
-443840.800,-1172432.170,360.700
-443840.450,-1172432.470,366.300
-443849.630,-1172419.530,374.310
-443848.660,-1172419.840,374.150
-443847.950,-1172419.460,374.280
-443849.580,-1172415.370,374.210
-443847.870,-1172416.370,374.150
-443848.960,-1172415.450,374.170
-443840.250,-1172423.150,374.190
-443839.520,-1172422.880,374.290
-443843.090,-1172419.910,374.180
-443842.690,-1172419.810,374.200
-443846.200,-1172415.650,374.160
-443846.450,-1172415.440,374.270
-443839.530,-1172421.570,374.330
-443841.510,-1172419.920,374.190
-443846.710,-1172415.590,374.180
-443841.870,-1172418.940,377.370
-443841.620,-1172418.870,377.410
-443837.080,-1172421.830,374.230
-443838.420,-1172419.530,377.440
-443842.500,-1172415.350,377.580
-443838.900,-1172418.040,377.500
-443836.200,-1172419.800,377.490
-443847.060,-1172408.390,374.210
-443835.370,-1172418.090,377.590
-443834.860,-1172418.170,377.550
-443831.210,-1172420.520,378.610
-443833.730,-1172418.070,377.590
-443833.330,-1172418.050,377.610
-443844.590,-1172407.950,374.190
-443832.940,-1172418.070,377.620
-443831.740,-1172418.220,377.540
-443831.980,-1172418.020,377.620
-443829.770,-1172418.050,377.660
-443847.650,-1172400.020,374.200
-443848.170,-1172399.590,374.370
-443847.060,-1172400.110,374.160
-443841.860,-1172400.840,374.190
-443841.550,-1172400.760,374.190
-443842.370,-1172400.080,374.180
-443838.510,-1172400.380,374.160
-443837.210,-1172400.280,374.160
-443847.420,-1172386.220,374.330
-443843.320,-1172386.150,374.300
-443851.210,-1172379.690,373.400
-443851.410,-1172379.520,373.640
-443850.260,-1172380.040,373.840
-443841.020,-1172383.390,377.510
-443840.870,-1172383.080,377.490
-443837.600,-1172385.380,374.360
-443840.660,-1172382.510,380.740
-443836.470,-1172385.450,374.370
-443838.970,-1172378.390,377.610
-443847.310,-1172370.730,374.290
-443842.860,-1172374.750,374.220
-443834.420,-1172380.380,373.940
-443845.630,-1172370.790,374.290
-443840.720,-1172370.890,374.300
-443841.140,-1172370.540,374.750
-443839.890,-1172370.390,374.770
-443839.240,-1172370.440,374.780
-443835.580,-1172371.000,374.330
-443836.270,-1172370.430,374.760
-443769.350,-1172421.170,361.860
-443768.850,-1172420.990,361.870
-443767.300,-1172421.120,361.860
-443763.930,-1172421.560,361.790
-443762.410,-1172421.270,361.870
-443760.510,-1172421.430,361.890
-443759.730,-1172421.610,361.830
-443759.970,-1172421.420,361.910
-443759.650,-1172421.410,361.890
-443831.300,-1172362.230,370.620
-443836.290,-1172356.530,370.850
-443754.640,-1172422.130,361.720
-443830.480,-1172360.140,370.650
-443754.630,-1172421.640,361.890
-443753.390,-1172422.010,361.800
-443752.080,-1172421.890,361.840
-443830.360,-1172356.070,373.230
-443831.420,-1172355.210,370.600
-443749.670,-1172422.060,361.840
-443830.920,-1172355.070,370.640
-443748.930,-1172422.130,361.830
-443749.180,-1172421.920,361.860
-443748.640,-1172421.910,361.880
-443745.140,-1172422.270,361.840
-443745.400,-1172422.060,361.850
-443744.730,-1172422.120,361.870
-443743.160,-1172422.120,361.820
-443740.060,-1172422.600,361.780
-443739.520,-1172422.530,361.800
-443738.540,-1172422.370,361.850
-443737.590,-1172422.550,361.830
-443736.960,-1172422.460,361.840
-443735.580,-1172422.550,361.870
-443736.190,-1172422.570,361.850
-443734.620,-1172422.720,361.830
-443830.020,-1172341.850,370.690
-443829.910,-1172337.830,373.280
-443834.340,-1172330.950,370.730
-443834.960,-1172330.930,370.710
-443835.430,-1172330.560,371.090
-443836.210,-1172330.830,370.720
-443832.870,-1172331.050,370.730
-443830.230,-1172331.020,370.700
-443826.300,-1172330.700,371.170
-443824.830,-1172332.510,362.490
-443825.720,-1172331.780,362.480
-443827.600,-1172330.660,371.170
-443825.280,-1172309.340,356.190
-443817.420,-1172310.290,357.540
-443783.960,-1172321.070,356.660
-443784.510,-1172320.610,356.720
-443784.760,-1172320.400,356.800
-443783.230,-1172321.060,356.670
-443783.080,-1172320.510,356.810
-443767.270,-1172318.980,360.010
-443767.260,-1172315.910,361.830
-443767.820,-1172315.870,361.740
-443766.720,-1172315.930,361.860
-443794.230,-1172290.450,355.570
-443791.360,-1172290.500,355.670
-443791.630,-1172290.820,355.550
-443791.910,-1172290.590,355.640
-443789.720,-1172290.610,355.670
-443790.500,-1172290.630,355.660
-443790.770,-1172290.400,355.720
-443747.560,-1172325.610,356.990
-443750.220,-1172323.370,357.370
-443750.470,-1172323.160,357.420
-443787.370,-1172290.840,355.700
-443787.630,-1172290.620,355.770
-443787.900,-1172290.390,355.850
-443750.020,-1172322.970,357.460
-443787.600,-1172291.280,355.560
-443788.690,-1172290.360,355.810
-443745.130,-1172325.870,356.980
-443748.110,-1172323.360,357.400
-443749.160,-1172322.470,357.570
-443786.500,-1172290.960,355.650
-443786.740,-1172290.750,355.740
-443787.020,-1172290.520,355.800
-443750.870,-1172321.630,357.680
-443751.110,-1172321.430,357.730
-443744.410,-1172326.050,356.930
-443747.320,-1172323.600,357.400
-443747.600,-1172323.350,357.430
-443748.380,-1172322.690,357.550
-443749.510,-1172321.750,357.700
-443750.270,-1172321.100,357.810
-443744.790,-1172325.270,357.100
-443745.080,-1172325.030,357.150
-443746.130,-1172324.140,357.290
-443746.620,-1172323.170,357.500
-443742.050,-1172326.430,356.900
-443742.300,-1172326.210,356.990
-443742.570,-1172325.990,357.030
-443745.260,-1172323.720,357.400
-443746.070,-1172323.030,357.530
-443747.410,-1172321.900,357.710
-443741.860,-1172326.060,356.990
-443743.180,-1172324.940,357.210
-443743.440,-1172324.720,357.260
-443742.860,-1172324.630,357.260
-443744.680,-1172322.450,357.640
-443742.280,-1172323.820,357.430
-443743.860,-1172322.470,357.640
-443744.120,-1172322.260,357.690
-443744.920,-1172321.580,357.800
-443743.470,-1172322.370,357.720
-443743.730,-1172322.150,357.740
-443744.250,-1172321.710,357.810
-443737.570,-1172326.860,358.170
-443742.460,-1172322.730,357.650
-443742.710,-1172322.510,357.720
-443742.970,-1172322.290,357.740
-443742.820,-1172321.870,357.810
-443744.310,-1172317.000,361.070
-443752.640,-1172296.630,357.840
-443750.310,-1172297.000,357.780
-443750.810,-1172296.570,357.900
-443721.600,-1172320.890,359.920
-443748.860,-1172297.000,357.810
-443748.120,-1172297.040,357.900
-443752.440,-1172291.500,358.960
-443750.050,-1172293.070,358.520
-443748.030,-1172294.130,358.360
-443748.570,-1172293.680,358.430
-443748.930,-1172291.490,358.780
-443746.720,-1172292.680,358.650
-443747.120,-1172291.740,358.760
-443745.950,-1172292.150,358.790
-443744.370,-1172293.040,358.630
-443746.520,-1172291.200,358.890
-443745.310,-1172290.480,359.080
-443725.930,-1172296.240,357.710
-443724.220,-1172296.490,357.670
-443723.800,-1172296.420,357.770
-443712.090,-1172337.770,360.350
-443713.140,-1172337.530,360.430
-443713.390,-1172337.320,360.510
-443714.080,-1172337.360,360.440
-443714.670,-1172337.390,360.410
-443714.920,-1172337.180,360.450
-443716.740,-1172327.240,357.950
-443716.810,-1172326.180,360.520
-443719.990,-1172321.060,359.070
-443716.850,-1172324.310,360.850
-443712.160,-1172327.030,361.080
-443715.940,-1172323.220,360.940
-443711.420,-1172323.590,360.990
-443712.170,-1172323.510,360.960
-443712.050,-1172321.770,362.210
-443708.720,-1172325.210,360.700
-443712.740,-1172321.770,362.110
-443705.820,-1172326.520,360.830
-443707.200,-1172325.340,360.750
-443708.000,-1172324.660,360.870
-443708.520,-1172324.200,360.960
-443711.170,-1172321.940,362.130
-443708.640,-1172324.700,360.810
-443709.660,-1172323.820,361.010
-443706.990,-1172324.450,360.970
-443705.290,-1172326.530,360.880
-443706.980,-1172325.080,360.780
-443707.500,-1172324.630,360.890
-443707.760,-1172324.410,360.940
-443708.360,-1172322.160,362.270
-443715.630,-1172300.160,356.990
-443716.160,-1172299.700,357.120
-443716.340,-1172298.230,357.420
-443715.170,-1172299.950,357.080
-443715.880,-1172298.160,357.430
-443713.280,-1172299.660,357.200
-443713.540,-1172299.430,357.240
-443714.050,-1172298.990,357.310
-443713.040,-1172299.320,357.250
-443713.310,-1172299.090,357.310
-443714.110,-1172298.400,357.430
-443714.870,-1172297.740,357.530
-443714.900,-1172297.030,357.670
-443715.160,-1172296.810,357.730
-443715.410,-1172296.600,357.780
-443715.910,-1172296.160,357.890
-443716.190,-1172295.920,357.930
-443715.050,-1172296.450,357.790
-443715.290,-1172296.240,357.890
-443713.100,-1172296.950,357.750
-443714.190,-1172296.010,357.920
-443714.460,-1172295.780,357.980
-443712.810,-1172296.640,357.820
-443713.860,-1172295.740,358.010
-443714.370,-1172295.290,358.200
-443713.750,-1172295.440,358.130
