-443697.440,-1172327.740,360.460
-443696.900,-1172324.630,361.220
-443699.210,-1172319.970,360.900
-443697.510,-1172324.140,360.960
-443699.180,-1172320.730,360.870
-443699.900,-1172320.100,360.760
-443698.750,-1172322.940,360.650
-443697.920,-1172320.100,361.500
-443697.090,-1172322.160,361.560
-443698.730,-1172318.600,361.420
-443697.010,-1172320.700,361.820
-443696.650,-1172322.360,361.810
-443770.030,-1172416.540,354.030
-443834.450,-1172317.750,349.690
-443755.750,-1172334.830,354.640
-443755.790,-1172334.540,354.620
-443755.420,-1172329.970,354.540
-443851.650,-1172407.300,357.770
-443849.100,-1172407.120,374.200
-443847.360,-1172407.710,374.360
-443850.800,-1172383.840,374.020
-443850.230,-1172383.050,374.570
-443841.900,-1172383.170,377.420
-443843.570,-1172374.150,374.650
-443834.820,-1172371.530,374.710
-443734.160,-1172426.300,361.700
-443746.590,-1172316.970,360.780
-443743.770,-1172293.220,358.620
-443741.410,-1172293.530,358.260
-443716.080,-1172331.690,360.710
-443696.690,-1172326.670,360.920
-443696.950,-1172326.790,360.880
-443696.970,-1172327.870,360.720
-443698.370,-1172323.360,360.740
-443697.380,-1172324.690,360.980
-443697.610,-1172324.470,360.900
-443698.130,-1172323.990,360.780
-443698.800,-1172322.460,360.740
-443696.920,-1172321.670,361.640
-443698.410,-1172320.290,361.170
-443696.690,-1172322.380,361.640
-443697.720,-1172321.440,361.350
-443698.240,-1172319.360,361.450
-443698.720,-1172318.920,361.250
-443700.690,-1172317.580,360.530
-443696.790,-1172320.110,361.980
-443799.690,-1172420.570,353.390
-443769.710,-1172413.270,354.030
-443770.090,-1172416.370,354.070
-443795.030,-1172379.390,351.920
-443797.510,-1172382.280,350.670
-443849.020,-1172407.210,374.390
-443851.130,-1172378.790,373.510
-443841.810,-1172383.090,377.440
-443820.170,-1172310.320,357.110
-443790.550,-1172315.590,359.850
-443721.880,-1172292.920,357.640
-443697.550,-1172326.060,360.660
-443699.670,-1172318.920,360.830
-443698.420,-1172322.810,360.720
-443698.670,-1172323.020,360.650
-443699.110,-1172319.110,361.040
-443698.470,-1172320.830,361.130
-443699.520,-1172318.660,360.940
-443699.030,-1172319.980,360.950
-443697.370,-1172324.450,361.080
-443699.920,-1172318.250,360.840
-443698.100,-1172320.920,361.180
-443697.230,-1172323.270,361.240
-443697.110,-1172323.610,361.200
-443697.570,-1172319.640,361.680
-443697.170,-1172320.700,361.740
-443696.930,-1172321.360,361.680
-443697.750,-1172320.230,361.550
-443696.740,-1172320.530,361.910
-443835.050,-1172407.690,354.240
-443784.870,-1172419.590,350.290
-443796.000,-1172390.370,351.950
-443834.150,-1172372.820,348.580
-443807.820,-1172319.530,351.620
-443835.940,-1172427.660,359.900
-443849.150,-1172407.120,374.210
-443831.740,-1172420.760,377.820
-443835.050,-1172380.720,374.720
-443793.770,-1172318.860,358.060
-443791.180,-1172316.160,359.440
-443741.620,-1172293.650,358.150
-443696.840,-1172327.080,360.900
-443697.590,-1172325.200,360.790
-443698.450,-1172322.960,360.790
-443698.760,-1172322.690,360.670
-443698.760,-1172320.390,360.990
-443699.440,-1172320.280,360.760
-443697.530,-1172322.570,361.240
-443700.250,-1172317.790,360.780
-443697.310,-1172320.890,361.640
-443697.220,-1172319.760,361.830
-443701.350,-1172298.390,358.230
