-443734.490,-1172292.320,359.900
-443714.850,-1172295.160,358.360
-443712.480,-1172321.730,362.220
-443713.940,-1172326.720,361.160
-443732.790,-1172319.980,362.120
-443707.900,-1172323.980,361.080
-443707.410,-1172325.160,360.800
-443706.590,-1172324.270,361.090
-443707.740,-1172322.280,362.210
-443706.970,-1172324.140,361.030
-443706.660,-1172324.920,360.810
-443706.710,-1172325.140,360.750
-443715.750,-1172295.250,358.250
-443851.130,-1172302.620,349.130
-443851.410,-1172302.370,349.180
-443851.670,-1172302.130,349.230
-443851.400,-1172302.800,349.060
-443852.550,-1172302.160,349.230
-443853.090,-1172302.930,349.030
-443851.570,-1172303.960,348.810
-443853.110,-1172303.260,348.940
-443851.120,-1172305.590,348.480
-443851.390,-1172305.360,348.490
-443851.920,-1172304.870,348.600
-443851.410,-1172306.380,348.270
-443852.210,-1172306.190,348.310
-443852.090,-1172306.920,348.180
-443852.990,-1172306.710,348.180
-443851.430,-1172426.950,351.430
-443825.250,-1172440.960,351.210
-443823.600,-1172441.060,351.210
-443823.680,-1172440.670,351.250
-443821.290,-1172440.950,351.220
-443820.240,-1172441.060,351.250
-443820.640,-1172440.160,351.390
-443825.340,-1172433.190,351.470
-443815.160,-1172440.590,351.380
-443823.270,-1172433.430,351.560
-443813.940,-1172440.250,351.460
-443817.670,-1172433.510,351.480
-443809.860,-1172440.850,351.390
-443808.890,-1172440.870,351.380
-443809.190,-1172440.600,351.400
-443801.330,-1172423.810,352.860
-443800.660,-1172423.170,353.080
-443800.480,-1172423.010,353.140
-443798.120,-1172423.920,352.800
-443798.370,-1172423.300,353.050
-443797.340,-1172423.770,352.910
-443799.070,-1172421.780,353.530
-443795.980,-1172424.220,352.730
-443796.640,-1172423.630,352.940
-443795.610,-1172424.150,352.830
-443796.880,-1172423.010,353.190
-443797.170,-1172422.750,353.250
-443797.840,-1172422.160,353.470
-443795.070,-1172424.100,352.810
-443796.960,-1172422.420,353.320
-443798.240,-1172421.270,353.740
-443797.720,-1172420.720,353.960
-443797.050,-1172420.290,354.060
-443795.070,-1172422.640,353.340
-443796.670,-1172421.210,353.800
-443794.700,-1172423.880,352.870
-443793.580,-1172424.420,352.730
-443769.840,-1172411.550,354.030
-443754.560,-1172404.860,349.620
-443761.270,-1172404.900,349.320
-443761.800,-1172404.720,349.420
-443763.350,-1172404.630,349.370
-443764.990,-1172404.530,349.430
-443708.820,-1172395.910,348.910
-443696.820,-1172346.190,353.080
-443849.710,-1172306.880,348.190
-443850.260,-1172305.500,348.470
-443850.540,-1172305.250,348.490
-443850.450,-1172304.980,348.600
-443849.150,-1172305.730,348.430
-443848.350,-1172305.580,348.440
-443848.640,-1172305.320,348.520
-443849.470,-1172304.560,348.670
-443846.900,-1172306.460,348.270
-443848.860,-1172304.680,348.670
-443850.290,-1172303.380,348.940
-443849.120,-1172303.870,348.820
-443847.430,-1172305.410,348.490
-443847.710,-1172305.150,348.550
-443848.000,-1172304.330,348.750
-443848.890,-1172303.520,348.940
-443849.180,-1172303.260,349.010
-443849.460,-1172303.000,349.040
-443850.570,-1172301.990,349.280
-443846.670,-1172305.160,348.560
-443847.790,-1172304.150,348.790
-443848.920,-1172303.120,349.040
-443846.960,-1172304.550,348.700
-443848.070,-1172303.550,348.930
-443849.190,-1172302.540,349.170
-443846.430,-1172304.540,348.690
-443848.400,-1172302.750,349.080
-443848.670,-1172302.500,349.150
-443849.210,-1172302.010,349.260
-443847.450,-1172303.090,349.030
-443846.470,-1172303.460,348.940
-443847.850,-1172302.200,349.200
-443846.390,-1172303.030,349.090
-443847.250,-1172302.240,349.230
-443810.380,-1172319.790,351.400
-443809.010,-1172320.200,351.300
-443808.860,-1172319.910,351.420
-443807.970,-1172320.210,351.240
-443809.760,-1172317.970,351.930
-443806.770,-1172318.480,351.910
-443805.790,-1172318.580,351.930
-443806.830,-1172315.740,354.270
-443813.510,-1172304.990,352.610
-443795.390,-1172291.430,355.200
-443795.100,-1172290.770,355.410
-443795.190,-1172291.030,355.320
-443794.110,-1172291.160,355.310
-443794.400,-1172290.890,355.360
-443794.270,-1172290.780,355.450
-443793.000,-1172291.380,355.310
-443793.290,-1172291.120,355.370
-443793.580,-1172290.860,355.430
-443792.650,-1172291.440,355.300
-443792.950,-1172291.170,355.370
-443792.310,-1172291.300,355.330
-443792.850,-1172290.810,355.450
-443792.130,-1172291.220,355.380
-443792.420,-1172290.960,355.470
-443790.050,-1172291.290,355.440
-443788.670,-1172291.250,355.490
-443786.910,-1172292.030,355.300
-443787.210,-1172291.760,355.370
-443786.140,-1172291.750,355.430
-443786.280,-1172292.020,355.320
-443786.560,-1172291.760,355.390
-443771.650,-1172323.840,354.560
-443770.340,-1172323.860,354.600
-443771.240,-1172323.050,354.850
-443771.520,-1172322.780,354.880
-443771.410,-1172323.420,354.740
-443771.660,-1172323.190,354.740
-443771.990,-1172322.890,354.890
-443770.120,-1172323.460,354.760
-443780.550,-1172307.640,353.730
-443763.850,-1172321.950,354.940
-443717.450,-1172300.440,354.850
-443851.660,-1172431.750,373.820
-443851.670,-1172431.990,373.830
-443848.630,-1172415.680,374.130
-443848.770,-1172415.350,374.240
-443840.240,-1172423.090,374.200
-443839.190,-1172422.910,374.290
-443842.910,-1172419.100,377.440
-443846.850,-1172415.630,374.120
-443840.390,-1172421.010,377.300
-443841.800,-1172419.770,377.370
-443846.330,-1172415.760,374.080
-443842.850,-1172415.670,377.450
-443837.380,-1172419.570,377.480
-443839.040,-1172418.110,377.500
-443836.520,-1172419.780,377.450
-443841.260,-1172415.590,377.450
-443840.930,-1172415.500,377.530
-443835.320,-1172419.780,377.480
-443847.090,-1172408.160,374.250
-443847.570,-1172407.520,374.160
-443834.960,-1172418.230,377.460
-443846.100,-1172407.970,374.220
-443846.420,-1172407.690,374.350
-443831.990,-1172420.000,377.520
-443831.680,-1172419.950,377.620
-443833.610,-1172418.250,377.530
-443849.320,-1172400.020,374.150
-443847.070,-1172400.060,374.090
-443845.700,-1172400.040,374.170
-443842.890,-1172399.710,374.350
-443836.950,-1172400.350,374.160
-443851.050,-1172383.620,373.960
-443839.710,-1172385.120,377.470
-443840.880,-1172378.020,374.690
-443845.890,-1172370.230,374.580
-443839.870,-1172370.580,374.710
-443835.800,-1172371.060,374.330
-443836.220,-1172367.230,371.120
-443767.330,-1172421.350,361.770
-443763.420,-1172421.430,361.620
-443759.440,-1172421.890,361.750
-443831.560,-1172354.970,370.660
-443754.870,-1172422.000,361.740
-443755.130,-1172421.760,361.700
-443751.880,-1172422.170,361.710
-443746.460,-1172422.170,361.780
-443745.820,-1172422.410,361.720
-443744.140,-1172422.390,361.780
-443738.700,-1172422.540,361.750
-443737.780,-1172422.690,361.750
-443833.430,-1172330.510,371.130
-443832.870,-1172330.510,371.130
-443831.290,-1172330.520,371.140
-443828.670,-1172330.970,370.780
-443829.040,-1172330.640,371.120
-443840.620,-1172307.660,356.060
-443834.900,-1172306.480,357.440
-443833.610,-1172306.610,357.430
-443827.120,-1172309.130,356.080
-443819.160,-1172310.040,357.500
-443812.340,-1172309.880,358.250
-443806.660,-1172311.220,357.810
-443807.170,-1172309.780,358.870
-443792.700,-1172318.300,358.660
-443793.770,-1172313.200,361.000
-443784.220,-1172320.480,356.770
-443782.940,-1172320.820,356.740
-443782.270,-1172320.840,356.740
-443786.730,-1172313.790,361.160
-443767.450,-1172319.000,359.910
-443768.020,-1172319.070,359.960
-443769.800,-1172315.530,361.740
-443794.980,-1172290.370,355.540
-443793.870,-1172290.590,355.500
-443793.520,-1172290.660,355.490
-443792.200,-1172290.440,355.620
-443791.220,-1172290.860,355.520
-443790.870,-1172290.540,355.640
-443790.170,-1172290.840,355.570
-443788.190,-1172291.180,355.510
-443788.480,-1172290.920,355.570
-443789.050,-1172290.390,355.750
-443789.230,-1172290.740,355.660
-443788.080,-1172290.960,355.610
-443786.700,-1172291.240,355.550
-443786.980,-1172290.980,355.610
-443749.640,-1172325.480,356.950
-443786.090,-1172290.920,355.660
-443786.140,-1172291.200,355.580
-443786.690,-1172290.690,355.730
-443747.210,-1172325.750,356.950
-443747.490,-1172325.500,357.000
-443785.890,-1172290.410,355.870
-443747.380,-1172325.860,356.940
-443786.080,-1172290.500,355.820
-443748.450,-1172324.030,357.110
-443748.750,-1172323.760,357.230
-443749.940,-1172322.670,357.490
-443747.150,-1172325.450,357.020
-443747.750,-1172324.910,357.120
-443749.750,-1172323.080,357.380
-443747.460,-1172323.430,357.370
-443748.300,-1172323.150,357.400
-443748.590,-1172322.890,357.420
-443748.900,-1172322.600,357.510
-443749.180,-1172322.350,357.540
-443749.450,-1172322.100,357.570
-443747.150,-1172323.430,357.370
-443743.850,-1172325.930,356.970
-443745.550,-1172324.370,357.260
-443745.870,-1172324.080,357.290
-443745.790,-1172323.230,357.450
-443746.070,-1172322.970,357.480
-443746.930,-1172322.190,357.620
-443747.230,-1172321.910,357.660
-443747.500,-1172321.670,357.710
-443747.800,-1172321.390,357.760
-443742.410,-1172325.950,357.000
-443742.680,-1172325.700,357.040
-443741.910,-1172325.770,357.070
-443745.450,-1172321.580,357.770
-443742.030,-1172324.380,357.290
-443744.440,-1172321.640,357.760
-443743.090,-1172322.540,357.600
-443743.370,-1172322.290,357.650
-443743.560,-1172321.760,357.740
-443737.770,-1172326.770,358.200
-443744.880,-1172320.270,358.980
-443742.090,-1172321.880,357.770
-443745.820,-1172316.840,361.020
-443744.210,-1172317.140,360.980
-443734.860,-1172321.550,360.820
-443737.160,-1172319.440,361.990
-443752.210,-1172296.680,357.770
-443750.400,-1172296.910,357.760
-443749.270,-1172297.020,357.800
-443748.390,-1172297.000,357.890
-443748.650,-1172296.760,357.900
-443749.780,-1172295.720,358.000
-443747.680,-1172297.180,357.800
-443747.580,-1172296.940,357.900
-443750.390,-1172294.360,358.210
-443749.450,-1172294.770,358.210
-443746.160,-1172297.300,357.820
-443746.460,-1172297.030,357.890
-443747.540,-1172296.040,357.990
-443749.770,-1172293.980,358.310
-443750.070,-1172293.710,358.330
-443745.330,-1172297.450,357.810
-443751.500,-1172291.330,358.690
-443744.870,-1172296.930,357.940
-443747.980,-1172294.070,358.340
-443749.320,-1172292.360,358.580
-443751.020,-1172290.790,358.810
-443746.200,-1172295.230,358.150
-443746.490,-1172294.960,358.220
-443746.000,-1172293.990,358.370
-443747.100,-1172292.980,358.560
-443745.340,-1172294.090,358.370
-443747.590,-1172292.020,358.670
-443747.860,-1172291.770,358.710
-443747.670,-1172291.380,358.830
-443746.090,-1172292.460,358.630
-443747.240,-1172291.390,358.900
-443745.020,-1172293.010,358.580
-443746.150,-1172291.980,358.740
-443744.320,-1172292.710,358.670
-443744.640,-1172292.040,358.750
-443744.910,-1172291.370,358.900
-443736.270,-1172292.160,359.700
-443728.140,-1172295.900,357.700
-443725.990,-1172296.230,357.680
-443725.610,-1172294.110,357.930
-443712.520,-1172338.500,360.110
-443712.810,-1172338.230,360.180
-443713.710,-1172337.400,360.380
-443713.830,-1172338.370,360.100
-443715.060,-1172337.240,360.420
-443714.300,-1172338.350,360.100
-443714.560,-1172338.110,360.090
-443714.730,-1172338.300,360.100
-443712.620,-1172337.260,360.520
-443712.540,-1172337.740,360.390
-443712.840,-1172337.450,360.440
-443712.910,-1172337.730,360.340
-443713.520,-1172337.170,360.480
-443719.800,-1172320.940,359.070
-443711.880,-1172327.290,360.930
-443712.210,-1172326.990,361.050
-443712.680,-1172327.060,360.950
-443715.040,-1172323.370,360.870
-443714.020,-1172323.440,360.900
-443710.650,-1172323.730,360.950
-443708.650,-1172326.080,360.960
-443711.380,-1172323.570,360.920
-443708.060,-1172325.320,360.690
-443708.330,-1172325.070,360.690
-443708.630,-1172324.790,360.740
-443709.250,-1172324.220,360.900
-443709.560,-1172323.940,360.960
-443708.660,-1172325.190,360.630
-443708.940,-1172324.930,360.680
-443709.220,-1172324.670,360.740
-443712.440,-1172321.710,362.140
-443707.410,-1172325.430,360.620
-443708.000,-1172324.880,360.730
-443708.290,-1172324.610,360.800
-443708.590,-1172324.330,360.850
-443708.900,-1172324.050,360.930
-443707.060,-1172326.240,361.020
-443706.680,-1172325.170,360.700
-443706.970,-1172324.900,360.770
-443707.280,-1172324.620,360.850
-443707.580,-1172324.340,360.900
-443707.880,-1172324.060,360.970
-443705.580,-1172326.540,360.780
-443707.810,-1172324.490,360.850
-443708.100,-1172324.220,360.910
-443710.680,-1172321.840,362.110
-443706.630,-1172324.320,360.970
-443706.670,-1172324.720,360.890
-443707.270,-1172324.160,361.000
-443706.310,-1172324.070,361.090
-443716.180,-1172299.840,357.040
-443716.760,-1172299.290,357.120
-443716.270,-1172300.140,357.000
-443716.580,-1172298.520,357.290
-443716.620,-1172298.030,357.460
-443714.830,-1172297.730,357.500
-443713.670,-1172299.230,357.180
-443713.950,-1172298.970,357.220
-443715.670,-1172296.440,357.740
-443716.250,-1172295.910,357.880
-443715.600,-1172295.960,357.920
-443713.660,-1172296.830,357.740
-443713.800,-1172297.160,357.610
-443715.530,-1172295.550,358.000
-443715.820,-1172295.290,358.040
-443712.930,-1172296.970,357.700
-443713.230,-1172296.700,357.740
-443714.690,-1172295.350,358.060
-443713.080,-1172297.360,357.670
-443713.360,-1172297.100,357.690
-443712.970,-1172296.370,357.840
-443712.910,-1172296.000,357.930
-443713.210,-1172295.720,357.980
-443702.130,-1172295.800,358.590
-443698.040,-1172294.310,358.660
-443851.420,-1172302.320,349.220
-443851.300,-1172302.640,349.150
-443851.470,-1172302.980,349.020
-443852.590,-1172303.220,349.030
-443851.790,-1172303.890,348.830
-443851.570,-1172305.910,348.460
-443851.510,-1172306.040,346.080
-443852.960,-1172302.990,349.060
-443852.580,-1172303.980,348.830
-443851.510,-1172306.760,345.960
-443852.250,-1172306.200,348.350
-443852.510,-1172306.180,348.290
-443852.130,-1172306.530,348.270
-443853.200,-1172306.550,348.200
-443825.360,-1172440.810,351.250
-443824.140,-1172439.900,351.410
-443826.670,-1172432.820,351.690
-443823.880,-1172440.120,351.410
-443823.630,-1172440.770,351.290
-443823.510,-1172441.080,351.230
-443825.320,-1172432.940,351.650
-443821.400,-1172440.950,351.240
-443823.280,-1172433.420,351.490
-443820.730,-1172440.100,351.400
-443820.610,-1172440.410,351.330
-443820.370,-1172441.040,351.250
-443820.180,-1172440.980,351.290
-443821.580,-1172433.160,351.580
-443821.380,-1172433.110,351.660
-443815.930,-1172433.290,351.630
-443815.130,-1172433.580,351.580
-443813.810,-1172433.410,351.550
-443810.080,-1172440.770,351.370
-443810.110,-1172434.000,350.620
-443804.810,-1172440.480,351.470
-443805.540,-1172433.680,351.620
-443803.030,-1172433.600,351.720
-443795.870,-1172421.640,353.650
-443795.750,-1172421.960,353.570
-443795.400,-1172422.890,353.240
-443796.670,-1172421.100,353.860
-443796.430,-1172421.720,353.650
-443796.320,-1172422.020,353.580
-443796.200,-1172422.340,353.450
-443795.400,-1172424.400,350.360
-443796.460,-1172423.890,352.880
-443796.810,-1172421.270,353.770
-443796.460,-1172422.190,353.450
-443797.620,-1172421.600,353.640
-443797.160,-1172422.050,353.510
-443796.930,-1172422.660,353.340
-443798.550,-1172421.350,353.710
-443797.980,-1172422.850,353.210
-443797.630,-1172423.770,352.890
-443798.330,-1172421.330,353.750
-443797.510,-1172423.480,353.010
-443798.400,-1172423.390,353.020
-443798.170,-1172423.990,352.820
-443798.070,-1172424.270,352.670
-443799.160,-1172421.980,353.500
-443799.560,-1172422.270,353.410
-443799.220,-1172423.170,353.100
-443799.120,-1172423.450,352.990
-443799.740,-1172422.370,353.320
-443800.250,-1172422.850,353.200
-443736.420,-1172411.530,347.900
-443737.180,-1172411.470,347.890
-443737.030,-1172411.310,347.940
-443736.920,-1172411.610,347.890
-443740.210,-1172411.240,347.950
-443739.780,-1172411.010,348.000
-443743.010,-1172411.280,347.910
-443743.130,-1172410.950,347.970
-443744.600,-1172410.710,348.050
-443735.560,-1172437.680,347.180
-443741.850,-1172436.810,351.030
-443742.530,-1172437.110,347.550
-443742.740,-1172437.240,347.510
-443745.330,-1172436.750,350.990
-443752.920,-1172437.810,346.930
-443752.800,-1172438.130,346.940
-443753.330,-1172436.240,351.060
-443759.370,-1172436.090,351.040
-443760.020,-1172435.810,351.130
-443760.240,-1172435.890,351.040
-443760.110,-1172436.210,347.590
-443770.130,-1172411.160,354.060
-443770.010,-1172411.480,354.010
-443762.230,-1172435.650,351.080
-443762.110,-1172435.960,350.960
-443772.370,-1172411.040,354.120
-443763.080,-1172435.870,351.040
-443772.870,-1172410.950,354.140
-443775.210,-1172411.460,353.580
-443793.830,-1172424.400,352.740
-443795.070,-1172422.890,353.280
-443794.960,-1172423.200,353.160
-443794.490,-1172424.400,350.380
-443793.960,-1172424.010,350.350
-443816.910,-1172375.110,348.400
-443743.370,-1172397.090,350.650
-443746.630,-1172397.010,350.540
-443747.980,-1172396.890,350.600
-443754.670,-1172405.030,349.340
-443765.070,-1172386.660,349.200
-443764.990,-1172386.850,348.780
-443762.540,-1172396.190,349.870
-443761.670,-1172404.730,349.360
-443766.110,-1172396.110,349.860
-443767.630,-1172395.790,349.910
-443767.880,-1172395.860,349.930
-443767.760,-1172396.170,349.830
-443765.070,-1172404.640,349.330
-443765.360,-1172404.380,349.400
-443767.740,-1172404.370,349.380
-443709.110,-1172400.850,352.170
-443709.000,-1172401.150,352.090
-443708.460,-1172400.650,352.260
-443708.350,-1172400.950,352.170
-443708.260,-1172400.650,352.280
-443708.150,-1172400.970,352.200
-443707.830,-1172400.620,352.290
-443698.790,-1172345.810,353.050
-443697.510,-1172346.480,352.650
-443696.860,-1172346.190,353.100
-443850.810,-1172306.430,346.170
-443851.320,-1172306.550,348.290
-443851.360,-1172306.440,346.170
-443851.250,-1172306.720,346.020
-443850.950,-1172304.330,348.750
-443850.830,-1172304.660,348.690
-443850.590,-1172305.300,348.530
-443851.060,-1172303.280,349.010
-443850.300,-1172305.270,348.630
-443849.930,-1172306.230,348.330
-443848.370,-1172306.260,348.290
-443850.700,-1172301.730,349.370
-443850.570,-1172302.070,349.290
-443850.450,-1172302.400,349.240
-443849.570,-1172304.690,348.660
-443849.320,-1172305.350,348.490
-443849.080,-1172305.990,348.410
-443849.300,-1172302.920,349.060
-443849.170,-1172303.260,349.000
-443849.050,-1172303.590,348.920
-443848.930,-1172303.900,348.830
-443848.180,-1172305.870,348.390
-443849.640,-1172302.950,349.020
-443849.260,-1172303.930,348.800
-443848.470,-1172302.570,349.200
-443848.100,-1172303.550,348.930
-443847.840,-1172304.220,348.780
-443847.330,-1172305.570,348.530
-443847.070,-1172306.240,348.380
-443846.950,-1172306.570,348.320
-443848.900,-1172302.120,349.290
-443848.280,-1172303.750,348.880
-443847.760,-1172305.120,348.590
-443847.280,-1172306.390,348.290
-443847.840,-1172302.050,349.370
-443847.720,-1172302.360,349.300
-443847.480,-1172302.980,349.030
-443847.350,-1172303.340,349.000
-443847.110,-1172303.950,348.830
-443846.860,-1172304.610,348.750
-443846.740,-1172304.940,348.670
-443847.130,-1172302.300,349.210
-443847.010,-1172302.620,349.150
-443846.380,-1172304.280,348.770
-443847.050,-1172301.990,349.370
-443846.910,-1172302.340,349.270
-443846.560,-1172303.270,349.030
-443846.420,-1172303.630,348.980
-443787.850,-1172291.230,355.590
-443793.440,-1172290.710,355.550
-443794.340,-1172290.680,355.480
-443795.960,-1172290.650,354.990
-443797.490,-1172331.470,351.130
-443804.280,-1172317.280,351.190
-443805.410,-1172317.610,352.160
-443806.030,-1172317.660,352.190
-443805.910,-1172317.990,352.140
-443805.800,-1172318.280,352.020
-443805.670,-1172318.620,351.940
-443806.150,-1172318.110,352.010
-443806.020,-1172318.450,351.960
-443805.890,-1172318.790,351.870
-443805.770,-1172319.120,351.780
-443805.660,-1172319.420,351.650
-443807.100,-1172317.340,352.200
-443806.970,-1172317.690,352.180
-443807.260,-1172317.660,352.070
-443806.890,-1172318.660,351.860
-443807.660,-1172317.890,352.070
-443807.790,-1172318.210,351.870
-443807.660,-1172318.560,351.880
-443808.660,-1172317.750,352.110
-443808.510,-1172318.160,351.330
-443808.910,-1172318.100,351.990
-443808.200,-1172320.000,351.380
-443808.080,-1172320.340,351.290
-443808.750,-1172320.010,351.400
-443809.710,-1172317.930,351.970
-443809.780,-1172317.730,351.440
-443809.660,-1172318.040,351.360
-443809.420,-1172318.210,351.340
-443810.020,-1172318.480,351.860
-443810.990,-1172317.860,351.330
-443811.310,-1172317.760,351.290
-443744.000,-1172325.850,351.310
-443746.350,-1172325.560,351.010
-443758.420,-1172295.020,355.470
-443758.300,-1172295.340,355.370
-443749.600,-1172323.730,354.710
-443749.140,-1172324.960,351.310
-443749.020,-1172325.260,351.150
-443749.400,-1172324.990,351.120
-443749.280,-1172325.310,351.030
-443763.760,-1172294.190,352.030
-443763.970,-1172294.140,351.930
-443760.020,-1172322.190,350.720
-443769.680,-1172322.610,355.060
-443770.490,-1172322.680,354.990
-443770.370,-1172323.020,354.910
-443770.250,-1172323.320,354.840
-443770.130,-1172323.660,354.760
-443770.580,-1172323.220,354.770
-443770.440,-1172323.580,354.710
-443770.330,-1172323.900,354.650
-443770.210,-1172324.220,354.560
-443771.460,-1172322.350,355.050
-443771.340,-1172322.690,355.000
-443771.220,-1172323.000,354.900
-443771.600,-1172322.460,354.990
-443771.480,-1172322.770,354.890
-443771.370,-1172323.070,354.830
-443771.670,-1172323.810,354.660
-443772.480,-1172322.270,355.030
-443783.390,-1172321.010,353.710
-443783.280,-1172321.290,353.570
-443783.010,-1172321.300,353.610
-443784.270,-1172320.620,353.760
-443784.160,-1172320.920,353.720
-443719.960,-1172342.520,352.970
-443850.030,-1172432.010,374.140
-443850.640,-1172419.210,374.730
-443847.840,-1172419.760,374.140
-443847.830,-1172419.430,374.280
-443847.720,-1172419.710,374.190
-443848.600,-1172415.460,374.250
-443840.250,-1172432.090,366.340
-443848.930,-1172409.540,374.370
-443840.190,-1172431.920,366.410
-443840.080,-1172432.220,366.320
-443845.310,-1172415.410,374.160
-443845.180,-1172415.740,374.130
-443842.800,-1172419.940,374.160
-443841.890,-1172422.300,374.220
-443842.860,-1172419.010,377.460
-443841.890,-1172419.790,377.300
-443846.180,-1172407.940,374.230
-443842.730,-1172415.560,377.530
-443841.070,-1172419.860,374.210
-443839.800,-1172423.160,374.190
-443839.520,-1172423.150,374.210
-443840.780,-1172419.870,377.400
-443847.450,-1172399.650,374.350
-443841.370,-1172415.540,377.470
-443839.360,-1172419.100,377.530
-443839.320,-1172418.310,377.440
-443837.320,-1172421.870,374.230
-443839.750,-1172415.580,377.460
-443838.060,-1172419.530,377.470
-443837.160,-1172421.840,374.270
-443845.170,-1172399.690,374.350
-443837.560,-1172419.570,377.480
-443841.800,-1172407.780,374.800
-443836.610,-1172419.640,377.420
-443850.760,-1172379.760,373.360
-443844.220,-1172393.390,374.270
-443833.440,-1172419.970,377.500
-443844.080,-1172393.420,374.330
-443839.540,-1172399.880,374.380
-443831.680,-1172419.970,377.620
-443850.710,-1172370.210,373.440
-443831.730,-1172418.080,377.640
-443830.740,-1172420.670,378.560
-443843.400,-1172378.890,374.230
-443846.350,-1172370.400,374.630
-443841.540,-1172383.020,377.490
-443845.820,-1172370.010,374.790
-443845.710,-1172370.300,374.700
-443845.590,-1172370.000,374.840
-443843.210,-1172374.690,374.250
-443838.760,-1172385.380,374.370
-443839.060,-1172378.200,377.740
-443838.950,-1172378.490,377.600
-443834.990,-1172382.370,377.600
-443839.970,-1172366.620,370.360
-443836.170,-1172367.330,370.970
-443836.530,-1172356.580,370.820
-443831.490,-1172361.690,370.820
-443831.520,-1172355.720,373.330
-443829.390,-1172355.610,373.410
-443829.270,-1172355.930,373.290
-443830.340,-1172337.750,373.330
-443769.170,-1172420.940,361.930
-443769.060,-1172421.250,361.780
-443768.370,-1172421.070,361.890
-443765.820,-1172421.080,361.890
-443765.610,-1172420.980,361.960
-443765.500,-1172421.270,361.840
-443764.140,-1172421.070,361.880
-443764.020,-1172421.380,361.830
-443763.260,-1172421.430,361.840
-443761.430,-1172421.500,361.810
-443761.010,-1172421.960,361.740
-443760.420,-1172421.620,361.820
-443760.300,-1172421.950,361.750
-443754.890,-1172421.570,361.920
-443753.080,-1172421.850,361.840
-443752.870,-1172421.560,361.950
-443750.990,-1172421.630,361.950
-443746.520,-1172422.130,361.860
-443741.300,-1172434.230,361.340
-443745.190,-1172422.110,361.880
-443745.000,-1172421.820,361.950
-443744.300,-1172422.260,361.810
-443742.670,-1172422.270,361.860
-443740.460,-1172422.100,361.920
-443740.710,-1172422.300,361.830
-443738.690,-1172422.250,361.960
-443738.590,-1172422.530,361.800
-443737.230,-1172422.680,361.810
-443737.750,-1172422.600,361.820
-443736.210,-1172422.280,361.920
-443736.500,-1172422.210,361.930
-443736.380,-1172422.530,361.840
-443735.460,-1172422.920,361.740
-443831.260,-1172330.540,371.120
-443832.930,-1172330.280,371.210
-443832.590,-1172331.150,370.760
-443833.500,-1172331.050,370.750
-443829.310,-1172330.240,371.250
-443829.190,-1172330.560,371.150
-443829.880,-1172331.190,370.720
-443828.070,-1172331.240,370.750
-443825.470,-1172331.840,362.580
-443833.010,-1172308.850,357.220
-443825.090,-1172332.270,362.710
-443826.100,-1172330.280,371.290
-443831.160,-1172306.970,357.390
-443826.540,-1172309.110,356.150
-443818.760,-1172310.000,357.510
-443816.650,-1172310.230,357.570
-443814.320,-1172309.060,358.780
-443814.660,-1172308.930,358.740
-443812.000,-1172309.930,358.320
-443798.760,-1172314.210,360.050
-443794.300,-1172319.480,357.740
-443793.400,-1172313.130,361.130
-443783.400,-1172321.020,356.670
-443784.170,-1172320.300,356.840
-443784.050,-1172320.610,356.770
-443784.280,-1172320.630,356.730
-443782.470,-1172320.410,356.880
-443782.350,-1172320.730,356.800
-443782.230,-1172321.040,356.710
-443783.360,-1172320.410,356.860
-443783.240,-1172320.720,356.780
-443788.150,-1172291.070,355.610
-443787.990,-1172290.870,355.650
-443786.490,-1172290.870,355.670
-443787.040,-1172291.040,355.610
-443774.150,-1172317.100,357.420
-443767.530,-1172319.060,359.960
-443750.730,-1172321.440,357.690
-443749.920,-1172323.650,357.220
-443749.800,-1172323.980,357.160
-443750.000,-1172322.670,357.490
-443749.300,-1172324.600,357.210
-443749.310,-1172322.310,357.630
-443748.970,-1172323.250,357.380
-443747.470,-1172323.560,357.220
-443747.360,-1172321.220,357.740
-443745.910,-1172323.100,357.450
-443744.940,-1172325.740,356.950
-443745.320,-1172321.700,357.780
-443744.620,-1172321.640,357.790
-443752.460,-1172296.740,357.800
-443742.980,-1172322.690,357.650
-443752.140,-1172294.980,358.150
-443751.900,-1172295.610,358.020
-443751.540,-1172296.600,357.850
-443751.770,-1172291.330,358.690
-443751.150,-1172293.020,358.460
-443751.020,-1172293.350,358.410
-443751.200,-1172292.160,358.640
-443751.080,-1172292.490,358.570
-443750.960,-1172292.840,358.550
-443750.850,-1172293.140,358.490
-443750.470,-1172294.160,358.340
-443750.270,-1172293.190,358.450
-443748.830,-1172297.130,357.730
-443741.460,-1172317.360,361.030
-443748.560,-1172296.850,357.910
-443748.440,-1172297.150,357.800
-443747.760,-1172297.260,357.740
-443748.800,-1172293.600,358.440
-443747.580,-1172296.910,357.940
-443747.480,-1172297.200,357.760
-443747.030,-1172297.150,357.860
-443748.840,-1172291.530,358.810
-443748.600,-1172292.200,358.690
-443746.260,-1172297.270,357.860
-443746.090,-1172297.260,357.890
-443745.530,-1172297.580,357.740
-443737.540,-1172319.480,361.930
-443747.820,-1172291.310,358.810
-443747.700,-1172291.630,358.770
-443747.580,-1172291.970,358.730
-443747.470,-1172292.280,358.610
-443746.610,-1172294.630,358.280
-443746.480,-1172294.960,358.210
-443747.500,-1172291.410,358.880
-443747.150,-1172292.390,358.690
-443746.530,-1172292.640,358.640
-443746.070,-1172293.920,358.400
-443745.950,-1172294.230,358.330
-443745.320,-1172295.570,358.150
-443744.590,-1172297.560,357.820
-443746.170,-1172292.180,358.740
-443746.400,-1172290.890,358.970
-443745.310,-1172293.870,358.460
-443744.820,-1172295.200,358.220
-443744.330,-1172296.540,358.020
-443745.420,-1172292.120,358.750
-443744.690,-1172293.500,358.570
-443744.450,-1172294.140,358.430
-443735.150,-1172319.640,361.970
-443744.830,-1172291.750,358.830
-443744.030,-1172293.060,358.640
-443743.730,-1172292.250,358.770
-443743.980,-1172290.680,359.060
-443736.460,-1172292.110,359.700
-443724.470,-1172320.490,359.090
-443723.210,-1172320.670,359.080
-443727.330,-1172295.970,357.680
-443726.970,-1172296.150,357.630
-443714.550,-1172337.320,360.350
-443714.420,-1172337.670,360.300
-443714.220,-1172338.230,360.050
-443714.250,-1172338.100,357.590
-443715.000,-1172337.070,360.480
-443714.560,-1172338.280,360.020
-443713.740,-1172337.410,360.430
-443713.400,-1172338.330,360.090
-443713.100,-1172337.590,360.390
-443712.890,-1172338.170,360.150
-443713.060,-1172338.250,360.140
-443719.750,-1172320.970,359.060
-443716.600,-1172326.900,360.330
-443716.500,-1172327.120,357.940
-443712.720,-1172337.480,360.440
-443712.610,-1172337.780,360.330
-443712.390,-1172338.390,360.080
-443716.430,-1172326.800,360.350
-443712.560,-1172337.390,360.510
-443712.440,-1172337.690,360.410
-443712.220,-1172338.310,360.170
-443712.050,-1172337.740,360.420
-443717.820,-1172321.160,359.120
-443716.660,-1172323.140,360.940
-443716.540,-1172323.470,360.880
-443716.030,-1172323.270,360.930
-443715.330,-1172324.340,360.750
-443713.530,-1172327.200,360.850
-443713.330,-1172326.640,361.160
-443713.220,-1172326.930,361.020
-443713.120,-1172327.220,360.910
-443712.840,-1172326.830,361.080
-443712.730,-1172327.110,360.930
-443711.720,-1172327.150,361.010
-443712.130,-1172327.150,360.920
-443711.380,-1172324.370,360.840
-443710.610,-1172323.640,360.990
-443709.880,-1172323.860,360.950
-443709.640,-1172324.520,360.810
-443710.100,-1172323.810,360.970
-443709.860,-1172324.450,360.850
-443710.160,-1172322.390,361.960
-443709.530,-1172324.090,360.920
-443709.410,-1172324.410,360.830
-443709.290,-1172324.740,360.740
-443708.150,-1172326.940,360.950
-443710.000,-1172322.570,361.930
-443709.490,-1172323.930,360.980
-443709.380,-1172324.230,360.900
-443709.140,-1172324.880,360.710
-443709.030,-1172325.190,360.660
-443709.270,-1172323.900,360.990
-443708.860,-1172324.060,360.970
-443708.740,-1172324.390,360.870
-443708.620,-1172324.700,360.790
-443708.510,-1172325.010,360.710
-443708.210,-1172325.820,361.090
-443708.170,-1172325.170,360.660
-443707.950,-1172324.000,361.050
-443707.840,-1172324.300,360.940
-443707.730,-1172324.610,360.830
-443707.610,-1172324.920,360.780
-443708.090,-1172324.160,360.950
-443707.980,-1172324.470,360.870
-443707.860,-1172324.800,360.770
-443707.600,-1172324.080,361.010
-443707.230,-1172324.520,360.930
-443707.110,-1172324.830,360.830
-443706.890,-1172325.440,360.670
-443706.530,-1172324.900,360.810
-443706.690,-1172324.890,360.820
-443716.560,-1172296.760,357.730
-443706.430,-1172324.290,360.990
-443706.410,-1172322.440,362.110
-443715.880,-1172295.270,358.110
-443715.650,-1172295.880,357.880
-443715.530,-1172296.230,357.870
-443715.030,-1172295.370,358.050
-443715.250,-1172295.430,358.040
-443715.440,-1172295.860,357.910
-443715.090,-1172296.810,357.650
-443713.160,-1172295.710,357.970
-443712.890,-1172296.430,358.100
-443713.780,-1172295.840,357.940
-443714.200,-1172295.880,357.930
-443712.930,-1172295.390,358.170
-443851.330,-1172302.800,349.110
-443850.960,-1172303.500,348.930
-443852.980,-1172303.370,349.030
-443851.340,-1172305.170,348.550
-443851.920,-1172304.700,348.660
-443852.170,-1172304.480,348.760
-443851.270,-1172306.220,348.360
-443851.330,-1172306.690,346.060
-443851.240,-1172306.750,348.220
-443852.300,-1172306.230,348.360
-443852.600,-1172305.980,348.400
-443823.650,-1172440.740,351.300
-443823.900,-1172440.150,351.400
-443824.160,-1172439.930,351.410
-443821.320,-1172440.940,351.260
-443820.270,-1172441.150,351.270
-443820.550,-1172440.910,351.280
-443815.750,-1172440.700,351.400
-443824.240,-1172433.350,350.570
-443823.250,-1172433.340,351.540
-443821.400,-1172433.250,351.620
-443817.410,-1172433.470,351.580
-443815.250,-1172433.390,351.580
-443802.910,-1172441.090,351.420
-443835.340,-1172404.900,351.490
-443800.760,-1172425.000,347.480
-443801.280,-1172424.570,347.690
-443800.470,-1172424.210,352.650
-443800.910,-1172423.460,353.010
-443799.800,-1172424.040,352.800
-443800.510,-1172423.010,353.180
-443800.260,-1172422.750,353.230
-443799.060,-1172423.300,353.080
-443799.860,-1172422.650,353.260
-443797.920,-1172423.840,352.870
-443798.460,-1172423.400,353.050
-443798.970,-1172422.980,353.160
-443797.380,-1172423.760,352.970
-443797.650,-1172423.530,353.000
-443796.080,-1172424.390,352.700
-443799.140,-1172421.880,353.540
-443795.390,-1172424.560,350.320
-443796.910,-1172423.310,353.130
-443798.330,-1172421.840,353.580
-443796.730,-1172422.690,353.320
-443798.570,-1172421.180,353.790
-443797.470,-1172421.700,353.620
-443798.240,-1172421.070,353.850
-443796.490,-1172422.120,353.470
-443797.520,-1172421.280,353.780
-443797.790,-1172421.060,353.860
-443798.070,-1172420.830,353.940
-443796.530,-1172421.180,353.880
-443797.560,-1172420.330,354.130
-443796.810,-1172421.440,353.700
-443797.840,-1172420.600,354.020
-443794.740,-1172422.630,353.420
-443794.440,-1172424.560,350.350
-443794.600,-1172424.050,352.880
-443793.660,-1172424.430,352.710
-443792.590,-1172424.400,347.600
-443736.940,-1172411.780,347.750
-443737.170,-1172411.590,347.900
-443740.230,-1172411.410,347.930
-443742.990,-1172411.430,347.890
-443744.490,-1172411.160,347.980
-443769.640,-1172411.570,354.040
-443770.160,-1172411.480,354.090
-443739.000,-1172437.270,347.580
-443771.750,-1172411.280,354.070
-443772.420,-1172411.710,353.700
-443773.160,-1172411.110,354.100
-443742.220,-1172436.860,347.690
-443742.640,-1172436.960,347.620
-443775.900,-1172411.350,353.520
-443747.080,-1172437.070,347.530
-443753.200,-1172437.810,346.910
-443756.130,-1172436.450,347.590
-443760.240,-1172436.140,347.620
-443763.290,-1172436.090,350.970
-443737.310,-1172397.480,350.540
-443748.190,-1172397.020,350.530
-443760.380,-1172396.420,349.860
-443762.530,-1172396.370,349.850
-443754.890,-1172404.980,349.280
-443763.240,-1172404.630,349.340
-443765.160,-1172404.670,349.260
-443708.720,-1172400.960,352.150
-443708.980,-1172400.740,352.210
-443708.260,-1172400.750,352.240
-443707.750,-1172400.620,352.350
-443849.800,-1172306.940,348.160
-443850.450,-1172305.460,348.510
-443850.730,-1172305.230,348.600
-443849.170,-1172305.410,348.550
-443849.470,-1172305.160,348.570
-443846.770,-1172306.940,348.200
-443849.810,-1172304.440,348.870
-443846.840,-1172306.490,348.280
-443847.110,-1172306.270,348.340
-443847.470,-1172305.380,348.550
-443847.740,-1172305.160,348.620
-443849.150,-1172304.000,348.840
-443850.560,-1172302.290,349.230
-443849.440,-1172303.210,349.010
-443846.600,-1172305.000,348.660
-443846.870,-1172304.770,348.700
-443847.170,-1172304.520,348.740
-443849.070,-1172302.950,349.100
-443846.370,-1172304.700,348.710
-443846.960,-1172304.220,348.800
-443847.370,-1172303.210,349.070
-443848.780,-1172302.040,349.330
-443846.050,-1172303.710,348.910
-443846.310,-1172303.490,349.020
-443847.990,-1172302.110,349.290
-443846.820,-1172302.520,349.190
-443847.100,-1172302.280,349.270
-443846.000,-1172302.190,349.230
-443809.930,-1172319.820,351.470
-443807.960,-1172319.900,351.520
-443809.720,-1172317.960,351.990
-443807.630,-1172318.420,351.920
-443807.910,-1172318.180,351.900
-443805.780,-1172319.370,351.710
-443806.850,-1172318.490,351.970
-443807.120,-1172318.260,351.990
-443807.370,-1172318.050,352.040
-443807.640,-1172317.830,352.110
-443805.760,-1172318.950,351.840
-443807.140,-1172317.800,352.090
-443805.690,-1172318.390,352.020
-443805.980,-1172318.150,352.050
-443805.650,-1172317.880,352.140
-443806.450,-1172317.210,352.250
-443806.650,-1172315.970,354.360
-443786.070,-1172291.930,355.360
-443786.590,-1172291.500,355.530
-443785.940,-1172291.430,355.550
-443786.810,-1172291.950,355.360
-443787.090,-1172291.710,355.420
-443791.090,-1172291.280,355.430
-443791.350,-1172291.060,355.500
-443792.270,-1172291.480,355.330
-443792.530,-1172291.250,355.390
-443792.810,-1172291.020,355.460
-443792.150,-1172290.890,355.500
-443793.160,-1172291.350,355.330
-443793.420,-1172291.140,355.370
-443793.710,-1172290.890,355.440
-443793.990,-1172291.230,355.350
-443794.260,-1172291.000,355.400
-443741.500,-1172297.160,354.470
-443757.490,-1172295.440,351.990
-443758.750,-1172295.430,355.300
-443758.320,-1172295.340,355.390
-443762.470,-1172294.960,355.260
-443743.920,-1172326.020,351.290
-443744.190,-1172325.790,351.280
-443749.590,-1172325.120,351.100
-443760.040,-1172322.000,350.880
-443751.250,-1172336.150,352.270
-443754.970,-1172334.220,354.950
-443769.690,-1172322.950,354.940
-443770.010,-1172323.440,354.860
-443770.270,-1172323.220,354.880
-443771.340,-1172322.320,355.060
-443770.220,-1172323.980,354.690
-443770.500,-1172323.750,354.690
-443771.290,-1172323.090,354.880
-443771.560,-1172322.860,354.920
-443771.630,-1172323.510,354.730
-443782.980,-1172321.260,353.650
-443783.260,-1172321.030,353.710
-443784.270,-1172320.820,353.750
-443840.710,-1172428.840,374.210
-443847.810,-1172419.850,374.140
-443847.710,-1172419.660,374.220
-443848.230,-1172419.220,374.250
-443841.880,-1172422.340,374.240
-443849.810,-1172415.440,374.200
-443848.700,-1172415.670,374.160
-443839.260,-1172423.100,374.200
-443843.070,-1172419.920,377.290
-443848.340,-1172415.520,374.200
-443839.890,-1172423.030,374.210
-443840.130,-1172422.820,374.330
-443838.570,-1172423.250,374.200
-443838.820,-1172423.030,374.250
-443842.270,-1172419.770,374.210
-443842.800,-1172418.840,377.510
-443846.450,-1172415.800,374.160
-443840.780,-1172419.850,377.380
-443846.030,-1172415.470,374.280
-443845.060,-1172415.190,374.240
-443840.130,-1172418.920,377.450
-443837.980,-1172419.460,377.450
-443837.340,-1172419.640,377.470
-443837.620,-1172419.410,377.470
-443841.150,-1172415.690,377.480
-443834.650,-1172419.720,377.510
-443847.630,-1172407.570,374.220
-443847.450,-1172407.480,374.220
-443846.160,-1172408.120,374.160
-443832.500,-1172419.880,377.520
-443851.600,-1172400.370,374.130
-443841.760,-1172407.760,374.830
-443851.670,-1172397.670,373.840
-443845.170,-1172400.050,374.170
-443850.920,-1172392.510,375.060
-443843.870,-1172386.220,374.270
-443843.780,-1172385.770,374.720
-443851.490,-1172378.350,373.410
-443840.320,-1172383.160,377.480
-443844.000,-1172378.830,374.220
-443843.410,-1172378.920,374.220
-443834.850,-1172382.240,377.670
-443845.550,-1172370.080,374.790
-443841.410,-1172370.320,374.780
-443840.100,-1172370.990,374.330
-443839.000,-1172370.640,374.710
-443835.700,-1172370.480,374.790
-443834.950,-1172370.620,374.790
-443767.810,-1172421.250,361.840
-443765.550,-1172421.320,361.830
-443762.770,-1172421.540,361.810
-443762.120,-1172421.510,361.850
-443761.330,-1172421.680,361.780
-443827.610,-1172367.550,371.070
-443760.240,-1172421.650,361.850
-443759.490,-1172421.810,361.770
-443758.250,-1172421.520,361.870
-443757.530,-1172421.790,361.820
-443756.440,-1172421.800,361.850
-443740.840,-1172434.540,361.330
-443754.890,-1172421.930,361.820
-443830.890,-1172359.800,373.060
-443748.680,-1172422.330,361.750
-443829.270,-1172355.950,373.230
-443747.430,-1172422.330,361.770
-443747.670,-1172422.130,361.860
-443747.910,-1172421.940,361.900
-443745.920,-1172422.140,361.860
-443744.240,-1172422.520,361.750
-443744.180,-1172422.230,361.840
-443733.740,-1172426.300,361.580
-443836.380,-1172338.740,370.640
-443830.720,-1172341.780,370.800
-443830.750,-1172337.140,370.570
-443831.010,-1172336.940,370.620
-443833.680,-1172331.060,370.710
-443835.080,-1172330.340,371.180
-443832.950,-1172330.550,371.150
-443833.600,-1172330.460,371.190
-443833.240,-1172331.050,370.730
-443830.320,-1172330.530,371.170
-443831.260,-1172330.570,371.150
-443826.020,-1172330.380,371.210
-443825.050,-1172332.330,362.720
-443835.590,-1172306.370,357.450
-443832.250,-1172306.770,357.530
-443825.940,-1172309.320,356.150
-443804.620,-1172311.380,357.680
-443798.760,-1172314.200,360.070
-443795.420,-1172313.910,360.560
-443784.210,-1172320.860,356.720
-443793.380,-1172313.200,361.130
-443783.490,-1172320.840,356.740
-443784.030,-1172320.390,356.840
-443782.370,-1172320.630,356.820
-443782.640,-1172320.410,356.870
-443784.240,-1172317.660,358.890
-443786.400,-1172313.850,361.160
-443784.410,-1172314.080,361.170
-443782.720,-1172314.210,361.180
-443767.820,-1172318.960,359.950
-443769.510,-1172315.650,361.750
-443793.350,-1172290.560,355.580
-443792.160,-1172290.380,355.680
-443792.430,-1172290.650,355.580
-443792.710,-1172290.420,355.620
-443791.100,-1172290.730,355.590
-443789.180,-1172291.070,355.570
-443789.460,-1172290.830,355.610
-443789.990,-1172290.380,355.750
-443748.670,-1172324.680,357.060
-443748.920,-1172324.470,357.160
-443749.420,-1172324.050,357.250
-443788.390,-1172291.190,355.580
-443788.660,-1172290.960,355.620
-443789.220,-1172290.490,355.770
-443749.660,-1172324.380,357.140
-443786.860,-1172291.270,355.600
-443787.120,-1172291.050,355.650
-443747.050,-1172325.480,357.060
-443747.300,-1172325.270,357.090
-443747.880,-1172324.780,357.120
-443749.770,-1172323.190,357.370
-443787.880,-1172291.040,355.610
-443788.130,-1172290.830,355.670
-443744.880,-1172326.090,356.950
-443745.390,-1172325.650,357.030
-443748.380,-1172323.130,357.460
-443748.650,-1172322.910,357.460
-443748.900,-1172322.690,357.510
-443786.220,-1172291.190,355.590
-443747.890,-1172324.150,357.290
-443748.140,-1172323.930,357.310
-443748.420,-1172323.700,357.350
-443748.970,-1172323.230,357.380
-443749.220,-1172323.020,357.470
-443744.930,-1172325.610,357.060
-443750.020,-1172321.310,357.770
-443785.990,-1172290.950,355.730
-443786.260,-1172290.730,355.780
-443786.530,-1172290.490,355.850
-443743.730,-1172326.180,356.940
-443743.980,-1172325.960,357.020
-443747.980,-1172322.580,357.550
-443785.830,-1172290.620,355.800
-443745.790,-1172323.270,357.480
-443747.970,-1172321.430,357.760
-443748.210,-1172321.220,357.830
-443742.590,-1172324.850,357.240
-443745.490,-1172321.760,357.760
-443745.760,-1172321.540,357.800
-443742.530,-1172323.600,357.480
-443743.200,-1172322.600,357.650
-443743.530,-1172321.820,357.800
-443745.980,-1172316.830,361.080
-443744.680,-1172317.270,360.880
-443743.610,-1172317.030,361.110
-443737.340,-1172319.330,362.070
-443734.390,-1172320.110,361.830
-443733.060,-1172319.950,362.010
-443727.190,-1172321.840,357.850
-443724.390,-1172322.520,359.350
-443724.680,-1172320.470,359.130
-443751.450,-1172296.630,357.890
-443751.930,-1172295.610,358.060
-443749.640,-1172296.330,357.980
-443751.220,-1172294.980,358.170
-443751.500,-1172294.740,358.240
-443747.870,-1172297.250,357.740
-443750.430,-1172294.340,358.260
-443747.150,-1172297.150,357.880
-443749.800,-1172293.760,358.400
-443746.190,-1172297.380,357.760
-443746.420,-1172297.180,357.920
-443746.800,-1172295.850,358.120
-443746.300,-1172294.990,358.260
-443747.760,-1172294.360,358.350
-443749.120,-1172293.200,358.490
-443750.450,-1172292.060,358.700
-443745.630,-1172294.880,358.270
-443744.270,-1172294.780,358.330
-443745.350,-1172293.860,358.490
-443745.640,-1172293.610,358.510
-443747.550,-1172291.970,358.770
-443747.810,-1172291.750,358.780
-443745.100,-1172294.770,358.270
-443746.220,-1172293.810,358.430
-443745.760,-1172292.900,358.620
-443747.650,-1172291.290,358.910
-443745.150,-1172292.830,358.680
-443748.020,-1172290.380,360.320
-443744.440,-1172292.360,358.760
-443744.650,-1172291.640,358.870
-443741.890,-1172291.410,359.820
-443739.320,-1172291.820,359.770
-443725.300,-1172296.210,357.780
-443722.030,-1172296.710,357.770
-443720.530,-1172294.610,358.280
-443714.220,-1172338.290,360.040
-443712.580,-1172337.350,360.540
-443712.140,-1172338.390,360.170
-443712.890,-1172337.750,360.400
-443713.040,-1172338.240,360.190
-443713.830,-1172337.570,360.390
-443714.410,-1172337.610,360.330
-443716.620,-1172326.790,360.380
-443712.900,-1172327.120,360.920
-443713.420,-1172326.670,361.010
-443711.910,-1172327.240,360.980
-443708.070,-1172329.420,360.970
-443715.180,-1172323.340,360.920
-443714.120,-1172323.790,360.870
-443709.570,-1172325.170,360.660
-443711.350,-1172324.210,360.880
-443708.990,-1172324.980,360.740
-443709.250,-1172324.750,360.770
-443709.490,-1172324.550,360.840
-443707.470,-1172325.110,360.740
-443707.720,-1172324.890,360.800
-443708.780,-1172323.990,361.020
-443708.120,-1172325.140,360.710
-443708.370,-1172324.930,360.770
-443709.380,-1172324.060,360.970
-443706.480,-1172324.890,360.850
-443706.750,-1172324.660,360.920
-443707.240,-1172324.230,360.990
-443707.240,-1172324.860,360.820
-443708.000,-1172324.210,360.990
-443708.250,-1172323.990,361.040
-443706.190,-1172324.020,361.200
-443706.410,-1172324.420,360.970
-443706.660,-1172324.200,361.050
-443716.610,-1172298.000,357.470
-443716.860,-1172297.780,357.540
-443716.430,-1172296.930,357.700
-443713.570,-1172298.870,357.340
-443713.850,-1172298.630,357.380
-443715.160,-1172297.490,357.550
-443715.410,-1172297.270,357.600
-443715.650,-1172297.060,357.660
-443715.940,-1172296.820,357.720
-443713.300,-1172298.420,357.440
-443713.560,-1172298.190,357.450
-443713.840,-1172297.950,357.510
-443715.660,-1172296.380,357.820
-443716.420,-1172295.720,358.000
-443713.390,-1172297.200,357.670
-443713.650,-1172296.980,357.740
-443713.920,-1172296.750,357.760
-443714.160,-1172296.530,357.800
-443714.430,-1172296.300,357.860
-443715.750,-1172295.160,358.200
-443715.560,-1172296.010,357.930
-443714.950,-1172295.350,358.100
-443713.120,-1172297.430,357.660
-443713.060,-1172296.430,357.880
-443713.340,-1172296.190,357.920
-443713.610,-1172295.950,357.960
-443712.940,-1172295.450,358.160
-443708.920,-1172296.730,358.630
