-443706.080,-1172316.810,357.570
-443705.460,-1172318.350,358.900
-443699.000,-1172316.490,355.580
-443698.880,-1172316.790,355.780
-443706.650,-1172294.270,356.060
-443705.210,-1172295.310,357.470
-443705.030,-1172295.780,357.970
-443706.170,-1172293.630,355.640
-443705.570,-1172295.120,357.170
-443706.410,-1172294.090,356.060
-443706.310,-1172294.340,356.300
-443704.800,-1172295.420,357.650
-443704.700,-1172295.670,357.900
-443703.070,-1172295.540,358.390
-443703.180,-1172294.400,357.280
-443702.970,-1172294.930,357.740
-443702.820,-1172294.220,357.240
-443702.620,-1172294.730,357.730
-443701.870,-1172294.570,357.760
-443701.770,-1172294.830,358.020
-443702.020,-1172295.300,358.360
-443701.770,-1172293.900,357.170
-443701.360,-1172294.910,358.200
-443700.700,-1172294.790,358.340
-443700.670,-1172293.510,357.220
-443700.290,-1172294.480,358.230
-443700.970,-1172293.510,357.140
-443700.770,-1172294.010,357.580
-443700.670,-1172294.250,357.870
-443700.480,-1172294.740,358.410
-443699.690,-1172294.220,358.190
-443700.340,-1172293.690,357.490
-443699.480,-1172293.810,357.840
-443699.280,-1172294.300,358.360
-443699.430,-1172293.030,357.170
-443698.920,-1172294.300,358.440
-443698.330,-1172293.940,358.380
-443697.580,-1172291.280,358.390
-443697.480,-1172290.640,357.910
-443696.910,-1172290.530,357.890
-443750.830,-1172396.060,346.690
-443751.080,-1172396.340,346.680
-443751.190,-1172396.770,346.610
-443837.680,-1172306.540,355.280
-443837.520,-1172306.210,355.060
-443837.120,-1172302.830,352.530
-443815.520,-1172306.660,354.940
-443815.280,-1172305.500,354.320
-443756.150,-1172328.970,353.860
-443718.460,-1172329.080,352.930
-443706.750,-1172293.770,355.580
-443706.970,-1172293.570,355.390
-443704.380,-1172291.540,354.020
-443831.890,-1172366.960,371.020
-443742.450,-1172437.760,361.440
-443741.180,-1172437.840,361.620
-443837.480,-1172306.730,355.560
-443815.670,-1172308.560,356.360
-443811.040,-1172307.230,357.250
-443810.880,-1172306.400,356.720
-443789.480,-1172312.450,360.600
-443789.050,-1172309.230,358.610
-443726.780,-1172318.090,357.680
-443715.050,-1172318.880,360.160
-443715.070,-1172316.970,358.680
-443705.410,-1172318.210,358.870
-443705.310,-1172317.920,358.610
-443704.990,-1172296.220,358.360
-443704.760,-1172295.610,357.870
-443704.960,-1172295.430,357.600
-443705.960,-1172294.500,356.510
-443706.150,-1172294.330,356.280
-443705.750,-1172295.160,357.220
-443706.550,-1172294.420,356.260
-443704.120,-1172295.680,358.190
-443704.300,-1172295.510,357.940
-443705.930,-1172294.010,356.090
-443703.380,-1172295.680,358.310
-443702.640,-1172294.660,357.680
-443703.040,-1172294.300,357.220
-443701.580,-1172295.020,358.250
-443701.800,-1172294.810,358.030
-443701.770,-1172294.330,357.650
-443700.580,-1172294.570,358.200
-443700.800,-1172294.360,357.940
-443701.000,-1172294.180,357.730
-443700.080,-1172294.600,358.380
-443700.480,-1172294.230,357.910
-443700.670,-1172294.060,357.680
-443701.080,-1172293.680,357.230
-443699.910,-1172294.350,358.220
-443700.700,-1172293.630,357.320
-443699.540,-1172294.350,358.280
-443699.950,-1172293.970,357.840
-443698.810,-1172294.120,358.370
-443699.100,-1172294.260,358.390
-443699.310,-1172294.070,358.130
-443699.510,-1172293.870,357.910
-443698.630,-1172293.760,357.990
-443698.050,-1172293.840,358.410
-443698.350,-1172293.070,357.520
-443698.560,-1172292.880,357.270
-443698.180,-1172292.640,357.540
-443697.730,-1172291.160,358.280
-443697.500,-1172290.760,358.030
-443697.680,-1172290.590,357.840
-443829.500,-1172366.900,371.140
-443810.860,-1172305.570,356.130
-443715.080,-1172319.100,360.430
-443715.190,-1172317.690,359.400
-443705.300,-1172317.930,358.570
-443839.980,-1172411.780,352.630
-443731.770,-1172398.450,351.960
-443750.900,-1172395.820,346.740
-443750.970,-1172396.160,346.690
-443753.810,-1172329.370,355.110
-443706.780,-1172293.680,355.600
-443707.170,-1172293.340,355.130
-443811.010,-1172307.650,357.720
-443809.270,-1172307.080,356.990
-443789.310,-1172311.410,359.940
-443715.320,-1172316.780,358.460
-443715.190,-1172317.430,359.010
-443715.880,-1172315.720,357.810
-443705.300,-1172318.040,358.430
-443718.160,-1172291.620,356.310
-443705.210,-1172295.840,358.000
-443704.130,-1172295.510,358.010
-443704.420,-1172295.730,358.110
-443704.820,-1172295.380,357.700
-443706.370,-1172294.040,356.000
-443701.230,-1172295.070,358.480
-443701.630,-1172294.730,358.060
-443702.420,-1172294.740,357.860
-443702.820,-1172294.390,357.430
-443700.390,-1172294.650,358.340
-443700.740,-1172294.340,357.970
-443701.140,-1172293.990,357.530
-443701.050,-1172293.650,357.280
-443699.690,-1172294.260,358.210
-443700.070,-1172293.920,357.840
-443699.530,-1172294.050,358.110
-443698.680,-1172294.090,358.460
-443698.440,-1172293.220,357.620
-443697.680,-1172291.350,358.490
-443697.710,-1172290.610,357.870
