-443727.737,-1172291.720,355.492
-443727.468,-1172292.360,355.604
-443727.868,-1172291.390,355.454
-443725.817,-1172291.990,356.192
-443725.686,-1172292.310,356.242
-443724.797,-1172290.660,356.502
-443724.658,-1172290.990,356.584
-443724.398,-1172291.630,356.694
-443724.277,-1172291.940,356.754
-443724.018,-1172292.570,356.845
-443723.626,-1172293.520,357.042
-443723.358,-1172294.170,357.125
-443723.238,-1172294.471,357.203
-443723.107,-1172294.810,357.263
-443722.968,-1172295.140,357.334
-443722.838,-1172295.460,357.385
-443722.718,-1172295.750,357.444
-443723.867,-1172292.250,356.882
-443723.597,-1172292.901,356.991
-443800.256,-1172422.010,353.191
-443800.777,-1172421.550,353.012
-443799.667,-1172420.930,353.362
-443799.938,-1172420.680,353.293
-443799.137,-1172419.010,353.553
-443800.437,-1172416.751,353.051
-443800.467,-1172412.780,353.013
-443800.967,-1172412.330,352.813
-443795.377,-1172381.920,351.821
-443797.158,-1172400.890,351.854
-443797.386,-1172400.670,351.703
-443758.648,-1172335.680,353.346
-443757.607,-1172335.990,353.763
-443756.768,-1172336.230,354.205
-443756.998,-1172336.020,354.096
-443757.239,-1172335.810,353.977
-443757.948,-1172335.160,353.616
-443758.186,-1172334.940,353.501
-443758.067,-1172334.030,353.513
-443755.836,-1172336.480,354.672
-443756.086,-1172336.251,354.563
-443756.318,-1172336.041,354.415
-443756.546,-1172335.831,354.262
-443757.026,-1172335.390,354.062
-443757.268,-1172335.180,353.924
-443757.508,-1172334.960,353.816
-443757.947,-1172334.551,353.575
-443758.186,-1172334.340,353.461
-443756.207,-1172335.190,354.444
-443756.437,-1172334.981,354.293
-443755.196,-1172336.641,354.951
-443755.447,-1172336.410,354.882
-443755.676,-1172336.200,354.772
-443755.897,-1172336.000,354.604
-443756.606,-1172332.510,354.131
-443756.827,-1172332.310,353.994
-443756.396,-1172332.460,354.202
-443756.646,-1172332.230,354.062
-443755.389,-1172332.900,354.719
-443755.629,-1172332.690,354.588
-443755.858,-1172332.470,354.445
-443756.097,-1172332.250,354.314
-443756.356,-1172332.021,354.182
-443755.137,-1172332.801,354.792
-443755.379,-1172332.580,354.678
-443755.598,-1172332.380,354.536
-443755.846,-1172332.150,354.412
-443754.957,-1172330.981,354.823
-443754.717,-1172330.610,354.973
-443754.946,-1172330.391,354.831
-443754.557,-1172330.420,355.002
-443754.806,-1172330.190,354.861
-443727.878,-1172291.430,355.395
-443728.967,-1172293.081,355.081
-443728.667,-1172292.881,355.191
-443750.637,-1172319.320,358.283
-443750.777,-1172319.590,358.234
-443727.387,-1172292.951,355.642
-443723.107,-1172295.220,357.232
-443722.868,-1172295.440,357.335
-443723.228,-1172294.500,357.176
-443723.468,-1172294.271,357.073
-443726.608,-1172291.380,355.844
-443725.997,-1172291.520,356.063
-443723.137,-1172293.801,357.172
-443724.357,-1172292.670,356.701
-443726.327,-1172290.860,355.951
-443722.757,-1172293.760,357.311
-443723.487,-1172293.081,357.001
-443724.418,-1172291.700,356.644
-443724.648,-1172291.490,356.546
-443723.807,-1172291.850,356.852
-443724.047,-1172291.630,356.751
-443724.528,-1172291.180,356.563
-443724.036,-1172291.170,356.771
-443724.277,-1172290.951,356.682
-443724.267,-1172290.440,356.631
-443799.427,-1172416.830,353.341
-443800.147,-1172417.120,353.172
-443799.957,-1172421.230,353.282
-443728.167,-1172291.070,355.302
-443728.037,-1172291.430,355.393
-443727.756,-1172292.170,355.531
-443727.498,-1172292.890,355.605
-443728.218,-1172291.510,355.274
-443727.678,-1172292.980,355.505
-443729.477,-1172291.110,354.891
-443728.807,-1172292.940,355.184
-443728.957,-1172293.041,355.052
-443756.426,-1172332.031,354.182
-443756.838,-1172335.790,354.134
-443758.146,-1172334.371,353.371
-443726.628,-1172291.380,355.874
-443726.456,-1172290.750,355.851
-443726.198,-1172291.440,356.005
-443726.057,-1172291.830,356.041
-443724.218,-1172293.010,356.773
-443724.677,-1172290.451,356.521
-443723.727,-1172293.031,356.921
-443723.596,-1172293.381,356.991
-443723.318,-1172294.150,357.124
-443723.047,-1172294.890,357.273
-443722.778,-1172295.610,357.354
-443724.287,-1172290.430,356.661
-443799.147,-1172420.320,353.574
-443799.687,-1172419.090,353.382
-443799.717,-1172418.570,353.353
-443799.807,-1172418.070,353.302
-443800.818,-1172415.810,352.935
-443800.046,-1172416.880,353.231
-443800.397,-1172412.691,353.053
-443795.318,-1172382.180,351.874
-443797.218,-1172401.000,351.836
-443727.966,-1172291.590,355.402
-443728.288,-1172291.320,355.264
-443728.897,-1172290.790,355.043
-443729.188,-1172290.530,354.935
-443727.488,-1172292.530,355.604
-443727.328,-1172292.140,355.614
-443754.607,-1172330.520,355.004
-443755.358,-1172332.700,354.695
-443755.688,-1172332.420,354.535
-443756.416,-1172332.440,354.213
-443758.327,-1172331.950,353.344
-443756.397,-1172334.840,354.333
-443755.296,-1172336.470,354.912
-443755.597,-1172336.220,354.774
-443755.907,-1172335.960,354.614
-443756.537,-1172336.141,354.355
-443756.907,-1172335.840,354.124
-443757.218,-1172335.580,353.996
-443757.538,-1172335.310,353.826
-443757.848,-1172335.050,353.697
-443758.778,-1172335.540,353.295
-443757.058,-1172336.290,354.076
-443758.966,-1172334.690,353.131
-443750.847,-1172319.600,358.234
-443750.576,-1172319.220,358.282
-443725.997,-1172292.601,356.141
-443723.978,-1172292.950,356.835
-443724.297,-1172292.680,356.731
-443724.737,-1172291.690,356.541
-443724.658,-1172291.050,356.534
