-443746.190,-1172437.950,361.880
-443710.270,-1172400.370,361.090
-443745.730,-1172316.670,361.140
-443771.460,-1172315.240,361.910
-443714.190,-1172336.650,361.250
-443766.510,-1172437.030,361.880
-443710.220,-1172316.160,357.420
-443710.070,-1172316.530,357.440
-443709.940,-1172316.830,357.590
-443708.600,-1172320.150,360.620
-443708.360,-1172316.390,357.400
-443718.580,-1172292.460,356.800
-443708.890,-1172316.220,357.270
-443708.770,-1172316.510,357.420
-443709.050,-1172316.450,357.480
-443707.510,-1172316.440,357.370
-443707.540,-1172316.420,360.050
-443707.670,-1172316.500,360.100
-443708.100,-1172316.410,357.350
-443707.990,-1172316.690,357.460
-443717.340,-1172291.320,355.970
-443712.990,-1172295.230,358.040
-443711.080,-1172293.330,356.820
-443711.320,-1172294.050,357.260
-443699.210,-1172317.400,360.980
-443697.730,-1172317.760,361.290
-443696.750,-1172318.800,361.780
-443698.110,-1172316.810,360.960
-443696.880,-1172317.720,361.400
-443696.750,-1172318.050,361.500
-443705.040,-1172291.350,356.630
-443702.190,-1172293.770,357.060
-443696.650,-1172291.950,359.090
-443850.860,-1172301.360,349.250
-443851.360,-1172301.280,349.250
-443820.250,-1172438.110,351.200
-443821.890,-1172435.670,350.780
-443820.330,-1172436.660,350.970
-443821.920,-1172433.210,350.290
-443820.740,-1172433.320,350.390
-443813.340,-1172439.440,351.380
-443815.800,-1172437.270,351.010
-443817.780,-1172434.790,350.600
-443806.870,-1172437.610,351.080
-443807.950,-1172436.650,350.880
-443810.490,-1172433.730,350.360
-443810.450,-1172433.770,349.430
-443805.410,-1172437.380,351.020
-443806.510,-1172436.400,350.840
-443808.700,-1172433.730,349.360
-443808.160,-1172433.780,349.370
-443797.040,-1172414.030,354.000
-443796.260,-1172413.680,353.900
-443796.770,-1172413.230,353.760
-443797.030,-1172412.990,353.670
-443798.860,-1172411.350,353.150
-443799.900,-1172410.410,352.880
-443796.530,-1172413.960,353.970
-443796.810,-1172413.710,353.910
-443797.320,-1172413.250,353.740
-443797.820,-1172412.800,353.620
-443798.080,-1172412.570,353.550
-443798.880,-1172411.850,353.330
-443799.140,-1172411.620,353.270
-443799.400,-1172411.380,353.150
-443799.660,-1172411.150,353.110
-443800.170,-1172410.690,352.950
-443798.430,-1172410.980,352.980
-443799.440,-1172410.080,352.650
-443796.150,-1172413.420,353.800
-443796.660,-1172412.970,353.630
-443796.900,-1172412.740,353.590
-443797.460,-1172412.250,353.420
-443799.290,-1172410.600,352.870
-443799.520,-1172410.390,352.810
-443799.780,-1172410.160,352.770
-443795.870,-1172413.280,353.770
-443796.850,-1172412.400,353.410
-443797.110,-1172412.160,353.340
-443793.900,-1172411.030,352.940
-443794.150,-1172410.800,352.880
-443794.410,-1172410.570,352.790
-443794.060,-1172411.710,353.190
-443794.840,-1172411.010,352.940
-443795.100,-1172410.780,352.890
-443795.330,-1172410.570,352.830
-443794.030,-1172411.390,353.080
-443794.280,-1172411.160,352.970
-443794.550,-1172410.920,352.910
-443795.070,-1172410.450,352.770
-443794.830,-1172411.880,353.260
-443795.340,-1172411.430,353.050
-443796.390,-1172410.480,352.800
-443794.870,-1172411.350,353.070
-443795.130,-1172411.120,353.010
-443795.390,-1172410.890,352.950
-443795.650,-1172410.660,352.850
-443795.900,-1172410.430,352.770
-443796.150,-1172410.200,352.650
-443794.930,-1172412.740,353.550
-443795.200,-1172412.490,353.450
-443795.450,-1172412.260,353.400
-443795.690,-1172412.050,353.300
-443795.950,-1172411.820,353.210
-443797.260,-1172410.640,352.850
-443797.530,-1172410.400,352.800
-443795.290,-1172412.000,353.270
-443795.550,-1172411.770,353.180
-443796.100,-1172411.280,353.060
-443796.360,-1172411.040,352.950
-443796.610,-1172410.820,352.890
-443795.950,-1172412.720,353.570
-443796.970,-1172411.810,353.260
-443798.500,-1172410.430,352.800
-443795.670,-1172412.490,353.460
-443796.470,-1172411.780,353.250
-443796.710,-1172411.560,353.160
-443796.980,-1172411.320,353.110
-443797.220,-1172411.100,353.010
-443797.750,-1172410.620,352.870
-443790.830,-1172424.040,350.160
-443787.760,-1172424.180,350.130
-443791.390,-1172417.690,349.810
-443791.060,-1172417.600,349.710
-443735.860,-1172423.350,347.480
-443739.100,-1172423.400,347.530
-443744.010,-1172423.010,347.190
-443770.590,-1172409.510,349.410
-443770.750,-1172409.820,349.460
-443771.020,-1172409.580,349.390
-443771.260,-1172409.370,349.320
-443771.980,-1172409.620,349.400
-443772.220,-1172409.400,349.320
-443771.530,-1172409.660,349.410
-443771.790,-1172409.430,349.280
-443772.350,-1172409.710,349.460
-443774.820,-1172425.460,354.050
-443792.530,-1172410.480,352.760
-443792.860,-1172410.680,352.810
-443793.100,-1172410.460,352.730
-443793.340,-1172410.650,352.840
-443793.360,-1172411.030,352.910
-443793.640,-1172411.260,353.010
-443786.900,-1172417.790,349.710
-443788.240,-1172417.790,349.790
-443789.390,-1172417.700,349.830
-443737.990,-1172398.000,347.920
-443708.710,-1172403.460,352.260
-443849.370,-1172301.340,349.260
-443848.680,-1172301.450,349.300
-443847.330,-1172301.570,349.340
-443846.750,-1172301.510,349.320
-443846.550,-1172299.780,348.400
-443799.830,-1172323.990,350.950
-443799.250,-1172324.040,350.960
-443798.790,-1172323.910,350.930
-443808.690,-1172305.660,352.670
-443808.200,-1172305.750,352.690
-443781.350,-1172308.900,353.850
-443743.640,-1172338.900,353.340
-443746.110,-1172332.040,352.720
-443745.190,-1172332.250,352.810
-443718.380,-1172328.750,352.620
-443704.720,-1172291.610,353.950
-443847.710,-1172431.960,374.190
-443842.080,-1172432.590,374.790
-443840.420,-1172432.440,374.750
-443840.190,-1172432.230,374.250
-443848.050,-1172417.370,374.110
-443847.450,-1172415.100,374.230
-443847.180,-1172415.010,374.130
-443845.940,-1172415.020,374.090
-443841.370,-1172418.490,377.360
-443833.400,-1172421.740,377.570
-443848.770,-1172406.680,374.290
-443839.490,-1172415.240,374.320
-443839.750,-1172415.020,374.210
-443848.430,-1172406.320,374.220
-443838.920,-1172414.730,374.100
-443840.200,-1172413.600,374.630
-443846.720,-1172406.650,374.240
-443846.580,-1172406.300,374.100
-443831.400,-1172418.920,377.560
-443844.620,-1172406.890,374.110
-443847.980,-1172399.250,374.270
-443845.960,-1172399.150,374.250
-443844.230,-1172399.370,374.290
-443841.330,-1172399.440,374.290
-443840.370,-1172399.480,374.260
-443839.240,-1172399.620,374.360
-443838.540,-1172399.730,374.410
-443838.780,-1172399.510,374.280
-443837.320,-1172399.600,374.290
-443836.770,-1172399.650,374.290
-443839.350,-1172378.240,374.220
-443840.710,-1172377.020,374.200
-443835.810,-1172381.420,374.280
-443840.410,-1172376.990,374.190
-443768.030,-1172436.470,361.390
-443765.930,-1172436.620,361.410
-443763.560,-1172437.010,361.810
-443764.280,-1172436.360,361.300
-443762.960,-1172437.050,361.800
-443762.290,-1172437.120,361.820
-443763.230,-1172436.280,361.290
-443762.400,-1172436.620,361.370
-443761.350,-1172436.770,361.410
-443838.600,-1172366.440,370.730
-443760.550,-1172436.620,361.360
-443836.920,-1172366.600,370.710
-443759.580,-1172436.670,361.360
-443836.570,-1172366.490,370.700
-443835.820,-1172366.680,370.700
-443758.480,-1172436.730,361.370
-443756.590,-1172436.850,361.370
-443754.990,-1172437.060,361.410
-443753.520,-1172437.520,361.840
-443829.720,-1172367.190,371.100
-443752.240,-1172436.980,361.350
-443752.310,-1172436.580,361.240
-443751.130,-1172437.180,361.410
-443828.240,-1172367.250,371.100
-443749.610,-1172437.720,361.840
-443749.430,-1172437.030,361.330
-443748.690,-1172437.170,361.380
-443748.140,-1172437.270,361.380
-443831.470,-1172360.590,370.580
-443836.020,-1172355.980,370.800
-443743.930,-1172437.400,361.350
-443741.400,-1172437.650,361.410
-443741.650,-1172437.420,361.350
-443741.000,-1172437.580,361.380
-443741.260,-1172437.340,361.330
-443831.230,-1172355.800,370.600
-443740.550,-1172437.620,361.360
-443740.030,-1172437.550,361.370
-443738.870,-1172438.140,361.770
-443737.210,-1172437.550,361.320
-443736.740,-1172437.620,361.310
-443735.320,-1172438.390,361.830
-443735.660,-1172437.600,361.310
-443830.920,-1172337.800,370.590
-443712.400,-1172400.110,360.970
-443711.510,-1172399.940,360.900
-443711.780,-1172399.700,360.860
-443712.130,-1172398.890,360.610
-443710.710,-1172399.720,360.840
-443710.960,-1172399.490,360.780
-443711.750,-1172398.770,360.550
-443709.920,-1172399.830,360.850
-443710.730,-1172399.100,360.660
-443711.000,-1172398.850,360.550
-443711.280,-1172398.600,360.530
-443712.340,-1172397.640,360.290
-443712.550,-1172397.440,360.150
-443709.320,-1172399.290,360.730
-443710.360,-1172398.330,360.490
-443711.680,-1172397.130,360.110
-443710.100,-1172399.110,360.670
-443710.640,-1172398.620,360.590
-443708.190,-1172399.870,360.920
-443708.450,-1172399.630,360.840
-443709.500,-1172398.680,360.590
-443710.510,-1172397.760,360.260
-443711.570,-1172396.790,360.010
-443708.840,-1172398.610,360.540
-443709.100,-1172398.380,360.460
-443709.880,-1172397.660,360.230
-443711.460,-1172396.230,359.880
-443712.480,-1172395.290,359.590
-443706.820,-1172399.870,360.920
-443707.070,-1172399.640,360.820
-443707.350,-1172399.390,360.790
-443707.630,-1172399.130,360.720
-443707.870,-1172398.910,360.630
-443708.930,-1172397.950,360.370
-443709.990,-1172396.980,360.060
-443710.240,-1172396.750,360.010
-443711.550,-1172395.560,359.670
-443711.810,-1172395.320,359.630
-443709.310,-1172397.050,360.080
-443710.360,-1172396.090,359.780
-443710.900,-1172395.600,359.700
-443711.190,-1172395.330,359.650
-443711.410,-1172395.130,359.470
-443706.830,-1172398.890,360.650
-443707.370,-1172398.390,360.540
-443707.640,-1172398.150,360.470
-443708.670,-1172397.200,360.160
-443709.500,-1172396.450,359.960
-443710.780,-1172395.290,359.560
-443707.010,-1172398.220,360.430
-443707.260,-1172398.000,360.320
-443707.800,-1172397.510,360.230
-443708.320,-1172397.030,360.060
-443708.850,-1172396.550,359.960
-443709.910,-1172395.580,359.730
-443706.800,-1172398.080,360.420
-443707.040,-1172397.860,360.320
-443708.080,-1172396.910,360.070
-443708.860,-1172396.200,359.840
-443709.120,-1172395.960,359.810
-443709.910,-1172395.250,359.600
-443710.160,-1172395.020,359.460
-443707.350,-1172397.250,360.150
-443708.130,-1172396.550,359.940
-443708.410,-1172396.290,359.890
-443708.910,-1172395.840,359.730
-443709.430,-1172395.360,359.620
-443707.460,-1172396.900,360.040
-443709.320,-1172395.210,359.530
-443706.760,-1172396.540,360.020
-443708.080,-1172395.340,359.650
-443708.330,-1172395.110,359.480
-443707.580,-1172396.260,359.850
-443708.620,-1172395.310,359.600
-443707.150,-1172395.770,359.710
-443707.440,-1172395.500,359.680
-443707.910,-1172395.070,359.480
-443707.120,-1172395.470,359.690
-443839.650,-1172307.470,356.080
-443831.170,-1172306.650,357.370
-443818.090,-1172309.910,357.520
-443818.580,-1172309.940,357.550
-443808.560,-1172309.490,358.800
-443792.990,-1172312.970,361.050
-443790.620,-1172313.240,361.050
-443797.040,-1172306.440,357.310
-443796.220,-1172306.820,357.440
-443793.000,-1172307.020,357.380
-443785.190,-1172313.620,361.080
-443785.250,-1172310.810,359.410
-443771.340,-1172315.110,361.670
-443772.240,-1172293.480,358.810
-443771.160,-1172293.980,359.150
-443769.140,-1172294.300,359.210
-443769.360,-1172294.090,359.120
-443743.060,-1172316.940,361.010
-443747.750,-1172312.150,358.270
-443740.690,-1172317.330,361.100
-443735.030,-1172319.330,361.950
-443759.840,-1172295.050,359.240
-443732.030,-1172319.420,361.780
-443744.690,-1172290.500,360.270
-443733.780,-1172292.040,359.640
-443721.130,-1172293.850,357.940
-443719.830,-1172294.530,358.260
-443712.970,-1172336.520,360.890
-443708.260,-1172337.070,360.880
-443708.760,-1172337.150,360.960
-443707.480,-1172337.340,361.020
-443707.700,-1172337.140,360.890
-443711.970,-1172331.330,360.980
-443720.060,-1172320.700,359.080
-443711.340,-1172326.780,360.530
-443718.070,-1172320.590,359.010
-443718.300,-1172320.370,358.940
-443718.420,-1172320.800,359.110
-443717.280,-1172320.430,358.940
-443718.010,-1172320.230,358.880
-443718.270,-1172319.990,358.800
-443717.380,-1172319.840,358.750
-443717.640,-1172319.600,358.680
-443717.890,-1172319.370,358.590
-443717.160,-1172319.100,358.510
-443717.410,-1172318.870,358.420
-443715.170,-1172321.300,362.100
-443717.200,-1172318.650,358.370
-443716.930,-1172317.950,358.160
-443714.380,-1172319.500,360.620
-443716.660,-1172317.820,358.090
-443716.450,-1172316.530,357.710
-443712.090,-1172319.720,360.640
-443714.110,-1172315.930,360.200
-443710.820,-1172319.520,360.570
-443712.780,-1172315.890,357.460
-443713.010,-1172315.680,357.360
-443711.800,-1172315.940,359.980
-443711.290,-1172316.410,357.480
-443707.570,-1172320.280,360.660
-443711.770,-1172316.420,357.480
-443712.050,-1172316.150,357.450
-443712.560,-1172315.690,357.260
-443709.190,-1172316.610,357.500
-443709.480,-1172316.350,357.500
-443709.940,-1172316.460,357.440
-443710.230,-1172316.190,357.440
-443710.450,-1172315.980,357.310
-443710.800,-1172315.980,357.320
-443711.330,-1172316.010,357.450
-443711.540,-1172315.820,357.290
-443707.430,-1172316.350,357.350
-443708.020,-1172316.230,357.340
-443708.290,-1172316.330,360.020
-443708.030,-1172316.580,357.490
-443708.280,-1172316.940,357.580
-443708.510,-1172316.730,357.490
-443708.780,-1172316.480,357.470
-443709.060,-1172316.220,357.410
-443698.670,-1172317.160,360.960
-443696.810,-1172318.100,361.480
-443697.590,-1172316.470,360.900
-443717.460,-1172294.790,358.230
-443713.810,-1172295.170,358.140
-443710.840,-1172293.990,357.250
-443702.020,-1172293.720,357.030
-443703.750,-1172290.800,356.650
-443697.980,-1172292.280,359.140
-443823.730,-1172437.110,351.110
-443820.740,-1172437.900,351.160
-443817.430,-1172436.760,350.950
-443814.540,-1172435.640,350.750
-443814.320,-1172435.690,350.810
-443812.830,-1172435.200,350.690
-443812.560,-1172435.920,350.830
-443812.140,-1172437.010,351.030
-443811.740,-1172438.060,351.240
-443808.050,-1172436.650,350.930
-443804.350,-1172436.810,350.930
-443794.900,-1172411.990,353.420
-443794.760,-1172412.350,353.490
-443795.470,-1172410.490,352.870
-443795.180,-1172411.240,353.110
-443794.710,-1172410.980,352.930
-443794.580,-1172411.340,353.020
-443794.430,-1172411.730,353.130
-443794.290,-1172412.110,353.330
-443794.390,-1172410.970,353.060
-443794.250,-1172411.350,353.170
-443796.520,-1172410.510,352.820
-443796.370,-1172410.910,352.970
-443796.230,-1172411.270,353.030
-443795.950,-1172412.030,353.280
-443795.800,-1172412.420,353.490
-443795.670,-1172412.770,353.570
-443795.520,-1172413.160,353.730
-443796.140,-1172410.790,352.960
-443796.010,-1172411.150,353.090
-443795.720,-1172411.900,353.300
-443795.570,-1172412.300,353.450
-443794.860,-1172412.700,353.540
-443798.070,-1172410.290,352.830
-443797.930,-1172410.640,352.880
-443797.640,-1172411.420,353.220
-443797.230,-1172412.500,353.570
-443796.820,-1172413.610,353.880
-443796.680,-1172413.980,354.060
-443797.450,-1172410.210,352.770
-443797.170,-1172410.960,352.950
-443797.020,-1172411.350,353.070
-443796.590,-1172412.490,353.460
-443796.170,-1172413.620,353.880
-443796.760,-1172411.290,353.120
-443796.330,-1172412.440,353.520
-443796.180,-1172412.830,353.690
-443797.840,-1172413.190,353.870
-443798.410,-1172410.250,352.760
-443797.840,-1172411.770,353.320
-443797.700,-1172412.130,353.470
-443797.290,-1172413.220,353.760
-443797.150,-1172413.600,353.860
-443796.860,-1172414.370,354.170
-443799.690,-1172410.710,353.020
-443799.540,-1172411.100,353.150
-443799.390,-1172411.490,353.230
-443799.830,-1172410.330,352.890
-443798.760,-1172411.380,353.110
-443798.600,-1172411.790,353.270
-443798.310,-1172412.560,353.540
-443800.030,-1172410.660,352.960
-443734.240,-1172421.960,353.410
-443774.690,-1172424.950,353.600
-443788.760,-1172417.670,349.950
-443792.400,-1172410.430,352.840
-443793.240,-1172410.610,352.790
-443793.940,-1172410.550,352.770
-443793.810,-1172410.910,352.890
-443793.670,-1172411.270,352.980
-443791.960,-1172417.350,349.770
-443799.620,-1172376.630,348.170
-443762.540,-1172404.890,349.780
-443708.660,-1172403.340,352.230
-443848.730,-1172300.350,348.920
-443718.740,-1172328.850,352.580
-443847.800,-1172431.990,374.220
-443848.240,-1172414.820,374.120
-443848.050,-1172415.060,374.350
-443847.640,-1172414.920,374.170
-443846.690,-1172415.050,374.320
-443846.050,-1172414.930,374.360
-443848.600,-1172406.370,374.350
-443837.680,-1172432.510,374.750
-443846.830,-1172406.230,374.210
-443841.260,-1172418.620,377.700
-443839.440,-1172421.500,377.480
-443847.940,-1172399.300,374.390
-443845.770,-1172399.360,374.420
-443845.310,-1172399.320,374.280
-443844.350,-1172399.420,374.270
-443843.920,-1172392.300,374.790
-443850.740,-1172370.630,373.380
-443839.670,-1172399.550,374.390
-443839.510,-1172399.480,374.390
-443838.990,-1172399.640,374.460
-443837.290,-1172399.630,374.350
-443836.070,-1172399.650,374.480
-443838.190,-1172366.800,371.140
-443837.530,-1172366.930,371.120
-443835.400,-1172366.950,371.180
-443835.970,-1172355.600,370.600
-443831.090,-1172354.300,370.800
-443764.350,-1172436.290,361.370
-443764.230,-1172436.620,361.400
-443761.920,-1172436.600,361.380
-443761.570,-1172436.790,361.460
-443758.890,-1172436.680,361.410
-443759.180,-1172436.720,361.350
-443758.280,-1172436.790,361.360
-443756.520,-1172436.860,361.380
-443748.110,-1172437.200,361.380
-443747.910,-1172437.150,361.430
-443744.430,-1172437.220,361.400
-443743.780,-1172437.400,361.350
-443741.690,-1172437.370,361.420
-443740.080,-1172437.520,361.390
-443738.380,-1172437.380,361.360
-443738.260,-1172437.700,361.360
-443735.660,-1172437.610,361.370
-443711.210,-1172399.080,360.710
-443711.630,-1172399.010,360.680
-443711.220,-1172400.110,360.960
-443712.040,-1172399.390,360.820
-443711.560,-1172395.530,359.670
-443711.150,-1172396.640,360.040
-443711.020,-1172396.990,360.060
-443710.490,-1172398.450,360.530
-443710.370,-1172398.780,360.620
-443711.580,-1172396.280,359.860
-443710.940,-1172398.030,360.310
-443710.410,-1172399.500,360.790
-443710.770,-1172395.720,359.810
-443709.320,-1172399.710,360.850
-443711.290,-1172395.010,359.550
-443711.150,-1172395.370,359.650
-443710.330,-1172395.090,359.730
-443708.890,-1172399.060,360.780
-443709.080,-1172399.060,360.670
-443709.900,-1172395.090,359.560
-443709.770,-1172395.430,359.650
-443709.130,-1172397.190,360.050
-443708.200,-1172399.740,360.900
-443708.970,-1172395.080,359.630
-443708.840,-1172395.440,359.700
-443708.050,-1172397.610,360.370
-443707.650,-1172398.690,360.580
-443707.520,-1172399.050,360.690
-443707.390,-1172399.410,360.820
-443709.140,-1172395.000,359.530
-443709.020,-1172395.350,359.620
-443708.210,-1172397.550,360.250
-443707.830,-1172398.620,360.600
-443707.700,-1172398.980,360.660
-443708.240,-1172395.300,359.660
-443707.190,-1172398.200,360.470
-443707.470,-1172398.120,360.440
-443706.810,-1172399.940,360.940
-443707.770,-1172395.130,359.600
-443707.640,-1172395.480,359.650
-443706.730,-1172398.000,360.330
-443706.590,-1172398.390,360.520
-443706.970,-1172395.390,359.630
-443707.250,-1172395.960,359.850
-443830.750,-1172305.500,356.560
-443830.640,-1172306.750,357.290
-443831.280,-1172306.650,357.450
-443814.440,-1172308.740,358.870
-443797.210,-1172306.540,357.500
-443797.570,-1172306.530,357.510
-443796.290,-1172306.720,357.610
-443768.650,-1172293.680,358.820
-443758.680,-1172295.080,359.110
-443737.660,-1172319.150,361.990
-443736.730,-1172319.110,362.030
-443731.040,-1172318.550,361.280
-443724.590,-1172320.160,359.150
-443722.400,-1172320.450,359.160
-443720.820,-1172315.320,357.490
-443727.310,-1172295.210,356.900
-443714.850,-1172336.530,361.100
-443715.330,-1172336.180,360.800
-443714.030,-1172336.640,361.100
-443713.030,-1172336.670,361.130
-443718.710,-1172320.560,359.170
-443712.100,-1172336.800,361.140
-443718.460,-1172320.190,358.910
-443718.320,-1172320.580,359.010
-443718.230,-1172320.030,358.810
-443718.070,-1172320.450,359.010
-443717.620,-1172319.900,358.870
-443717.470,-1172320.310,359.000
-443717.930,-1172319.630,358.690
-443717.660,-1172320.380,358.910
-443717.510,-1172320.790,359.070
-443717.030,-1172320.540,359.020
-443717.350,-1172318.780,358.560
-443717.090,-1172318.150,358.210
-443716.960,-1172318.510,358.270
-443715.330,-1172321.180,362.130
-443709.480,-1172337.150,361.040
-443716.970,-1172317.760,358.150
-443714.550,-1172319.450,360.620
-443713.680,-1172319.440,360.620
-443713.230,-1172318.510,360.510
-443713.800,-1172315.870,360.250
-443712.490,-1172316.040,360.230
-443711.050,-1172319.960,360.610
-443711.010,-1172319.800,360.690
-443711.600,-1172315.840,360.280
-443709.380,-1172321.900,362.220
-443718.690,-1172290.940,355.880
-443709.400,-1172316.230,360.210
-443709.050,-1172316.460,360.210
-443707.630,-1172320.340,360.630
-443717.300,-1172291.380,355.870
-443707.290,-1172316.380,360.220
-443707.500,-1172316.460,360.210
-443707.940,-1172316.220,360.190
-443711.360,-1172293.950,357.330
-443711.090,-1172293.010,356.880
-443698.070,-1172316.930,361.120
-443696.750,-1172318.570,361.600
-443851.060,-1172301.320,349.310
-443822.890,-1172438.190,351.310
-443821.500,-1172438.800,351.370
-443821.990,-1172435.230,350.740
-443818.650,-1172436.470,350.940
-443811.920,-1172439.520,351.470
-443817.590,-1172434.800,350.660
-443812.760,-1172434.800,350.630
-443810.560,-1172435.440,350.730
-443805.210,-1172437.500,351.120
-443804.390,-1172434.190,350.540
-443794.340,-1172411.320,353.140
-443794.640,-1172411.080,353.060
-443794.950,-1172410.820,352.970
-443795.230,-1172410.600,352.910
-443793.940,-1172411.100,353.030
-443794.510,-1172410.630,352.910
-443796.090,-1172410.820,352.940
-443796.660,-1172410.360,352.850
-443795.490,-1172411.310,353.130
-443794.370,-1172411.840,353.270
-443795.240,-1172411.130,353.080
-443796.490,-1172410.110,352.690
-443795.270,-1172412.780,353.610
-443795.870,-1172412.300,353.430
-443796.430,-1172411.840,353.320
-443797.340,-1172411.100,353.050
-443795.370,-1172412.240,353.440
-443795.970,-1172411.750,353.270
-443796.280,-1172411.500,353.220
-443796.560,-1172411.270,353.140
-443796.880,-1172411.010,353.020
-443797.450,-1172410.540,352.900
-443795.480,-1172411.710,353.230
-443796.070,-1172411.230,353.100
-443796.380,-1172410.970,353.010
-443796.690,-1172410.720,352.950
-443797.270,-1172410.240,352.790
-443795.970,-1172413.020,353.730
-443797.140,-1172412.060,353.430
-443798.360,-1172411.060,353.110
-443799.550,-1172410.090,352.800
-443795.630,-1172412.890,353.690
-443796.220,-1172412.410,353.560
-443797.400,-1172411.450,353.240
-443798.590,-1172410.480,352.940
-443797.610,-1172410.870,352.990
-443797.890,-1172410.640,352.930
-443796.150,-1172413.330,353.800
-443797.040,-1172412.600,353.590
-443797.360,-1172412.340,353.500
-443799.150,-1172410.890,353.040
-443799.430,-1172410.660,352.980
-443799.130,-1172411.720,353.380
-443799.420,-1172411.480,353.300
-443796.460,-1172413.900,354.060
-443797.370,-1172413.160,353.810
-443797.950,-1172412.680,353.660
-443798.260,-1172412.430,353.590
-443798.550,-1172412.190,353.550
-443796.830,-1172413.270,353.790
-443797.110,-1172413.040,353.710
-443797.400,-1172412.800,353.640
-443798.010,-1172412.300,353.490
-443798.610,-1172411.820,353.370
-443798.900,-1172411.580,353.300
-443799.220,-1172411.320,353.190
-443799.510,-1172411.080,353.120
-443799.810,-1172410.840,353.050
-443800.400,-1172410.350,352.930
-443797.570,-1172413.350,353.840
-443793.110,-1172424.470,347.580
-443787.410,-1172424.240,350.250
-443787.710,-1172423.990,350.170
-443734.210,-1172421.930,353.380
-443733.950,-1172422.140,353.330
-443734.680,-1172422.070,353.390
-443771.040,-1172409.880,349.550
-443771.910,-1172409.180,349.330
-443793.100,-1172410.780,352.900
-443793.400,-1172410.530,352.840
-443793.390,-1172411.020,353.010
-443793.650,-1172411.340,353.110
-443786.320,-1172417.870,349.910
-443787.730,-1172417.640,349.880
-443791.100,-1172417.450,349.790
-443791.460,-1172417.650,349.890
-443791.960,-1172417.570,349.900
-443792.490,-1172417.500,349.770
-443833.180,-1172391.710,346.600
-443826.010,-1172363.320,347.300
-443732.350,-1172387.790,348.840
-443762.620,-1172405.140,349.640
-443709.290,-1172403.120,352.150
-443848.880,-1172301.380,349.330
-443846.860,-1172301.490,349.330
-443825.040,-1172303.410,352.050
-443743.670,-1172335.770,353.290
-443750.640,-1172334.930,352.350
-443720.770,-1172328.740,352.670
-443719.570,-1172328.770,352.720
-443837.460,-1172432.500,374.750
-443847.210,-1172415.170,374.320
-443848.030,-1172414.970,374.210
-443846.980,-1172415.000,374.250
-443839.750,-1172421.380,377.560
-443838.830,-1172421.480,377.450
-443846.590,-1172415.000,374.290
-443839.520,-1172418.610,377.450
-443831.610,-1172420.620,377.840
-443844.130,-1172406.960,374.760
-443848.110,-1172399.240,374.380
-443846.760,-1172399.210,374.320
-443846.360,-1172399.260,374.350
-443844.260,-1172399.350,374.310
-443843.780,-1172399.250,374.340
-443843.160,-1172399.430,374.400
-443841.360,-1172399.440,374.370
-443840.680,-1172399.540,374.430
-443840.210,-1172399.510,374.360
-443838.890,-1172399.590,374.400
-443838.470,-1172399.580,374.370
-443837.990,-1172399.640,374.400
-443836.730,-1172399.650,374.400
-443836.090,-1172399.720,374.440
-443767.870,-1172436.390,361.460
-443767.370,-1172436.330,361.440
-443767.080,-1172436.170,361.380
-443764.530,-1172436.560,361.480
-443764.360,-1172436.310,361.370
-443762.740,-1172436.530,361.420
-443761.590,-1172436.460,361.380
-443759.460,-1172436.760,361.440
-443759.220,-1172436.640,361.390
-443758.180,-1172436.550,361.370
-443756.840,-1172436.780,361.400
-443755.590,-1172436.880,361.420
-443754.100,-1172437.470,361.750
-443754.140,-1172437.020,361.490
-443749.120,-1172437.090,361.420
-443744.210,-1172437.220,361.390
-443829.120,-1172366.800,370.730
-443741.920,-1172437.530,361.450
-443741.530,-1172437.410,361.400
-443740.800,-1172437.520,361.420
-443739.970,-1172437.490,361.390
-443738.860,-1172438.140,361.760
-443739.010,-1172437.640,361.430
-443737.590,-1172437.750,361.460
-443737.360,-1172437.390,361.330
-443735.220,-1172437.510,361.340
-443831.110,-1172342.520,370.580
-443835.950,-1172337.490,370.600
-443712.190,-1172400.190,361.020
-443712.450,-1172399.970,360.970
-443711.320,-1172399.920,360.940
-443711.920,-1172399.430,360.790
-443712.210,-1172399.190,360.740
-443711.800,-1172399.040,360.660
-443712.090,-1172398.810,360.620
-443710.410,-1172399.540,360.830
-443710.720,-1172399.290,360.740
-443711.000,-1172399.050,360.720
-443708.890,-1172400.210,361.000
-443710.890,-1172398.560,360.520
-443711.170,-1172398.330,360.480
-443708.130,-1172400.290,361.060
-443709.270,-1172399.350,360.790
-443711.530,-1172397.480,360.240
-443707.320,-1172400.530,361.080
-443708.160,-1172399.830,360.950
-443708.460,-1172399.590,360.830
-443710.470,-1172397.920,360.380
-443711.300,-1172397.240,360.190
-443711.580,-1172397.000,360.150
-443707.910,-1172399.460,360.840
-443709.070,-1172398.500,360.530
-443709.330,-1172398.280,360.520
-443712.180,-1172395.920,359.840
-443706.750,-1172399.880,360.930
-443707.040,-1172399.640,360.880
-443707.310,-1172399.410,360.830
-443707.620,-1172399.160,360.760
-443707.910,-1172398.920,360.690
-443709.920,-1172397.250,360.220
-443710.200,-1172397.020,360.110
-443710.500,-1172396.770,360.010
-443710.780,-1172396.540,360.020
-443711.090,-1172396.280,359.930
-443712.220,-1172395.340,359.660
-443707.720,-1172398.550,360.560
-443709.150,-1172397.360,360.220
-443709.450,-1172397.110,360.160
-443710.310,-1172396.400,359.940
-443707.350,-1172398.340,360.490
-443707.630,-1172398.100,360.400
-443707.910,-1172397.870,360.350
-443709.340,-1172396.690,360.020
-443710.220,-1172395.960,359.850
-443710.500,-1172395.720,359.760
-443711.380,-1172394.990,359.520
-443708.280,-1172396.920,360.120
-443708.820,-1172396.460,359.980
-443710.000,-1172395.490,359.700
-443710.560,-1172395.030,359.530
-443707.440,-1172396.940,360.140
-443708.280,-1172396.240,359.920
-443709.420,-1172395.290,359.630
-443709.090,-1172395.050,359.510
-443708.560,-1172394.990,359.500
-443707.110,-1172396.190,359.880
-443707.390,-1172395.960,359.800
-443707.970,-1172395.470,359.650
-443707.710,-1172395.080,359.530
-443833.410,-1172306.440,357.490
-443834.480,-1172306.260,357.390
-443827.190,-1172308.840,356.060
-443825.580,-1172309.090,356.140
-443814.520,-1172308.760,358.760
-443812.180,-1172308.960,358.680
-443794.630,-1172312.750,361.110
-443792.000,-1172313.060,361.120
-443797.560,-1172306.540,357.420
-443797.820,-1172306.320,357.440
-443796.310,-1172306.740,357.490
-443786.620,-1172310.950,359.480
-443781.900,-1172314.200,361.190
-443789.370,-1172307.220,357.480
-443739.300,-1172318.910,362.020
-443760.500,-1172294.940,359.250
-443758.290,-1172295.360,359.270
-443758.580,-1172295.110,359.310
-443744.720,-1172290.420,360.320
-443714.670,-1172336.230,360.870
-443715.850,-1172336.390,361.060
-443707.830,-1172337.130,360.930
-443711.500,-1172330.710,360.970
-443718.250,-1172320.260,358.940
-443717.540,-1172319.580,358.740
-443717.860,-1172319.320,358.610
-443717.180,-1172319.230,358.600
-443716.780,-1172317.730,358.130
-443714.080,-1172319.450,360.650
-443716.400,-1172315.850,357.500
-443710.960,-1172319.930,360.790
-443709.260,-1172320.050,360.710
-443707.340,-1172316.300,360.090
-443707.880,-1172316.350,360.140
-443708.850,-1172316.260,360.130
-443699.260,-1172317.580,361.050
-443699.530,-1172317.350,361.000
-443700.130,-1172316.830,360.780
-443696.710,-1172318.550,361.770
-443697.030,-1172318.270,361.620
-443696.780,-1172317.810,361.440
-443717.720,-1172291.320,355.970
-443717.340,-1172291.090,355.920
-443711.670,-1172293.850,357.330
-443706.950,-1172296.840,358.710
-443711.100,-1172293.250,356.860
-443705.530,-1172296.750,358.690
-443703.200,-1172294.060,357.070
-443696.970,-1172291.980,359.140
