-443838.820,-1172356.480,370.780
-443834.050,-1172397.520,353.950
-443838.940,-1172360.570,371.040
-443838.480,-1172344.820,370.740
-443838.470,-1172340.610,370.980
-443834.250,-1172397.540,353.950
-443833.610,-1172386.060,353.930
-443769.100,-1172402.190,349.780
-443850.800,-1172431.370,374.330
-443835.350,-1172422.570,369.320
-443849.580,-1172391.800,374.690
-443835.250,-1172401.380,374.120
-443834.600,-1172399.930,366.870
-443838.980,-1172362.050,370.900
-443838.620,-1172347.740,370.930
-443838.330,-1172337.750,370.980
