-443802.08,-1172434.23,351.57
-443803.10,-1172435.71,350.73
-443803.22,-1172435.40,350.68
-443803.94,-1172435.53,350.70
-443804.06,-1172435.21,350.66
-443804.29,-1172434.63,350.53
-443804.43,-1172435.42,350.67
-443802.45,-1172440.47,351.52
-443804.77,-1172436.71,350.90
-443804.88,-1172436.43,350.86
-443804.99,-1172436.15,350.80
-443805.46,-1172434.96,350.60
-443803.11,-1172440.94,351.41
-443804.17,-1172438.23,351.20
-443803.31,-1172441.12,351.40
-443803.91,-1172439.59,351.40
-443804.04,-1172439.27,351.35
-443804.26,-1172438.70,351.27
-443804.38,-1172438.40,351.22
-443804.98,-1172436.87,350.93
-443805.10,-1172436.57,350.87
-443805.21,-1172436.29,350.83
-443805.34,-1172435.96,350.76
-443803.94,-1172440.63,351.46
-443804.54,-1172439.12,351.34
-443803.83,-1172440.93,351.43
-443804.06,-1172441.03,351.39
-443804.17,-1172440.74,351.47
-443804.29,-1172440.42,351.47
-443804.76,-1172439.24,351.36
-443804.88,-1172438.92,351.31
-443805.12,-1172438.33,351.18
-443804.52,-1172441.14,351.35
-443804.63,-1172440.84,351.42
-443804.76,-1172440.52,351.47
-443804.87,-1172440.24,351.50
-443805.10,-1172439.65,351.47
-443805.33,-1172439.06,351.35
-443805.45,-1172438.76,351.29
-443805.56,-1172438.47,351.25
-443806.63,-1172435.75,350.73
-443806.83,-1172435.85,350.74
-443804.83,-1172440.94,351.42
-443804.95,-1172440.64,351.46
-443805.07,-1172440.33,351.51
-443805.43,-1172440.58,351.48
-443807.79,-1172434.59,350.56
-443807.90,-1172434.29,350.52
-443805.76,-1172440.65,351.45
-443808.56,-1172433.53,349.36
-443806.11,-1172441.15,351.34
-443806.22,-1172440.86,351.40
-443806.34,-1172440.56,351.47
-443808.18,-1172436.40,350.87
-443808.41,-1172435.81,350.78
-443808.78,-1172434.89,350.61
-443806.40,-1172440.94,351.41
-443806.52,-1172440.62,351.46
-443806.63,-1172440.34,351.49
-443806.91,-1172440.66,351.43
-443807.03,-1172440.35,351.49
-443809.16,-1172434.94,350.62
-443807.13,-1172440.80,351.38
-443807.25,-1172440.49,351.46
-443807.57,-1172441.05,351.35
-443807.69,-1172440.74,351.42
-443807.82,-1172440.41,351.45
-443810.52,-1172433.56,349.39
-443810.63,-1172433.27,349.36
-443807.99,-1172440.64,351.44
-443808.11,-1172440.32,351.49
-443810.80,-1172433.48,349.38
-443811.32,-1172433.47,349.37
-443811.43,-1172433.19,349.36
-443808.51,-1172440.61,351.43
-443811.60,-1172433.63,349.39
-443811.71,-1172433.35,349.35
-443808.65,-1172441.11,351.36
-443808.89,-1172440.51,351.43
-443809.28,-1172441.06,351.34
-443809.52,-1172440.46,351.42
-443812.23,-1172433.56,349.37
-443809.53,-1172441.13,351.32
-443809.64,-1172440.85,351.40
-443811.88,-1172435.14,350.63
-443812.59,-1172433.35,349.35
-443812.71,-1172433.04,349.37
-443810.09,-1172441.01,351.35
-443810.20,-1172440.72,351.39
-443813.14,-1172433.26,349.36
-443810.42,-1172441.11,351.34
-443810.54,-1172440.80,351.41
-443810.66,-1172440.49,351.45
-443813.58,-1172433.06,349.36
-443811.01,-1172441.04,351.31
-443811.13,-1172440.71,351.40
-443811.25,-1172440.41,351.44
-443811.97,-1172438.58,351.29
-443812.55,-1172437.11,351.02
-443814.07,-1172433.25,349.34
-443812.96,-1172436.81,350.95
-443811.30,-1172441.04,351.33
-443811.42,-1172440.74,351.39
-443811.55,-1172440.41,351.46
-443811.67,-1172440.11,351.50
-443811.98,-1172440.45,351.43
-443813.06,-1172437.71,351.13
-443813.29,-1172437.13,351.01
-443813.77,-1172435.90,350.80
-443813.89,-1172435.59,350.74
-443812.28,-1172440.55,351.41
-443814.76,-1172435.42,350.70
-443815.00,-1172434.80,350.60
-443812.85,-1172440.90,351.34
-443812.97,-1172440.60,351.42
-443813.08,-1172440.31,351.45
-443813.20,-1172440.01,351.51
-443812.52,-1172441.12,351.29
-443812.64,-1172440.82,351.37
-443812.75,-1172440.53,351.42
-443812.87,-1172440.22,351.46
-443814.85,-1172435.82,350.77
-443815.21,-1172434.91,350.62
-443815.32,-1172434.62,350.57
-443813.11,-1172441.09,351.29
-443813.23,-1172440.77,351.38
-443813.35,-1172440.47,351.41
-443814.52,-1172437.49,351.10
-443815.23,-1172435.69,350.78
-443815.58,-1172434.79,350.63
-443813.38,-1172441.16,351.32
-443813.50,-1172440.84,351.39
-443813.62,-1172440.54,351.43
-443813.73,-1172440.24,351.49
-443814.80,-1172437.52,351.09
-443815.38,-1172436.05,350.85
-443815.49,-1172435.78,350.77
-443815.62,-1172435.45,350.74
-443815.73,-1172435.16,350.65
-443815.85,-1172434.86,350.62
-443813.81,-1172441.16,351.30
-443813.93,-1172440.86,351.36
-443814.18,-1172440.22,351.46
-443816.17,-1172435.17,350.69
-443814.13,-1172441.07,351.33
-443814.25,-1172440.76,351.39
-443814.37,-1172440.46,351.44
-443815.10,-1172438.60,352.05
-443815.22,-1172438.30,352.05
-443816.15,-1172435.92,350.80
-443816.86,-1172434.14,350.47
-443814.53,-1172441.03,351.32
-443817.26,-1172434.08,350.49
-443814.65,-1172440.72,351.36
-443814.77,-1172440.42,351.42
-443815.73,-1172437.98,351.21
-443815.85,-1172437.68,351.16
-443815.96,-1172437.38,351.10
-443816.67,-1172435.58,350.76
-443815.05,-1172440.58,351.43
-443815.17,-1172440.27,351.45
-443815.28,-1172439.98,351.51
-443816.35,-1172437.27,351.05
-443815.31,-1172440.96,351.33
-443815.43,-1172440.67,351.36
-443816.13,-1172438.88,351.36
-443816.72,-1172437.39,351.09
-443818.02,-1172434.08,350.51
-443815.51,-1172440.96,351.32
-443815.62,-1172440.67,351.38
-443816.11,-1172439.44,351.45
-443816.23,-1172439.12,351.41
-443816.81,-1172437.65,351.14
-443816.92,-1172437.38,351.05
-443817.75,-1172435.26,350.71
-443818.22,-1172434.07,350.49
-443815.97,-1172440.61,351.36
-443816.09,-1172440.30,351.41
-443816.21,-1172439.99,351.46
-443816.44,-1172439.39,351.45
-443815.85,-1172440.90,351.31
-443817.97,-1172435.50,350.74
-443818.32,-1172434.62,350.60
-443818.44,-1172434.30,350.55
-443816.24,-1172440.68,351.35
-443816.37,-1172440.36,351.40
-443816.49,-1172440.04,351.47
-443817.07,-1172438.56,351.29
-443818.26,-1172435.56,350.74
-443816.12,-1172440.99,351.32
-443816.61,-1172440.94,351.29
-443816.73,-1172440.63,351.35
-443816.85,-1172440.34,351.41
-443816.97,-1172440.05,351.44
-443817.80,-1172437.92,351.19
-443817.91,-1172437.63,351.13
-443818.64,-1172435.79,350.81
-443818.75,-1172435.51,350.74
-443818.99,-1172434.91,350.64
-443816.86,-1172441.09,351.29
-443816.97,-1172440.81,351.31
-443817.09,-1172440.50,351.39
-443817.20,-1172440.21,351.42
-443818.04,-1172438.08,351.20
-443818.16,-1172437.76,351.12
-443818.28,-1172437.46,351.07
-443819.11,-1172435.36,350.71
-443819.22,-1172435.07,350.67
-443819.59,-1172434.14,350.52
-443819.70,-1172433.87,350.47
-443817.33,-1172440.91,351.26
-443817.44,-1172440.62,351.35
-443817.56,-1172440.33,351.40
-443817.68,-1172440.01,351.47
-443819.34,-1172435.79,350.80
-443817.71,-1172440.93,351.31
-443817.82,-1172440.64,351.36
-443817.94,-1172440.35,351.41
-443818.06,-1172440.04,351.43
-443818.18,-1172439.72,351.48
-443819.69,-1172435.89,350.81
-443820.41,-1172434.04,350.50
-443818.18,-1172440.95,351.25
-443818.41,-1172440.35,351.36
-443818.54,-1172440.03,351.43
-443818.78,-1172439.42,351.47
-443818.90,-1172439.11,351.40
-443819.01,-1172438.83,351.36
-443819.25,-1172438.22,351.25
-443820.77,-1172434.35,350.56
-443820.89,-1172434.05,350.53
-443818.38,-1172441.08,351.26
-443818.50,-1172440.78,351.32
-443818.62,-1172440.48,351.37
-443818.86,-1172439.88,351.47
-443819.21,-1172438.98,351.37
-443820.97,-1172434.50,350.60
-443821.10,-1172434.17,350.53
-443821.22,-1172433.86,350.49
-443818.72,-1172441.15,351.26
-443819.09,-1172440.21,351.40
-443819.22,-1172439.89,351.44
-443819.56,-1172439.02,351.40
-443819.68,-1172438.71,351.34
-443819.80,-1172438.40,351.28
-443819.92,-1172438.11,351.22
-443820.16,-1172437.49,351.11
-443820.28,-1172437.17,351.08
-443820.40,-1172436.89,351.02
-443820.63,-1172436.29,350.92
-443820.75,-1172435.99,350.87
-443820.87,-1172435.69,350.81
-443821.33,-1172434.51,350.61
-443821.44,-1172434.22,350.57
-443820.58,-1172437.28,351.08
-443820.69,-1172436.99,351.04
-443820.80,-1172436.71,350.98
-443820.93,-1172436.39,350.94
-443819.63,-1172439.70,351.46
-443820.11,-1172438.47,351.29
-443820.22,-1172438.18,351.26
-443821.41,-1172437.19,351.08
-443821.53,-1172436.87,351.02
-443821.65,-1172436.57,350.97
-443821.77,-1172436.26,350.92
-443821.90,-1172435.94,350.87
-443822.24,-1172435.06,350.69
-443822.36,-1172434.75,350.63
-443822.60,-1172434.16,350.54
-443822.72,-1172433.86,350.49
-443820.68,-1172440.18,351.40
-443820.80,-1172439.87,351.47
-443820.92,-1172439.58,351.48
-443822.20,-1172436.31,350.92
-443821.52,-1172439.08,351.42
-443821.63,-1172438.80,351.36
-443821.87,-1172438.20,351.27
-443822.45,-1172436.72,350.99
-443822.56,-1172436.45,350.94
-443822.68,-1172436.13,350.88
-443823.03,-1172435.23,350.72
-443823.51,-1172434.03,350.54
-443823.64,-1172433.70,350.50
-443820.80,-1172440.93,351.25
-443821.16,-1172440.00,351.41
-443821.43,-1172440.63,351.29
-443821.54,-1172440.34,351.35
-443822.97,-1172436.71,350.99
-443823.43,-1172435.54,350.80
-443823.55,-1172435.24,350.74
-443823.78,-1172434.64,350.66
-443823.90,-1172434.35,350.60
-443824.02,-1172434.04,350.55
-443821.50,-1172441.10,351.19
-443821.62,-1172440.80,351.29
-443821.74,-1172440.49,351.32
-443821.87,-1172440.17,351.39
-443821.99,-1172439.85,351.44
-443822.10,-1172439.57,351.48
-443822.81,-1172437.76,351.18
-443821.89,-1172440.98,351.23
-443822.01,-1172440.67,351.29
-443822.12,-1172440.38,351.32
-443822.24,-1172440.09,351.41
-443822.36,-1172439.78,351.45
-443822.15,-1172441.09,351.22
-443822.27,-1172440.79,351.29
-443822.38,-1172440.51,351.32
-443822.50,-1172440.19,351.38
-443822.94,-1172440.27,351.38
-443823.05,-1172439.97,351.41
-443824.36,-1172436.66,350.98
-443824.48,-1172436.35,350.94
-443822.59,-1172441.15,351.21
-443822.99,-1172440.95,351.24
-443823.10,-1172440.65,351.32
-443823.22,-1172440.36,351.36
-443823.34,-1172440.06,351.44
-443823.46,-1172439.73,351.48
-443825.10,-1172435.58,350.82
-443823.43,-1172440.89,351.25
-443823.55,-1172440.60,351.31
-443823.67,-1172440.28,351.36
-443823.79,-1172439.97,351.41
-443823.92,-1172439.66,351.46
-443824.03,-1172439.37,351.47
-443824.18,-1172440.00,351.42
-443824.30,-1172439.67,351.47
-443825.06,-1172438.80,351.43
-443825.18,-1172438.49,351.34
-443826.02,-1172436.35,350.98
-443824.35,-1172440.60,351.30
-443824.94,-1172439.09,351.43
-443824.53,-1172440.75,351.30
-443825.01,-1172439.53,351.47
-443825.24,-1172438.93,351.44
-443825.96,-1172437.12,351.10
-443824.77,-1172440.89,351.24
-443824.89,-1172440.58,351.29
-443825.01,-1172440.29,351.35
-443825.13,-1172439.98,351.40
-443825.24,-1172439.68,351.47
-443825.60,-1172438.78,351.40
-443825.72,-1172438.48,351.35
-443825.84,-1172438.17,351.32
-443825.47,-1172440.06,351.39
-443825.84,-1172440.27,351.37
-443825.95,-1172439.99,351.41
-443825.96,-1172440.93,351.24
-443826.08,-1172440.62,351.30
-443826.20,-1172440.30,351.34
-443826.32,-1172440.99,351.23
-443826.43,-1172440.69,351.28
-443826.55,-1172440.40,351.32
-443802.07,-1172433.96,351.59
-443804.35,-1172435.03,350.64
-443804.11,-1172435.23,350.68
-443803.87,-1172435.44,350.71
-443803.37,-1172435.86,350.81
-443804.49,-1172434.48,350.54
-443804.24,-1172434.69,350.55
-443803.25,-1172435.53,350.73
-443803.01,-1172435.73,350.78
-443802.30,-1172436.33,351.55
-443802.07,-1172436.53,351.54
-443804.22,-1172435.56,350.72
-443805.71,-1172434.73,350.58
-443805.47,-1172434.93,350.61
-443808.40,-1172433.31,349.39
-443805.24,-1172435.98,350.80
-443805.01,-1172436.17,350.84
-443804.78,-1172436.37,350.87
-443804.54,-1172436.58,350.91
-443808.68,-1172433.46,349.40
-443805.48,-1172436.18,350.84
-443805.00,-1172436.58,350.92
-443804.74,-1172436.80,350.95
-443807.91,-1172434.60,350.59
-443806.65,-1172435.66,350.75
-443804.17,-1172438.30,351.24
-443810.67,-1172433.19,349.37
-443810.42,-1172433.40,349.41
-443808.96,-1172434.63,350.60
-443808.73,-1172434.83,350.63
-443804.32,-1172438.56,351.26
-443803.59,-1172439.18,351.40
-443811.22,-1172433.12,349.37
-443810.99,-1172433.32,349.39
-443809.05,-1172434.97,350.66
-443808.81,-1172435.17,350.70
-443804.16,-1172439.10,351.37
-443803.90,-1172439.32,351.42
-443802.43,-1172440.57,351.59
-443808.52,-1172435.83,350.80
-443805.35,-1172438.51,351.27
-443805.10,-1172438.72,351.31
-443804.85,-1172438.93,351.35
-443803.12,-1172440.40,351.55
-443811.47,-1172433.33,349.38
-443812.05,-1172433.36,349.41
-443805.43,-1172438.96,351.36
-443805.19,-1172439.16,351.39
-443804.94,-1172439.37,351.43
-443804.70,-1172439.58,351.46
-443803.46,-1172440.63,351.49
-443812.89,-1172433.04,349.37
-443812.65,-1172433.24,349.39
-443805.05,-1172439.67,351.46
-443804.82,-1172439.87,351.51
-443803.84,-1172440.70,351.48
-443803.61,-1172440.89,351.45
-443803.37,-1172441.09,351.42
-443804.96,-1172440.25,351.53
-443804.74,-1172440.44,351.50
-443804.48,-1172440.66,351.44
-443804.23,-1172440.86,351.42
-443803.98,-1172441.08,351.39
-443813.31,-1172433.19,349.40
-443814.04,-1172433.12,349.39
-443813.79,-1172433.33,349.36
-443812.12,-1172434.75,350.62
-443805.97,-1172439.96,351.51
-443805.50,-1172440.35,351.54
-443805.23,-1172440.58,351.49
-443804.98,-1172440.79,351.44
-443804.76,-1172440.98,351.42
-443808.82,-1172438.14,351.23
-443807.34,-1172439.39,351.43
-443806.11,-1172440.44,351.50
-443805.85,-1172440.65,351.47
-443805.35,-1172441.07,351.37
-443813.47,-1172434.20,350.54
-443806.73,-1172440.29,351.50
-443806.46,-1172440.52,351.48
-443806.20,-1172440.74,351.45
-443805.97,-1172440.94,351.41
-443805.73,-1172441.14,351.38
-443806.97,-1172440.48,351.50
-443806.71,-1172440.70,351.43
-443806.46,-1172440.91,351.41
-443806.23,-1172441.11,351.38
-443807.82,-1172440.25,351.52
-443807.58,-1172440.45,351.49
-443808.02,-1172440.64,351.46
-443807.76,-1172440.86,351.42
-443807.52,-1172441.06,351.37
-443815.38,-1172434.42,350.59
-443814.88,-1172434.84,350.65
-443814.63,-1172435.05,350.67
-443814.39,-1172435.26,350.74
-443814.15,-1172435.46,350.75
-443813.90,-1172435.67,350.80
-443813.66,-1172435.87,350.83
-443812.93,-1172436.49,350.94
-443812.70,-1172436.69,350.97
-443814.98,-1172435.22,350.71
-443814.71,-1172435.45,350.75
-443815.69,-1172434.63,350.60
-443817.22,-1172433.78,350.50
-443816.98,-1172433.98,350.48
-443816.72,-1172434.20,350.54
-443815.74,-1172435.03,350.69
-443813.28,-1172437.11,351.06
-443811.79,-1172438.37,351.31
-443809.36,-1172440.42,351.47
-443808.62,-1172441.06,351.35
-443809.59,-1172440.72,351.43
-443809.32,-1172440.95,351.41
-443815.48,-1172435.74,350.81
-443815.25,-1172435.93,350.84
-443813.27,-1172437.61,351.14
-443810.53,-1172440.45,351.45
-443809.77,-1172441.09,351.35
-443818.14,-1172434.01,350.52
-443818.30,-1172434.29,350.57
-443816.58,-1172435.75,350.81
-443816.34,-1172435.95,350.83
-443816.09,-1172436.16,350.88
-443814.66,-1172437.37,351.11
-443811.20,-1172440.30,351.49
-443810.19,-1172441.15,351.35
-443818.38,-1172434.68,350.64
-443811.99,-1172440.62,351.43
-443811.78,-1172440.26,351.48
-443811.52,-1172440.48,351.46
-443811.27,-1172440.69,351.40
-443811.02,-1172440.90,351.36
-443810.76,-1172441.13,351.34
-443820.47,-1172434.00,350.54
-443819.49,-1172434.83,350.66
-443819.25,-1172435.03,350.70
-443818.50,-1172435.67,350.80
-443818.26,-1172435.87,350.83
-443816.29,-1172437.54,351.14
-443815.79,-1172437.96,351.21
-443815.33,-1172438.34,352.08
-443819.60,-1172434.19,350.55
-443818.62,-1172435.01,350.69
-443818.13,-1172435.43,350.74
-443817.86,-1172435.66,350.79
-443813.09,-1172440.24,351.51
-443812.62,-1172440.64,351.41
-443812.36,-1172440.86,351.38
-443812.12,-1172441.06,351.35
-443821.18,-1172433.83,350.51
-443820.93,-1172434.04,350.56
-443820.68,-1172434.25,350.58
-443819.24,-1172435.47,350.78
-443818.73,-1172435.90,350.84
-443816.55,-1172437.75,351.16
-443815.31,-1172438.79,352.04
-443813.57,-1172440.27,351.50
-443812.82,-1172440.90,351.37
-443812.57,-1172441.11,351.32
-443821.44,-1172434.07,350.54
-443821.20,-1172434.28,350.61
-443820.20,-1172435.12,350.74
-443813.83,-1172440.51,351.45
-443813.58,-1172440.72,351.41
-443813.33,-1172440.94,351.35
-443813.09,-1172441.14,351.32
-443820.06,-1172435.80,350.85
-443819.80,-1172436.01,350.88
-443818.33,-1172437.26,351.11
-443818.07,-1172437.48,351.13
-443817.84,-1172437.68,351.16
-443817.61,-1172437.87,351.20
-443817.36,-1172438.08,351.24
-443816.14,-1172439.11,351.44
-443818.16,-1172437.95,351.21
-443817.93,-1172438.14,351.25
-443817.43,-1172438.56,351.33
-443817.18,-1172438.77,351.35
-443816.47,-1172439.38,351.50
-443815.98,-1172439.79,351.53
-443815.74,-1172439.99,351.51
-443815.00,-1172440.62,351.38
-443814.75,-1172440.83,351.38
-443814.50,-1172441.05,351.32
-443814.67,-1172440.35,351.46
-443814.41,-1172440.57,351.43
-443813.91,-1172441.00,351.35
-443822.62,-1172434.17,350.59
-443822.38,-1172434.38,350.60
-443820.89,-1172435.64,350.84
-443823.65,-1172433.68,350.51
-443823.42,-1172433.87,350.56
-443822.46,-1172434.69,350.66
-443822.22,-1172434.88,350.68
-443820.75,-1172436.13,350.92
-443817.26,-1172439.08,351.42
-443816.53,-1172439.70,351.52
-443816.28,-1172439.91,351.50
-443816.05,-1172440.11,351.48
-443815.81,-1172440.31,351.45
-443815.56,-1172440.52,351.44
-443815.32,-1172440.72,351.37
-443815.08,-1172440.92,351.36
-443814.83,-1172441.14,351.33
-443816.67,-1172439.92,351.49
-443816.42,-1172440.13,351.45
-443816.17,-1172440.35,351.42
-443815.93,-1172440.55,351.40
-443815.67,-1172440.77,351.37
-443815.43,-1172440.97,351.33
-443823.78,-1172433.91,350.55
-443822.32,-1172435.14,350.75
-443820.63,-1172436.58,351.00
-443820.37,-1172436.79,351.03
-443823.89,-1172434.30,350.62
-443823.65,-1172434.51,350.65
-443823.40,-1172434.72,350.69
-443823.55,-1172435.11,350.75
-443823.29,-1172435.33,350.79
-443821.81,-1172436.58,351.02
-443821.90,-1172435.98,350.91
-443821.68,-1172436.17,350.95
-443820.95,-1172436.79,351.04
-443820.71,-1172436.99,351.06
-443820.48,-1172437.18,351.11
-443819.23,-1172438.24,351.28
-443819.00,-1172438.44,351.30
-443818.77,-1172438.64,351.34
-443817.50,-1172439.70,351.51
-443817.26,-1172439.91,351.49
-443817.02,-1172440.11,351.47
-443816.79,-1172440.31,351.41
-443816.52,-1172440.53,351.40
-443816.27,-1172440.74,351.36
-443816.04,-1172440.94,351.34
-443815.78,-1172441.16,351.30
-443819.97,-1172438.59,351.35
-443819.73,-1172438.79,351.38
-443819.48,-1172439.00,351.40
-443821.55,-1172436.80,351.03
-443821.32,-1172437.00,351.07
-443820.11,-1172438.02,351.27
-443819.86,-1172438.23,351.27
-443819.13,-1172438.85,351.38
-443818.90,-1172439.04,351.41
-443818.64,-1172439.26,351.44
-443818.15,-1172439.67,351.51
-443817.92,-1172439.87,351.47
-443817.66,-1172440.09,351.47
-443817.40,-1172440.31,351.41
-443817.15,-1172440.52,351.39
-443816.89,-1172440.74,351.34
-443816.64,-1172440.96,351.32
-443816.40,-1172441.16,351.31
-443822.68,-1172436.30,350.96
-443822.43,-1172436.51,350.98
-443818.99,-1172439.41,351.46
-443818.75,-1172439.61,351.51
-443818.50,-1172439.83,351.49
-443818.26,-1172440.03,351.45
-443818.02,-1172440.23,351.43
-443817.76,-1172440.45,351.40
-443817.50,-1172440.67,351.34
-443817.27,-1172440.87,351.32
-443817.04,-1172441.07,351.30
-443822.68,-1172436.70,351.03
-443820.21,-1172438.79,351.39
-443819.96,-1172439.00,351.39
-443818.97,-1172439.84,351.48
-443818.74,-1172440.04,351.45
-443818.02,-1172440.64,351.35
-443817.76,-1172440.86,351.31
-443817.52,-1172441.07,351.28
-443824.28,-1172436.34,350.96
-443819.69,-1172439.74,351.48
-443819.44,-1172439.95,351.46
-443819.19,-1172440.16,351.39
-443818.94,-1172440.38,351.38
-443818.69,-1172440.59,351.35
-443818.44,-1172440.80,351.31
-443818.20,-1172441.00,351.28
-443825.50,-1172435.31,350.81
-443825.25,-1172435.52,350.84
-443822.09,-1172438.20,351.30
-443821.85,-1172438.40,351.33
-443818.62,-1172441.13,351.25
-443821.69,-1172438.94,351.42
-443821.43,-1172439.15,351.46
-443821.95,-1172439.13,351.46
-443821.71,-1172439.33,351.49
-443821.47,-1172439.54,351.50
-443821.23,-1172439.74,351.49
-443820.99,-1172439.95,351.46
-443820.73,-1172440.16,351.43
-443820.49,-1172440.37,351.39
-443825.95,-1172436.27,350.99
-443825.71,-1172436.48,351.02
-443822.00,-1172439.62,351.49
-443822.19,-1172440.02,351.43
-443821.94,-1172440.24,351.39
-443821.68,-1172440.45,351.35
-443821.45,-1172440.65,351.34
-443820.95,-1172441.08,351.25
-443826.03,-1172437.27,351.18
-443822.56,-1172440.20,351.38
-443822.33,-1172440.39,351.34
-443822.07,-1172440.61,351.32
-443821.81,-1172440.83,351.28
-443821.58,-1172441.03,351.26
-443825.05,-1172438.59,351.41
-443824.81,-1172438.79,351.43
-443824.32,-1172439.20,351.49
-443823.80,-1172439.64,351.51
-443823.58,-1172439.83,351.46
-443823.34,-1172440.03,351.41
-443823.08,-1172440.25,351.38
-443822.83,-1172440.46,351.34
-443822.32,-1172440.90,351.27
-443822.06,-1172441.11,351.22
-443825.64,-1172438.64,351.43
-443825.41,-1172438.84,351.45
-443825.18,-1172439.03,351.49
-443824.21,-1172439.85,351.45
-443823.96,-1172440.07,351.42
-443823.71,-1172440.28,351.38
-443823.47,-1172440.48,351.35
-443823.22,-1172440.69,351.30
-443822.95,-1172440.91,351.27
-443822.71,-1172441.12,351.23
-443825.54,-1172439.28,351.54
-443825.30,-1172439.48,351.51
-443825.04,-1172439.70,351.47
-443824.07,-1172440.52,351.33
-443823.33,-1172441.15,351.21
-443826.03,-1172439.33,351.52
-443825.29,-1172439.95,351.42
-443825.03,-1172440.18,351.40
-443824.77,-1172440.40,351.36
-443824.29,-1172440.81,351.28
-443825.88,-1172439.92,351.42
-443825.15,-1172440.53,351.31
-443824.90,-1172440.74,351.27
-443824.65,-1172440.95,351.24
-443824.41,-1172441.16,351.21
-443826.24,-1172440.17,351.40
-443825.98,-1172440.38,351.35
-443826.31,-1172440.67,351.30
-443826.08,-1172440.87,351.26
-443826.46,-1172441.08,351.23
-443804.33,-1172434.75,350.55
-443804.20,-1172435.07,350.61
-443804.08,-1172435.40,350.69
-443802.73,-1172440.31,351.53
-443804.95,-1172436.10,350.78
-443804.82,-1172436.44,350.89
-443804.70,-1172436.76,350.95
-443804.19,-1172438.10,351.15
-443804.07,-1172438.42,351.22
-443803.82,-1172439.09,351.37
-443803.16,-1172440.82,351.52
-443805.42,-1172438.22,351.20
-443805.29,-1172438.56,351.27
-443805.16,-1172438.92,351.32
-443805.02,-1172439.28,351.37
-443804.90,-1172439.60,351.44
-443804.77,-1172439.94,351.48
-443804.63,-1172440.29,351.52
-443804.49,-1172440.66,351.45
-443804.34,-1172441.05,351.42
-443803.92,-1172440.63,351.45
-443803.76,-1172441.04,351.37
-443805.08,-1172440.68,351.42
-443804.93,-1172441.09,351.35
-443805.71,-1172440.61,351.51
-443808.40,-1172433.51,349.37
-443806.32,-1172440.49,351.45
-443806.18,-1172440.85,351.43
-443808.93,-1172434.78,350.58
-443808.80,-1172435.14,350.66
-443808.55,-1172435.79,350.77
-443808.42,-1172436.14,350.85
-443807.28,-1172439.16,351.38
-443807.15,-1172439.48,351.43
-443806.76,-1172440.53,351.48
-443807.28,-1172440.40,351.43
-443807.12,-1172440.80,351.34
-443808.75,-1172437.93,351.15
-443807.83,-1172440.36,351.48
-443807.68,-1172440.76,351.43
-443811.11,-1172433.25,349.31
-443808.87,-1172440.52,351.53
-443808.71,-1172440.93,351.44
-443811.53,-1172433.46,349.38
-443812.13,-1172433.39,349.36
-443809.43,-1172440.54,351.42
-443812.24,-1172434.68,350.55
-443809.92,-1172440.82,351.42
-443810.68,-1172440.43,351.38
-443813.94,-1172432.83,349.36
-443813.81,-1172433.17,349.35
-443811.81,-1172438.51,351.28
-443811.03,-1172440.58,351.47
-443810.87,-1172441.00,351.39
-443812.92,-1172436.78,350.92
-443811.65,-1172440.15,351.48
-443811.50,-1172440.57,351.39
-443811.34,-1172440.98,351.29
-443813.33,-1172437.14,351.02
-443813.20,-1172437.49,351.07
-443812.02,-1172440.61,351.44
-443812.81,-1172440.28,351.44
-443812.65,-1172440.69,351.37
-443812.50,-1172441.08,351.30
-443815.53,-1172434.67,350.60
-443813.85,-1172440.91,351.32
-443814.51,-1172437.38,351.08
-443813.34,-1172440.49,351.44
-443813.18,-1172440.91,351.36
-443814.56,-1172440.84,351.35
-443816.04,-1172435.08,350.63
-443814.13,-1172440.16,351.44
-443816.49,-1172435.67,350.76
-443816.37,-1172436.02,350.81
-443815.73,-1172437.71,351.14
-443815.60,-1172438.06,351.21
-443814.71,-1172440.44,351.48
-443815.64,-1172439.68,351.48
-443815.50,-1172440.05,351.49
-443815.35,-1172440.44,351.39
-443815.21,-1172440.82,351.31
-443816.39,-1172437.67,351.11
-443816.27,-1172439.43,351.47
-443816.00,-1172440.15,351.50
-443815.85,-1172440.57,351.41
-443815.70,-1172440.96,351.34
-443818.45,-1172435.10,350.65
-443818.32,-1172435.44,350.72
-443818.20,-1172435.76,350.79
-443817.32,-1172438.12,351.17
-443817.06,-1172438.81,351.32
-443816.67,-1172439.86,351.46
-443816.52,-1172440.24,351.40
-443816.39,-1172440.60,351.37
-443816.24,-1172441.00,351.27
-443819.05,-1172435.18,350.70
-443818.79,-1172435.86,350.81
-443818.29,-1172437.21,351.04
-443818.16,-1172437.56,351.11
-443817.27,-1172439.94,351.50
-443817.14,-1172440.30,351.48
-443816.98,-1172440.71,351.38
-443816.83,-1172441.12,351.27
-443819.17,-1172434.84,350.65
-443818.05,-1172439.65,351.45
-443817.91,-1172440.02,351.40
-443817.77,-1172440.40,351.38
-443817.63,-1172440.77,351.31
-443820.21,-1172435.23,350.70
-443820.09,-1172435.54,350.75
-443819.97,-1172435.85,350.82
-443819.08,-1172438.24,351.26
-443818.96,-1172438.56,351.32
-443818.71,-1172439.25,351.44
-443818.58,-1172439.58,351.48
-443818.45,-1172439.94,351.51
-443818.31,-1172440.32,351.45
-443818.17,-1172440.68,351.39
-443818.03,-1172441.07,351.27
-443819.06,-1172439.67,351.48
-443818.92,-1172440.04,351.42
-443818.79,-1172440.40,351.38
-443818.63,-1172440.82,351.29
-443821.54,-1172434.37,350.58
-443820.91,-1172436.07,350.89
-443820.66,-1172436.74,351.01
-443820.54,-1172437.06,351.06
-443820.41,-1172437.40,351.12
-443820.17,-1172438.06,351.22
-443820.05,-1172438.38,351.31
-443819.54,-1172439.74,351.51
-443822.61,-1172434.13,350.50
-443822.37,-1172434.78,350.66
-443821.88,-1172436.11,350.92
-443821.75,-1172436.44,350.96
-443821.50,-1172437.12,351.08
-443820.34,-1172440.25,351.45
-443822.26,-1172436.50,350.93
-443821.38,-1172438.88,351.35
-443820.98,-1172439.97,351.41
-443822.33,-1172439.50,351.45
-443822.19,-1172439.86,351.42
-443822.04,-1172440.26,351.33
-443821.91,-1172440.62,351.28
-443821.75,-1172441.03,351.20
-443823.70,-1172434.11,350.56
-443823.46,-1172434.77,350.67
-443823.33,-1172435.11,350.73
-443822.82,-1172436.50,350.95
-443821.82,-1172439.18,351.44
-443821.68,-1172439.55,351.48
-443822.56,-1172440.12,351.43
-443822.43,-1172440.48,351.40
-443822.26,-1172440.93,351.27
-443825.45,-1172435.19,350.75
-443825.32,-1172435.53,350.82
-443824.72,-1172437.17,351.12
-443824.60,-1172437.49,351.16
-443823.97,-1172439.18,351.47
-443823.85,-1172439.52,351.51
-443823.71,-1172439.90,351.48
-443823.55,-1172440.31,351.38
-443823.40,-1172440.73,351.31
-443823.25,-1172441.13,351.27
-443824.49,-1172436.27,350.93
-443824.37,-1172436.61,350.98
-443823.10,-1172440.03,351.38
-443822.96,-1172440.41,351.33
-443822.81,-1172440.81,351.20
-443824.61,-1172439.11,351.42
-443825.25,-1172438.54,351.36
-443825.14,-1172438.85,351.42
-443824.87,-1172439.57,351.53
-443824.43,-1172440.77,351.29
-443824.48,-1172439.46,351.48
-443824.34,-1172439.84,351.41
-443824.20,-1172440.20,351.34
-443824.06,-1172440.60,351.28
-443825.94,-1172439.32,351.52
-443825.67,-1172440.07,351.44
-443825.87,-1172438.11,351.27
-443825.74,-1172438.45,351.35
-443825.61,-1172438.80,351.38
-443825.35,-1172439.50,351.47
-443825.22,-1172439.87,351.42
-443825.06,-1172440.29,351.35
-443824.92,-1172440.67,351.23
-443824.76,-1172441.10,351.16
-443826.01,-1172436.48,351.01
-443826.24,-1172440.15,351.41
-443826.09,-1172440.54,351.33
-443825.94,-1172440.95,351.21
-443826.56,-1172440.56,351.36
-443826.42,-1172440.94,351.27
-443826.20,-1172440.99,351.19
-443826.48,-1172440.73,351.23
-443826.51,-1172440.18,351.37
-443825.88,-1172440.41,351.30
-443826.17,-1172440.15,351.35
-443824.81,-1172440.83,351.26
-443825.11,-1172440.57,351.31
-443825.75,-1172440.00,351.39
-443826.04,-1172439.75,351.45
-443824.27,-1172440.90,351.22
-443824.58,-1172440.62,351.27
-443824.90,-1172440.35,351.34
-443825.19,-1172440.08,351.38
-443825.50,-1172439.82,351.41
-443823.60,-1172441.06,351.21
-443824.19,-1172440.54,351.29
-443825.10,-1172439.74,351.45
-443823.39,-1172440.93,351.21
-443823.68,-1172440.67,351.25
-443823.99,-1172440.40,351.29
-443824.29,-1172440.13,351.35
-443824.89,-1172439.61,351.46
-443825.16,-1172439.37,351.46
-443822.64,-1172440.99,351.23
-443822.93,-1172440.74,351.28
-443823.26,-1172440.45,351.32
-443823.55,-1172440.20,351.34
-443823.88,-1172439.90,351.46
-443824.18,-1172439.64,351.50
-443824.73,-1172439.15,351.44
-443825.01,-1172438.91,351.41
-443825.28,-1172438.67,351.38
-443825.56,-1172438.42,351.33
-443825.82,-1172438.20,351.30
-443822.07,-1172441.02,351.20
-443822.39,-1172440.74,351.24
-443822.68,-1172440.48,351.32
-443822.96,-1172440.24,351.33
-443823.27,-1172439.97,351.40
-443823.60,-1172439.68,351.45
-443823.89,-1172439.42,351.47
-443824.16,-1172439.18,351.46
-443825.00,-1172438.44,351.33
-443821.68,-1172440.90,351.24
-443821.98,-1172440.64,351.28
-443822.28,-1172440.38,351.35
-443822.57,-1172440.12,351.38
-443825.97,-1172437.12,351.10
-443821.59,-1172440.68,351.28
-443821.89,-1172440.41,351.31
-443822.20,-1172440.14,351.38
-443820.60,-1172441.07,351.23
-443822.09,-1172439.75,351.44
-443824.57,-1172437.57,351.19
-443825.70,-1172436.58,351.00
-443825.99,-1172436.32,350.96
-443821.11,-1172439.94,351.44
-443820.96,-1172439.88,351.43
-443821.53,-1172439.38,351.47
-443821.79,-1172439.14,351.41
-443825.47,-1172435.38,350.80
-443821.34,-1172439.02,351.40
-443821.61,-1172438.79,351.34
-443822.70,-1172437.82,351.18
-443824.37,-1172436.35,350.94
-443818.52,-1172441.14,351.21
-443818.82,-1172440.88,351.25
-443821.97,-1172438.10,351.23
-443825.30,-1172435.17,350.74
-443822.94,-1172436.72,350.98
-443818.15,-1172440.94,351.26
-443818.46,-1172440.67,351.30
-443818.78,-1172440.39,351.33
-443819.06,-1172440.14,351.39
-443819.37,-1172439.86,351.44
-443817.59,-1172441.12,351.22
-443817.90,-1172440.84,351.28
-443818.22,-1172440.57,351.32
-443818.50,-1172440.32,351.34
-443818.82,-1172440.03,351.40
-443819.13,-1172439.76,351.44
-443819.98,-1172439.01,351.38
-443822.68,-1172436.63,350.96
-443822.94,-1172436.40,350.90
-443818.00,-1172440.10,351.41
-443818.29,-1172439.84,351.47
-443818.59,-1172439.58,351.44
-443818.87,-1172439.33,351.43
-443819.69,-1172438.61,351.28
-443819.98,-1172438.35,351.26
-443821.62,-1172436.91,351.00
-443822.41,-1172436.20,350.90
-443823.50,-1172435.24,350.72
-443824.05,-1172434.75,350.65
-443817.06,-1172440.92,351.26
-443817.40,-1172440.62,351.35
-443817.72,-1172440.35,351.39
-443816.33,-1172441.15,351.22
-443816.65,-1172440.86,351.29
-443816.97,-1172440.58,351.35
-443817.26,-1172440.32,351.38
-443817.55,-1172440.06,351.44
-443818.73,-1172439.03,351.38
-443819.01,-1172438.78,351.32
-443819.54,-1172438.31,351.27
-443820.09,-1172437.83,351.17
-443823.11,-1172435.16,350.72
-443823.36,-1172434.94,350.67
-443823.92,-1172434.45,350.60
-443815.71,-1172441.13,351.26
-443816.00,-1172440.87,351.32
-443816.32,-1172440.59,351.34
-443816.61,-1172440.33,351.39
-443816.89,-1172440.08,351.45
-443817.22,-1172439.79,351.50
-443818.86,-1172438.35,351.23
-443819.14,-1172438.10,351.21
-443820.25,-1172437.12,351.04
-443820.53,-1172436.88,350.99
-443823.83,-1172433.96,350.51
-443823.37,-1172433.98,350.51
-443815.27,-1172441.13,351.28
-443815.59,-1172440.85,351.33
-443815.88,-1172440.59,351.38
-443816.19,-1172440.32,351.41
-443816.47,-1172440.07,351.43
-443820.89,-1172436.17,350.88
-443822.25,-1172434.97,350.67
-443814.54,-1172441.13,351.27
-443814.86,-1172440.86,351.31
-443815.16,-1172440.59,351.38
-443815.79,-1172440.03,351.47
-443816.07,-1172439.78,351.45
-443816.36,-1172439.53,351.45
-443817.19,-1172438.80,351.32
-443817.96,-1172438.12,351.17
-443818.24,-1172437.87,351.13
-443819.95,-1172435.87,350.81
-443821.33,-1172434.65,350.62
-443814.11,-1172441.02,351.33
-443814.41,-1172440.76,351.35
-443814.71,-1172440.49,351.39
-443815.30,-1172439.97,351.49
-443816.14,-1172439.23,351.40
-443816.42,-1172438.98,351.34
-443817.55,-1172437.99,351.20
-443817.80,-1172437.77,351.14
-443818.09,-1172437.51,351.09
-443818.34,-1172437.29,351.04
-443813.36,-1172441.10,351.30
-443813.69,-1172440.82,351.37
-443813.98,-1172440.55,351.38
-443814.27,-1172440.30,351.41
-443820.91,-1172434.44,350.60
-443821.17,-1172434.20,350.52
-443813.05,-1172441.04,351.34
-443813.36,-1172440.77,351.37
-443813.65,-1172440.51,351.42
-443813.94,-1172440.25,351.46
-443820.86,-1172434.14,350.51
-443821.14,-1172433.90,350.49
-443820.33,-1172434.06,350.50
-443812.54,-1172440.94,351.31
-443812.83,-1172440.68,351.34
-443815.65,-1172438.19,351.27
-443816.46,-1172437.48,351.05
-443818.13,-1172436.00,350.78
-443818.40,-1172435.76,350.77
-443818.92,-1172435.30,350.68
-443819.21,-1172435.05,350.64
-443812.41,-1172440.67,351.35
-443812.73,-1172440.39,351.43
-443813.05,-1172440.11,351.47
-443815.80,-1172437.68,351.14
-443816.06,-1172437.45,351.10
-443817.96,-1172435.77,350.77
-443818.24,-1172435.53,350.74
-443818.79,-1172435.03,350.64
-443812.18,-1172440.46,351.38
-443817.96,-1172435.36,350.69
-443811.28,-1172441.00,351.31
-443811.58,-1172440.73,351.37
-443811.89,-1172440.46,351.42
-443811.10,-1172440.69,351.37
-443811.39,-1172440.44,351.43
-443811.69,-1172440.18,351.45
-443814.75,-1172437.47,351.08
-443816.14,-1172436.24,350.82
-443816.42,-1172435.99,350.79
-443818.31,-1172434.32,350.51
-443810.41,-1172440.93,351.35
-443811.01,-1172440.41,351.44
-443814.61,-1172437.23,351.05
-443818.19,-1172434.06,350.49
-443809.89,-1172441.04,351.30
-443810.18,-1172440.78,351.33
-443810.51,-1172440.49,351.43
-443814.86,-1172435.99,350.82
-443815.65,-1172435.30,350.67
-443815.93,-1172435.05,350.62
-443816.74,-1172434.33,350.48
-443817.04,-1172434.07,350.45
-443809.57,-1172441.11,351.33
-443809.86,-1172440.85,351.39
-443809.57,-1172440.67,351.39
-443811.86,-1172438.65,351.28
-443812.98,-1172437.66,351.11
-443813.23,-1172437.43,351.05
-443808.59,-1172441.13,351.33
-443808.89,-1172440.87,351.38
-443809.19,-1172440.60,351.40
-443809.51,-1172440.32,351.46
-443815.57,-1172434.95,350.60
-443816.39,-1172434.23,350.51
-443808.84,-1172440.47,351.42
-443809.40,-1172439.97,351.47
-443812.45,-1172437.27,351.02
-443814.65,-1172435.33,350.69
-443814.93,-1172435.08,350.63
-443815.20,-1172434.84,350.58
-443808.20,-1172440.72,351.43
-443808.48,-1172440.47,351.46
-443809.35,-1172439.70,351.48
-443812.90,-1172436.56,350.90
-443813.73,-1172435.82,350.77
-443814.00,-1172435.59,350.73
-443814.26,-1172435.35,350.69
-443814.53,-1172435.12,350.65
-443815.36,-1172434.38,350.54
-443807.48,-1172440.89,351.33
-443807.80,-1172440.61,351.39
-443808.10,-1172440.34,351.44
-443807.51,-1172440.45,351.47
-443806.47,-1172440.97,351.33
-443806.77,-1172440.70,351.39
-443807.06,-1172440.45,351.44
-443806.04,-1172441.04,351.38
-443806.65,-1172440.50,351.49
-443806.93,-1172440.25,351.48
-443813.55,-1172434.38,350.52
-443814.04,-1172432.99,349.37
-443805.88,-1172440.68,351.42
-443806.18,-1172440.42,351.47
-443807.29,-1172439.43,351.37
-443808.93,-1172437.98,351.15
-443813.31,-1172433.25,349.31
-443804.91,-1172441.07,351.36
-443805.22,-1172440.79,351.43
-443805.55,-1172440.51,351.47
-443811.86,-1172434.91,350.61
-443812.40,-1172434.44,350.53
-443813.75,-1172433.24,349.34
-443804.40,-1172440.75,351.42
-443804.72,-1172440.47,351.50
-443812.93,-1172433.19,349.36
-443813.21,-1172432.94,349.33
-443804.50,-1172441.06,351.34
-443804.78,-1172440.81,351.37
-443805.09,-1172440.53,351.44
-443803.61,-1172440.98,351.39
-443803.92,-1172440.71,351.43
-443804.22,-1172440.43,351.45
-443804.79,-1172439.93,351.47
-443805.08,-1172439.68,351.43
-443812.14,-1172433.42,349.32
-443812.72,-1172432.91,349.34
-443804.08,-1172441.03,351.39
-443804.66,-1172439.57,351.42
-443804.92,-1172439.34,351.37
-443805.22,-1172439.07,351.36
-443808.22,-1172436.41,350.87
-443808.52,-1172436.15,350.83
-443811.47,-1172433.53,349.37
-443811.75,-1172433.29,349.36
-443802.64,-1172441.01,351.50
-443804.59,-1172439.29,351.35
-443804.85,-1172439.06,351.30
-443805.15,-1172438.79,351.28
-443805.41,-1172438.57,351.23
-443805.66,-1172438.34,351.18
-443808.44,-1172435.88,350.76
-443811.14,-1172433.48,349.36
-443811.43,-1172433.23,349.35
-443803.94,-1172439.54,351.43
-443804.48,-1172439.06,351.32
-443805.32,-1172438.31,351.21
-443805.57,-1172438.09,351.16
-443808.83,-1172435.20,350.67
-443809.12,-1172434.95,350.63
-443810.71,-1172433.53,349.38
-443811.01,-1172433.27,349.36
-443802.44,-1172440.45,351.54
-443803.81,-1172439.24,351.35
-443804.10,-1172438.98,351.30
-443809.00,-1172434.64,350.54
-443810.34,-1172433.45,349.34
-443804.31,-1172438.34,351.20
-443804.05,-1172438.20,351.15
-443806.52,-1172436.00,350.75
-443806.77,-1172435.78,350.71
-443807.94,-1172434.40,350.53
-443804.63,-1172436.91,350.91
-443804.91,-1172436.67,350.89
-443805.47,-1172436.17,350.77
-443808.44,-1172433.54,349.33
-443808.72,-1172433.29,349.33
-443805.07,-1172436.07,350.78
-443805.62,-1172434.95,350.56
-443805.32,-1172434.77,350.52
-443804.09,-1172435.40,350.68
-443804.37,-1172435.15,350.63
-443803.27,-1172435.74,350.74
-443804.09,-1172435.01,350.58
-443804.35,-1172434.77,350.53
-443802.33,-1172436.21,351.55
-443803.16,-1172435.46,350.68
-443802.10,-1172434.30,351.58
-443826.61,-1172440.89,351.25
-443826.40,-1172441.02,351.23
-443826.10,-1172440.46,351.30
-443825.98,-1172440.76,351.24
-443826.09,-1172440.21,351.41
-443825.97,-1172440.51,351.33
-443825.85,-1172440.81,351.25
-443825.57,-1172440.01,351.42
-443826.08,-1172437.27,351.15
-443825.13,-1172439.73,351.45
-443825.01,-1172440.05,351.39
-443824.90,-1172440.33,351.35
-443824.79,-1172440.64,351.27
-443824.65,-1172440.99,351.23
-443825.19,-1172438.79,351.43
-443824.93,-1172439.49,351.51
-443824.43,-1172440.78,351.27
-443824.14,-1172439.90,351.41
-443824.01,-1172440.24,351.35
-443823.90,-1172440.53,351.28
-443823.99,-1172439.83,351.46
-443823.88,-1172440.12,351.41
-443823.76,-1172440.43,351.34
-443823.63,-1172440.77,351.29
-443823.51,-1172441.08,351.23
-443825.19,-1172435.47,350.81
-443823.57,-1172439.72,351.48
-443823.45,-1172440.03,351.40
-443823.33,-1172440.34,351.34
-443823.22,-1172440.64,351.31
-443825.32,-1172435.13,350.76
-443824.62,-1172436.42,351.00
-443823.27,-1172439.94,351.44
-443823.16,-1172440.23,351.40
-443823.03,-1172440.57,351.33
-443822.91,-1172440.89,351.28
-443822.53,-1172440.23,351.36
-443822.41,-1172440.56,351.32
-443822.29,-1172440.87,351.23
-443822.35,-1172440.10,351.38
-443822.23,-1172440.40,351.35
-443822.12,-1172440.70,351.29
-443821.98,-1172441.06,351.24
-443823.92,-1172434.37,350.61
-443823.64,-1172435.10,350.72
-443823.52,-1172435.42,350.76
-443822.98,-1172436.83,351.03
-443822.57,-1172437.90,351.20
-443821.65,-1172440.31,351.35
-443821.52,-1172440.64,351.29
-443823.82,-1172433.76,350.52
-443823.69,-1172434.10,350.59
-443823.41,-1172434.83,350.68
-443823.27,-1172435.19,350.74
-443822.87,-1172436.25,350.95
-443822.73,-1172436.61,350.99
-443821.80,-1172439.05,351.43
-443821.17,-1172440.69,351.32
-443822.19,-1172436.28,350.92
-443820.86,-1172439.77,351.46
-443822.01,-1172436.20,350.97
-443821.74,-1172436.90,351.07
-443820.66,-1172439.72,351.49
-443820.05,-1172438.95,351.43
-443819.03,-1172439.84,351.45
-443818.91,-1172440.14,351.41
-443818.79,-1172440.45,351.35
-443818.67,-1172440.76,351.28
-443818.54,-1172441.09,351.25
-443820.98,-1172434.14,350.56
-443818.96,-1172439.43,351.51
-443818.84,-1172439.74,351.50
-443818.72,-1172440.06,351.46
-443818.46,-1172440.73,351.32
-443818.34,-1172441.04,351.24
-443818.20,-1172439.86,351.46
-443818.08,-1172440.18,351.41
-443817.96,-1172440.49,351.36
-443817.83,-1172440.83,351.29
-443817.71,-1172441.14,351.25
-443819.41,-1172435.78,350.81
-443817.80,-1172439.98,351.48
-443817.68,-1172440.29,351.39
-443817.56,-1172440.61,351.36
-443817.44,-1172440.91,351.29
-443818.98,-1172435.01,350.64
-443818.70,-1172435.75,350.80
-443818.02,-1172437.51,351.10
-443817.89,-1172437.87,351.14
-443817.76,-1172438.21,351.23
-443817.47,-1172438.95,351.37
-443817.09,-1172439.97,351.46
-443816.96,-1172440.31,351.40
-443816.84,-1172440.61,351.37
-443816.73,-1172440.91,351.29
-443818.79,-1172434.71,350.63
-443818.66,-1172435.05,350.66
-443818.39,-1172435.76,350.82
-443817.83,-1172437.22,351.05
-443817.57,-1172437.90,351.17
-443817.16,-1172438.98,351.38
-443816.76,-1172440.03,351.45
-443816.63,-1172440.35,351.41
-443816.52,-1172440.65,351.38
-443816.39,-1172440.99,351.32
-443818.50,-1172433.95,350.46
-443818.37,-1172434.29,350.51
-443817.97,-1172435.34,350.71
-443816.21,-1172439.96,351.47
-443816.08,-1172440.29,351.41
-443815.96,-1172440.59,351.36
-443815.84,-1172440.92,351.33
-443817.77,-1172435.25,350.71
-443816.95,-1172437.39,351.12
-443816.28,-1172439.16,351.44
-443815.65,-1172440.82,351.38
-443815.52,-1172441.13,351.30
-443816.39,-1172437.26,351.05
-443815.44,-1172439.74,351.49
-443815.32,-1172440.05,351.48
-443815.19,-1172440.40,351.43
-443815.07,-1172440.72,351.36
-443814.95,-1172441.04,351.30
-443816.17,-1172437.33,351.09
-443816.04,-1172437.68,351.16
-443815.00,-1172440.40,351.44
-443814.88,-1172440.72,351.41
-443814.76,-1172441.04,351.33
-443816.78,-1172434.22,350.51
-443815.20,-1172438.38,352.02
-443814.51,-1172440.19,351.47
-443814.39,-1172440.50,351.41
-443814.27,-1172440.81,351.35
-443814.15,-1172441.12,351.29
-443816.53,-1172434.04,350.50
-443816.11,-1172435.15,350.70
-443813.87,-1172441.02,351.33
-443815.58,-1172434.76,350.61
-443815.17,-1172435.84,350.78
-443814.62,-1172437.28,351.07
-443813.30,-1172440.75,351.35
-443813.18,-1172441.04,351.29
-443815.42,-1172434.62,350.60
-443815.01,-1172435.70,350.81
-443813.02,-1172440.92,351.36
-443812.79,-1172440.23,351.46
-443812.66,-1172440.55,351.40
-443812.55,-1172440.85,351.37
-443812.44,-1172441.15,351.30
-443814.58,-1172435.01,350.70
-443812.47,-1172440.55,351.42
-443812.35,-1172440.86,351.34
-443813.71,-1172435.73,350.77
-443811.99,-1172440.23,351.47
-443811.87,-1172440.56,351.43
-443811.76,-1172440.30,351.47
-443811.63,-1172440.65,351.40
-443811.91,-1172438.38,351.25
-443811.12,-1172440.47,351.43
-443811.00,-1172440.77,351.37
-443810.88,-1172441.08,351.30
-443813.55,-1172434.08,350.47
-443813.41,-1172434.44,350.51
-443812.46,-1172436.94,350.96
-443810.57,-1172441.14,351.32
-443809.96,-1172441.08,351.31
-443812.48,-1172434.47,350.52
-443809.36,-1172439.76,351.54
-443808.86,-1172441.08,351.36
-443808.21,-1172440.48,351.49
-443808.10,-1172440.77,351.42
-443807.70,-1172440.32,351.46
-443807.57,-1172440.65,351.42
-443807.46,-1172440.95,351.36
-443807.34,-1172440.34,351.51
-443806.57,-1172440.53,351.46
-443806.45,-1172440.84,351.42
-443806.33,-1172441.14,351.37
-443808.31,-1172435.95,350.79
-443806.26,-1172440.45,351.51
-443806.14,-1172440.77,351.46
-443806.02,-1172441.09,351.37
-443807.99,-1172434.46,350.51
-443805.72,-1172440.42,351.49
-443805.35,-1172440.60,351.48
-443805.24,-1172440.91,351.43
-443805.60,-1172438.40,351.24
-443805.47,-1172438.75,351.30
-443804.81,-1172440.48,351.47
-443804.68,-1172440.80,351.42
-443804.57,-1172441.10,351.37
-443805.33,-1172438.30,351.24
-443805.06,-1172439.01,351.36
-443804.92,-1172439.37,351.43
-443804.65,-1172440.09,351.55
-443804.40,-1172440.74,351.45
-443804.28,-1172441.06,351.41
-443803.86,-1172440.68,351.44
-443803.74,-1172441.00,351.39
-443805.31,-1172435.90,350.78
-443805.17,-1172436.25,350.86
-443805.05,-1172436.59,350.90
-443804.37,-1172438.37,351.24
-443804.10,-1172439.08,351.37
-443803.97,-1172439.44,351.42
-443803.45,-1172440.80,351.42
-443803.33,-1172441.10,351.39
-443803.01,-1172440.32,351.52
-443802.89,-1172440.65,351.47
-443802.76,-1172441.00,351.41
-443804.45,-1172434.69,350.55
-443804.32,-1172435.02,350.61
-443804.19,-1172435.36,350.68
-443804.17,-1172434.76,350.62
-443804.04,-1172435.10,350.66
-443803.90,-1172435.46,350.73
-443803.26,-1172435.63,350.72
-443803.03,-1172435.63,350.75
-443802.29,-1172436.25,351.50
-443802.16,-1172436.60,351.54
-443802.02,-1172436.25,351.52
-443826.40,-1172441.10,351.22
-443826.16,-1172441.02,351.24
-443826.41,-1172440.81,351.28
-443826.10,-1172440.85,351.27
-443826.38,-1172440.61,351.31
-443826.05,-1172440.46,351.35
-443826.32,-1172440.24,351.37
-443825.80,-1172440.68,351.30
-443825.00,-1172440.95,351.24
-443826.06,-1172440.06,351.40
-443824.52,-1172440.92,351.28
-443824.80,-1172440.69,351.30
-443825.04,-1172440.49,351.34
-443825.59,-1172440.03,351.43
-443826.13,-1172439.58,351.49
-443824.08,-1172440.89,351.26
-443824.33,-1172440.68,351.30
-443825.12,-1172440.03,351.43
-443825.39,-1172439.80,351.48
-443825.92,-1172439.35,351.51
-443823.39,-1172440.96,351.28
-443823.65,-1172440.74,351.30
-443823.91,-1172440.53,351.34
-443824.17,-1172440.30,351.39
-443824.94,-1172439.66,351.48
-443825.23,-1172439.42,351.52
-443825.49,-1172439.20,351.51
-443822.83,-1172441.04,351.25
-443823.08,-1172440.83,351.26
-443823.35,-1172440.61,351.32
-443823.63,-1172440.38,351.35
-443823.90,-1172440.15,351.40
-443824.16,-1172439.93,351.41
-443824.43,-1172439.71,351.46
-443824.68,-1172439.49,351.50
-443825.25,-1172439.02,351.45
-443822.81,-1172440.74,351.30
-443823.06,-1172440.53,351.34
-443823.32,-1172440.31,351.40
-443823.57,-1172440.11,351.43
-443823.84,-1172439.88,351.46
-443824.39,-1172439.42,351.54
-443824.66,-1172439.20,351.50
-443824.96,-1172438.95,351.46
-443825.26,-1172438.69,351.43
-443825.53,-1172438.47,351.41
-443825.80,-1172438.24,351.37
-443825.14,-1172438.52,351.38
-443822.14,-1172441.03,351.24
-443822.40,-1172440.81,351.27
-443822.92,-1172440.37,351.38
-443823.19,-1172440.15,351.40
-443823.46,-1172439.92,351.44
-443823.74,-1172439.69,351.48
-443824.02,-1172439.45,351.52
-443824.83,-1172438.78,351.42
-443821.64,-1172441.06,351.24
-443821.88,-1172440.85,351.30
-443822.43,-1172440.40,351.35
-443822.69,-1172440.18,351.40
-443822.97,-1172439.95,351.44
-443823.22,-1172439.73,351.49
-443823.76,-1172439.28,351.53
-443824.07,-1172439.03,351.48
-443826.06,-1172437.36,351.20
-443821.59,-1172440.72,351.30
-443821.84,-1172440.51,351.36
-443822.09,-1172440.30,351.38
-443822.37,-1172440.07,351.43
-443820.65,-1172441.16,351.25
-443820.94,-1172440.92,351.30
-443821.19,-1172440.71,351.34
-443821.71,-1172440.27,351.41
-443822.00,-1172440.03,351.44
-443822.24,-1172439.82,351.46
-443824.74,-1172437.74,351.26
-443821.91,-1172439.78,351.45
-443822.15,-1172439.57,351.49
-443824.68,-1172437.46,351.19
-443821.08,-1172440.06,351.44
-443820.39,-1172440.27,351.39
-443820.91,-1172439.84,351.48
-443821.78,-1172439.12,351.44
-443820.59,-1172439.82,351.47
-443820.87,-1172439.59,351.51
-443821.42,-1172439.13,351.45
-443821.71,-1172438.89,351.43
-443818.82,-1172441.03,351.27
-443821.50,-1172438.80,351.37
-443822.65,-1172437.84,351.24
-443824.38,-1172436.39,350.98
-443824.67,-1172436.15,350.94
-443825.49,-1172435.47,350.82
-443818.16,-1172441.15,351.28
-443818.44,-1172440.92,351.30
-443818.69,-1172440.71,351.32
-443819.50,-1172440.03,351.44
-443825.43,-1172435.08,350.78
-443817.80,-1172440.99,351.28
-443818.07,-1172440.77,351.32
-443818.84,-1172440.13,351.45
-443819.12,-1172439.89,351.46
-443819.40,-1172439.66,351.48
-443822.79,-1172436.84,351.05
-443819.52,-1172439.13,351.44
-443819.80,-1172438.89,351.40
-443820.09,-1172438.65,351.37
-443822.39,-1172436.73,351.05
-443822.66,-1172436.51,350.99
-443817.10,-1172441.15,351.28
-443817.35,-1172440.93,351.31
-443817.61,-1172440.72,351.35
-443817.87,-1172440.51,351.41
-443818.16,-1172440.26,351.42
-443818.42,-1172440.05,351.46
-443816.69,-1172441.09,351.29
-443816.95,-1172440.88,351.33
-443817.21,-1172440.65,351.36
-443817.46,-1172440.45,351.42
-443817.73,-1172440.23,351.43
-443818.00,-1172440.00,351.47
-443818.25,-1172439.79,351.50
-443818.54,-1172439.55,351.49
-443818.84,-1172439.30,351.44
-443819.67,-1172438.61,351.34
-443819.98,-1172438.35,351.28
-443820.26,-1172438.12,351.26
-443821.41,-1172437.16,351.09
-443821.67,-1172436.94,351.05
-443822.27,-1172436.44,350.95
-443822.54,-1172436.22,350.93
-443823.42,-1172435.48,350.80
-443818.89,-1172438.76,351.38
-443820.32,-1172437.57,351.19
-443820.59,-1172437.35,351.15
-443821.76,-1172436.37,350.96
-443822.05,-1172436.13,350.95
-443823.18,-1172435.19,350.78
-443823.48,-1172434.95,350.73
-443823.75,-1172434.72,350.70
-443816.20,-1172441.01,351.32
-443816.47,-1172440.79,351.35
-443816.72,-1172440.58,351.38
-443817.00,-1172440.34,351.43
-443817.25,-1172440.13,351.47
-443817.50,-1172439.93,351.51
-443815.64,-1172441.12,351.31
-443815.91,-1172440.89,351.33
-443816.16,-1172440.68,351.37
-443816.44,-1172440.45,351.40
-443816.72,-1172440.21,351.43
-443816.98,-1172439.99,351.47
-443818.93,-1172438.38,351.29
-443819.19,-1172438.16,351.27
-443820.34,-1172437.20,351.08
-443820.62,-1172436.97,351.07
-443820.91,-1172436.72,351.03
-443821.75,-1172436.02,350.92
-443823.77,-1172434.34,350.62
-443824.05,-1172434.11,350.58
-443820.21,-1172436.98,351.08
-443820.50,-1172436.74,351.03
-443823.64,-1172434.12,350.60
-443823.93,-1172433.89,350.53
-443815.23,-1172441.13,351.32
-443815.48,-1172440.92,351.36
-443815.75,-1172440.70,351.40
-443816.02,-1172440.47,351.43
-443816.27,-1172440.27,351.43
-443816.53,-1172440.05,351.47
-443814.98,-1172441.06,351.31
-443815.22,-1172440.86,351.36
-443815.49,-1172440.64,351.38
-443816.05,-1172440.17,351.46
-443816.31,-1172439.95,351.49
-443820.85,-1172436.17,350.92
-443822.26,-1172435.00,350.70
-443823.69,-1172433.81,350.53
-443820.80,-1172435.78,350.88
-443822.23,-1172434.59,350.68
-443814.37,-1172441.14,351.31
-443814.62,-1172440.93,351.35
-443814.87,-1172440.72,351.41
-443815.15,-1172440.49,351.44
-443815.40,-1172440.28,351.47
-443815.68,-1172440.05,351.51
-443815.96,-1172439.82,351.54
-443816.48,-1172439.38,351.49
-443817.09,-1172438.88,351.40
-443817.38,-1172438.63,351.35
-443817.98,-1172438.13,351.26
-443818.25,-1172437.91,351.21
-443813.96,-1172441.07,351.34
-443814.24,-1172440.84,351.38
-443814.50,-1172440.62,351.41
-443814.76,-1172440.41,351.43
-443815.01,-1172440.20,351.48
-443815.27,-1172439.98,351.53
-443815.55,-1172439.75,351.54
-443817.81,-1172437.87,351.16
-443818.11,-1172437.62,351.14
-443818.41,-1172437.37,351.10
-443819.64,-1172435.97,350.88
-443820.23,-1172435.48,350.80
-443821.35,-1172434.55,350.67
-443813.49,-1172441.08,351.34
-443813.77,-1172440.85,351.40
-443816.20,-1172438.83,351.37
-443817.93,-1172437.40,351.12
-443813.08,-1172441.11,351.34
-443813.34,-1172440.89,351.36
-443813.61,-1172440.66,351.42
-443813.87,-1172440.45,351.46
-443817.80,-1172437.18,351.08
-443820.08,-1172435.28,350.74
-443821.27,-1172434.29,350.58
-443818.78,-1172435.87,350.86
-443819.05,-1172435.65,350.82
-443819.32,-1172435.42,350.77
-443820.76,-1172434.22,350.58
-443821.04,-1172433.99,350.54
-443812.60,-1172441.01,351.34
-443812.86,-1172440.79,351.39
-443815.46,-1172438.63,352.09
-443816.51,-1172437.75,351.20
-443816.80,-1172437.51,351.15
-443812.12,-1172440.97,351.36
-443812.39,-1172440.74,351.38
-443812.66,-1172440.52,351.42
-443812.92,-1172440.30,351.46
-443815.26,-1172438.36,352.02
-443816.04,-1172437.71,351.18
-443818.05,-1172436.04,350.84
-443818.35,-1172435.79,350.81
-443819.18,-1172435.10,350.70
-443819.45,-1172434.88,350.67
-443820.58,-1172433.93,350.50
-443815.67,-1172437.66,351.18
-443816.24,-1172437.19,351.09
-443818.24,-1172435.53,350.80
-443818.82,-1172435.04,350.70
-443819.11,-1172434.80,350.66
-443812.55,-1172440.25,351.51
-443812.80,-1172440.05,351.50
-443811.14,-1172441.12,351.34
-443811.66,-1172440.69,351.42
-443811.92,-1172440.47,351.44
-443818.99,-1172434.60,350.60
-443819.58,-1172434.11,350.52
-443810.92,-1172440.82,351.39
-443811.19,-1172440.59,351.46
-443811.45,-1172440.37,351.50
-443811.72,-1172440.15,351.52
-443810.83,-1172440.42,351.46
-443814.49,-1172437.38,351.10
-443816.17,-1172435.98,350.84
-443816.46,-1172435.75,350.81
-443816.74,-1172435.51,350.78
-443818.47,-1172434.07,350.53
-443809.75,-1172440.85,351.41
-443817.92,-1172434.06,350.54
-443809.56,-1172440.55,351.46
-443811.79,-1172438.70,351.32
-443812.09,-1172438.45,351.28
-443812.97,-1172437.72,351.13
-443813.23,-1172437.50,351.11
-443813.51,-1172437.27,351.06
-443815.25,-1172435.83,350.82
-443815.53,-1172435.59,350.76
-443815.81,-1172435.36,350.71
-443816.12,-1172435.11,350.67
-443816.96,-1172434.41,350.55
-443817.24,-1172434.18,350.53
-443809.18,-1172440.30,351.51
-443809.42,-1172440.10,351.55
-443814.82,-1172435.62,350.80
-443815.68,-1172434.90,350.66
-443808.41,-1172440.47,351.46
-443809.52,-1172439.55,351.47
-443812.33,-1172437.22,351.05
-443812.63,-1172436.97,351.00
-443812.90,-1172436.75,350.96
-443813.77,-1172436.02,350.84
-443814.63,-1172435.31,350.71
-443814.93,-1172435.06,350.66
-443815.21,-1172434.82,350.63
-443807.62,-1172441.13,351.34
-443807.87,-1172440.91,351.38
-443807.64,-1172440.76,351.43
-443807.92,-1172440.52,351.46
-443813.53,-1172435.87,350.83
-443813.81,-1172435.64,350.79
-443807.43,-1172440.68,351.44
-443807.70,-1172440.46,351.47
-443807.98,-1172440.23,351.51
-443814.24,-1172435.03,350.68
-443806.44,-1172441.07,351.40
-443806.72,-1172440.84,351.43
-443806.98,-1172440.62,351.45
-443805.98,-1172441.08,351.37
-443806.24,-1172440.86,351.42
-443806.51,-1172440.64,351.46
-443806.76,-1172440.43,351.47
-443807.01,-1172440.22,351.52
-443805.56,-1172441.08,351.42
-443806.12,-1172440.61,351.47
-443806.38,-1172440.40,351.50
-443805.17,-1172441.08,351.40
-443805.43,-1172440.87,351.44
-443805.95,-1172440.44,351.52
-443806.21,-1172440.22,351.53
-443807.07,-1172439.52,351.44
-443808.51,-1172438.32,351.21
-443808.80,-1172438.08,351.19
-443813.34,-1172434.31,350.53
-443813.64,-1172434.07,350.51
-443804.60,-1172441.09,351.40
-443804.87,-1172440.87,351.44
-443805.13,-1172440.65,351.48
-443805.39,-1172440.43,351.53
-443805.97,-1172439.96,351.53
-443811.92,-1172435.03,350.65
-443812.20,-1172434.79,350.63
-443812.48,-1172434.56,350.60
-443804.22,-1172441.02,351.40
-443804.49,-1172440.80,351.44
-443804.75,-1172440.59,351.45
-443805.02,-1172440.36,351.51
-443813.80,-1172433.09,349.34
-443803.83,-1172441.02,351.43
-443804.08,-1172440.81,351.44
-443804.33,-1172440.61,351.50
-443804.60,-1172440.38,351.53
-443805.13,-1172439.94,351.53
-443803.42,-1172441.06,351.41
-443803.69,-1172440.84,351.45
-443803.95,-1172440.63,351.49
-443804.50,-1172440.17,351.55
-443804.77,-1172439.94,351.51
-443812.99,-1172433.14,349.37
-443803.18,-1172440.86,351.46
-443803.46,-1172440.63,351.50
-443805.42,-1172439.01,351.35
-443812.52,-1172433.14,349.37
-443812.78,-1172432.92,349.39
-443802.65,-1172440.89,351.49
-443802.94,-1172440.65,351.49
-443804.60,-1172439.28,351.41
-443804.88,-1172439.04,351.36
-443805.18,-1172438.80,351.32
-443805.46,-1172438.56,351.29
-443808.30,-1172436.21,350.88
-443808.58,-1172435.98,350.82
-443811.99,-1172433.16,349.37
-443802.81,-1172440.37,351.55
-443803.94,-1172439.43,351.46
-443805.08,-1172438.49,351.27
-443803.83,-1172439.15,351.37
-443804.09,-1172438.93,351.36
-443808.71,-1172435.11,350.68
-443808.98,-1172434.89,350.61
-443810.94,-1172433.27,349.36
-443811.19,-1172433.06,349.40
-443804.07,-1172438.44,351.27
-443806.60,-1172435.84,350.78
-443804.80,-1172436.84,350.98
-443805.10,-1172436.59,350.91
-443807.66,-1172434.48,350.58
-443804.71,-1172436.48,350.89
-443805.01,-1172436.23,350.83
-443805.29,-1172436.01,350.80
-443804.39,-1172435.35,350.69
-443803.29,-1172435.92,350.80
-443803.88,-1172435.43,350.71
-443804.16,-1172435.19,350.63
-443804.43,-1172434.97,350.61
-443802.28,-1172436.28,351.51
-443803.00,-1172435.69,350.79
-443803.29,-1172435.46,350.73
-443804.43,-1172434.52,350.56
-443802.72,-1172435.56,350.76
-443802.23,-1172434.34,351.58
-443802.19,-1172434.03,351.58
