-443828.72,-1172330.42,371.10
-443828.41,-1172330.26,371.10
-443830.12,-1172330.46,371.02
-443829.77,-1172330.30,371.10
-443829.44,-1172330.47,371.06
-443831.99,-1172330.47,371.05
-443832.11,-1172330.16,371.12
-443831.34,-1172330.38,371.03
-443830.59,-1172330.29,371.10
-443833.28,-1172330.50,371.02
-443833.39,-1172330.22,371.10
-443832.93,-1172330.19,371.11
-443832.52,-1172330.36,371.07
-443828.82,-1172330.36,371.10
-443828.57,-1172330.58,371.01
-443828.17,-1172330.45,371.06
-443827.93,-1172330.66,370.96
-443831.57,-1172330.36,371.09
-443830.59,-1172330.19,371.11
-443830.35,-1172330.40,371.08
-443829.62,-1172330.46,371.04
-443829.38,-1172330.27,371.10
-443828.90,-1172330.67,370.94
-443833.34,-1172330.28,371.09
-443833.03,-1172330.10,371.12
-443832.79,-1172330.31,371.08
-443832.33,-1172330.12,371.13
-443831.82,-1172330.15,371.12
-443833.72,-1172330.39,371.06
-443833.05,-1172330.38,371.06
-443833.59,-1172330.31,371.06
-443832.48,-1172330.35,371.05
-443829.70,-1172330.39,371.09
-443830.30,-1172330.48,371.02
-443830.85,-1172330.51,370.98
-443829.07,-1172330.53,371.02
-443831.84,-1172330.41,371.04
-443832.49,-1172330.32,371.08
-443833.11,-1172330.29,371.09
-443830.38,-1172330.40,371.05
-443830.83,-1172330.50,370.97
-443831.55,-1172330.29,371.11
-443828.84,-1172330.41,371.09
-443829.68,-1172330.50,371.06
-443828.06,-1172330.64,370.96
-443831.38,-1172330.24,371.11
-443832.06,-1172330.13,371.13
-443831.94,-1172330.44,371.04
-443832.29,-1172330.31,371.07
-443833.15,-1172330.33,371.06
-443833.72,-1172330.48,371.04
-443828.74,-1172330.35,371.10
-443829.31,-1172330.24,371.10
-443829.51,-1172330.36,371.10
-443830.20,-1172330.35,371.08
-443830.54,-1172330.34,371.08
-443831.12,-1172330.39,371.03
-443827.77,-1172330.32,371.09
-443828.29,-1172330.66,370.91
-443832.19,-1172330.48,371.04
-443832.46,-1172330.26,371.09
-443832.65,-1172330.41,371.05
-443832.94,-1172330.17,371.11
-443830.61,-1172330.29,371.09
-443830.94,-1172330.43,371.03
-443831.19,-1172330.23,371.11
-443831.53,-1172330.34,371.10
-443832.02,-1172330.35,371.09
-443828.29,-1172330.55,371.02
-443828.58,-1172330.31,371.10
-443829.91,-1172330.44,371.07
-443827.88,-1172330.42,371.06
